1 19.98
2 20.01
3 20.14
4 20.30
5 20.39
6 20.53
7 20.62
8 20.71
9 20.82
10 20.93
11 21.01
12 21.10
13 21.19
14 21.26
15 21.38
16 21.43
17 21.53
18 21.59
19 21.67
20 21.77
21 21.82
22 21.86
23 21.95
24 22.01
25 22.06
26 22.13
27 22.20
28 22.25
29 22.33
30 22.39
31 22.44
32 22.49
33 22.56
34 22.62
35 22.67
36 22.68
37 22.71
38 22.79
39 22.84
40 22.86
41 22.91
42 22.94
43 23.01
44 23.07
45 23.08
46 23.10
47 23.12
48 23.18
49 23.22
50 23.28
51 23.36
52 23.46
53 23.77
54 24.67
55 25.16
56 25.57
57 26.63
58 27.91
59 29.33
60 30.32
61 30.99
62 31.37
63 31.53
64 31.79
65 32.17
66 32.41
67 32.67
68 33.04
69 33.27
70 33.51
71 35.03
72 37.32
73 38.97
74 39.84
75 40.52
76 40.94
77 41.30
78 41.80
79 42.35
80 42.79
81 43.24
82 43.72
83 44.12
84 44.44
85 44.76
86 45.16
87 45.47
88 45.69
89 45.95
90 46.09
91 46.31
92 46.48
93 46.61
94 46.82
95 46.92
96 47.02
97 47.22
98 47.34
99 47.51
100 47.61
101 47.78
102 47.86
103 48.00
104 48.10
105 48.31
106 48.46
107 48.63
108 48.78
109 48.89
110 49.15
111 49.29
112 49.48
113 49.63
114 49.70
115 49.87
116 50.12
117 50.08
118 50.32
119 50.49
120 50.59
121 50.73
122 50.89
123 50.97
124 51.06
125 51.20
126 51.28
127 51.43
128 51.55
129 51.62
130 51.75
131 51.86
132 51.96
133 51.98
134 52.11
135 52.17
136 52.33
137 52.33
138 52.49
139 52.58
140 52.61
141 52.76
142 52.78
143 52.92
144 53.02
145 53.09
146 53.18
147 53.20
148 53.30
149 53.32
150 53.39
151 53.50
152 53.52
153 53.62
154 53.76
155 53.86
156 53.83
157 53.82
158 53.93
159 54.00
160 54.09
161 54.15
162 54.15
163 54.17
164 54.34
165 54.30
166 54.40
167 54.43
168 54.48
169 54.58
170 54.70
171 54.58
172 54.66
173 54.72
174 54.83
175 54.85
176 54.85
177 54.80
178 54.99
179 55.11
180 55.03
181 55.06
182 55.21
183 55.24
184 55.31
185 55.32
186 55.25
187 55.34
188 55.38
189 55.44
190 55.49
191 55.43
192 55.57
193 55.62
194 55.64
195 55.72
196 55.63
197 55.68
198 55.78
199 55.83
200 55.76
201 55.92
202 55.90
203 55.94
204 56.05
205 56.05
206 56.06
207 56.11
208 56.15
209 56.01
210 56.22
211 56.20
212 56.26
213 56.29
214 56.30
215 56.28
216 56.38
217 56.43
218 56.44
219 56.38
220 56.43
221 56.46
222 56.54
223 56.55
224 56.59
225 56.58
226 56.67
227 56.66
228 56.71
229 56.64
230 56.63
231 56.72
232 56.73
233 56.87
234 56.78
235 56.86
236 56.87
237 56.81
238 56.97
239 57.03
240 56.94
241 56.91
242 56.90
243 57.10
244 57.10
245 57.01
246 57.08
247 57.11
248 57.12
249 57.19
250 57.08
251 57.20
252 57.17
253 57.31
254 57.34
255 57.29
256 57.34
257 57.31
258 57.38
259 57.24
260 57.33
261 57.35
262 57.46
263 57.45
264 57.40
265 57.48
266 57.53
267 57.48
268 57.50
269 57.53
270 57.60
271 57.61
272 57.53
273 57.60
274 57.59
275 57.62
276 57.74
277 57.71
278 57.72
279 57.80
280 57.73
281 57.81
282 57.81
283 57.72
284 57.79
285 57.88
286 57.85
287 57.77
288 57.89
289 57.86
290 57.81
291 57.84
292 57.88
293 57.89
294 57.95
295 57.91
296 57.97
297 57.96
298 58.02
299 57.94
300 58.01
301 58.03
302 58.00
303 58.15
304 58.08
305 58.09
306 58.09
307 58.11
308 58.09
309 58.06
310 57.98
311 58.07
312 58.23
313 58.07
314 58.14
315 58.18
316 58.24
317 58.16
318 58.13
319 58.21
320 58.20
321 58.15
322 58.19
323 58.31
324 58.27
325 58.31
326 58.24
327 58.32
328 58.27
329 58.36
330 58.35
331 58.30
332 58.45
333 58.32
334 58.41
335 58.39
336 58.27
337 58.35
338 58.38
339 58.36
340 58.42
341 58.42
342 58.50
343 58.41
344 58.46
345 58.51
346 58.48
347 58.52
348 58.51
349 58.46
350 58.56
351 58.53
352 58.54
353 58.57
354 58.58
355 58.60
356 58.60
357 58.55
358 58.60
359 58.53
360 58.62
361 58.57
362 58.56
363 58.57
364 58.65
365 58.70
366 58.66
367 58.63
368 58.68
369 58.64
370 58.69
371 58.57
372 58.79
373 58.75
374 58.79
375 58.77
376 58.80
377 58.65
378 58.73
379 58.73
380 58.78
381 58.76
382 58.75
383 58.78
384 58.77
385 58.86
386 58.89
387 58.83
388 58.83
389 58.86
390 58.92
391 58.80
392 58.77
393 58.83
394 58.83
395 58.71
396 58.85
397 58.90
398 58.91
399 58.93
400 58.87
401 58.83
402 58.87
403 58.88
404 58.95
405 58.82
406 58.82
407 58.87
408 58.91
409 58.97
410 59.05
411 58.96
412 59.02
413 59.09
414 58.98
415 58.88
416 58.90
417 58.89
418 59.04
419 59.02
420 58.97
421 58.95
422 59.04
423 59.02
424 58.98
425 58.99
426 58.97
427 58.94
428 59.04
429 58.98
430 58.98
431 59.00
432 59.16
433 59.11
434 59.02
435 59.09
436 59.07
437 59.05
438 59.05
439 59.05
440 59.13
441 59.11
442 59.10
443 59.20
444 59.05
445 59.17
446 59.09
447 59.13
448 59.09
449 59.13
450 59.12
451 59.18
452 59.15
453 59.05
454 59.15
455 59.17
456 59.12
457 59.09
458 59.05
459 59.14
460 59.24
461 59.16
462 59.16
463 59.27
464 59.20
465 59.16
466 59.18
467 59.13
468 59.18
469 59.22
470 59.22
471 59.22
472 59.27
473 59.29
474 59.24
475 59.19
476 59.17
477 59.24
478 59.23
479 59.31
480 59.32
481 59.24
482 59.31
483 59.29
484 59.29
485 59.23
486 59.32
487 59.21
488 59.36
489 59.34
490 59.37
491 59.30
492 59.32
493 59.29
494 59.25
495 59.31
496 59.32
497 59.34
498 59.35
499 59.33
500 59.33
501 59.27
502 59.30
503 59.25
504 59.32
505 59.39
506 59.36
507 59.33
508 59.31
509 59.29
510 59.33
511 59.30
512 59.35
513 59.41
514 59.44
515 59.40
516 59.31
517 59.38
518 59.36
519 59.38
520 59.38
521 59.34
522 59.40
523 59.42
524 59.39
525 59.30
526 59.33
527 59.43
528 59.40
529 59.40
530 59.45
531 59.38
532 59.43
533 59.41
534 59.42
535 59.40
536 59.41
537 59.45
538 59.48
539 59.41
540 59.43
541 59.45
542 59.47
543 59.46
544 59.48
545 59.50
546 59.46
547 59.36
548 59.39
549 59.46
550 59.52
551 59.50
552 59.41
553 59.47
554 59.50
555 59.45
556 59.45
557 59.43
558 59.43
559 59.50
560 59.48
561 59.50
562 59.52
563 59.49
564 59.47
565 59.51
566 59.50
567 59.41
568 59.48
569 59.52
570 59.49
571 59.50
572 59.55
573 59.63
574 59.59
575 59.50
576 59.50
577 59.58
578 59.48
579 59.43
580 59.48
581 59.58
582 59.51
583 59.58
584 59.51
585 59.58
586 59.54
587 59.49
588 59.53
589 59.50
590 59.50
591 59.63
592 59.61
593 59.63
594 59.55
595 59.59
596 59.49
597 59.51
598 59.56
599 59.62
600 59.64
601 59.49
602 59.57
603 59.70
604 59.52
605 59.52
606 59.48
607 59.52
608 59.61
609 59.58
610 59.56
611 59.64
612 59.61
613 59.60
614 59.64
615 59.58
616 59.67
617 59.62
618 59.59
619 59.59
620 59.68
621 59.61
622 59.49
623 59.66
624 59.57
625 59.61
626 59.55
627 59.61
628 59.59
629 59.59
630 59.64
631 59.54
632 59.58
633 59.65
634 59.57
635 59.70
636 59.69
637 59.72
638 59.64
639 59.63
640 59.62
641 59.67
642 59.60
643 59.62
644 59.68
645 59.61
646 59.67
647 59.58
648 59.57
649 59.62
650 59.62
651 59.69
652 59.69
653 59.68
654 59.63
655 59.68
656 59.72
657 59.64
658 59.61
659 59.66
660 59.64
661 59.65
662 59.65
663 59.61
664 59.62
665 59.77
666 59.63
667 59.71
668 59.68
669 59.61
670 59.68
671 59.70
672 59.73
673 59.82
674 59.72
675 59.70
676 59.71
677 59.76
678 59.68
679 59.63
680 59.73
681 59.73
682 59.74
683 59.70
684 59.78
685 59.79
686 59.62
687 59.73
688 59.76
689 59.72
690 59.77
691 59.67
692 59.71
693 59.78
694 59.77
695 59.68
696 59.69
697 59.74
698 59.86
699 59.87
700 59.76
701 59.76
702 59.77
703 59.72
704 59.71
705 59.69
706 59.76
707 59.78
708 59.76
709 59.76
710 59.80
711 59.85
712 59.70
713 59.75
714 59.78
715 59.77
716 59.80
717 59.79
718 59.83
719 59.80
720 59.72
721 59.75
722 59.83
723 59.85
724 59.85
725 59.79
726 59.87
727 59.73
728 59.76
729 59.75
730 59.81
731 59.83
732 59.85
733 59.78
734 59.77
735 59.88
736 59.78
737 59.75
738 59.77
739 59.82
740 59.93
741 59.87
742 59.86
743 59.81
744 59.71
745 59.85
746 59.80
747 59.90
748 59.83
749 59.84
750 59.83
751 59.77
752 59.70
753 59.83
754 59.93
755 59.84
756 59.83
757 59.84
758 59.86
759 59.83
760 59.83
761 59.85
762 59.84
763 59.82
764 59.80
765 59.77
766 59.86
767 59.77
768 59.85
769 59.78
770 59.77
771 59.89
772 59.80
773 59.83
774 59.76
775 59.76
776 59.93
777 59.80
778 59.94
779 59.85
780 59.82
781 59.85
782 59.82
783 59.81
784 59.87
785 59.92
786 59.86
787 59.87
788 59.83
789 59.77
790 59.97
791 59.87
792 59.92
793 59.94
794 59.83
795 59.88
796 59.95
797 59.90
798 59.89
799 59.79
800 59.97
801 59.95
802 59.89
803 59.83
804 59.87
805 59.88
806 59.90
807 59.86
808 59.86
809 59.88
810 59.83
811 59.84
812 59.91
813 59.96
814 59.90
815 59.95
816 59.85
817 59.93
818 59.92
819 59.94
820 59.78
821 59.85
822 59.91
823 59.89
824 59.90
825 59.86
826 59.98
827 59.93
828 59.85
829 59.94
830 59.93
831 59.91
832 59.93
833 59.91
834 60.00
835 59.94
836 59.93
837 59.84
838 59.88
839 59.95
840 59.99
841 59.94
842 59.96
843 59.99
844 59.85
845 59.97
846 59.99
847 60.05
848 59.92
849 60.05
850 59.93
851 59.99
852 59.88
853 59.96
854 59.94
855 59.92
856 59.99
857 59.97
858 59.90
859 59.91
860 59.88
861 59.99
862 60.00
863 60.04
864 59.95
865 60.03
866 60.02
867 60.00
868 59.95
869 59.98
870 59.97
871 60.03
872 60.02
873 59.93
874 60.02
875 60.03
876 59.99
877 59.90
878 59.92
879 59.99
880 60.00
881 59.87
882 60.01
883 60.01
884 60.05
885 60.05
886 59.99
887 60.03
888 60.00
889 59.96
890 59.93
891 59.94
892 60.08
893 59.92
894 60.07
895 60.03
896 59.97
897 60.04
898 60.05
899 60.06
900 60.01
901 60.01
902 60.04
903 59.97
904 59.98
905 60.09
906 60.05
907 60.10
908 60.12
909 59.99
910 60.01
911 60.10
912 60.15
913 60.12
914 60.02
915 60.05
916 60.05
917 60.04
918 60.04
919 60.01
920 60.03
921 60.01
922 60.08
923 60.12
924 60.21
925 59.96
926 60.01
927 60.03
928 60.03
929 60.16
930 60.10
931 60.08
932 60.03
933 60.08
934 59.97
935 60.08
936 60.04
937 60.11
938 60.10
939 60.13
940 60.15
941 60.16
942 60.04
943 60.07
944 60.10
945 60.06
946 60.10
947 60.05
948 60.15
949 60.08
950 60.03
951 60.12
952 60.00
953 60.19
954 60.12
955 60.09
956 60.07
957 60.10
958 60.07
959 60.02
960 60.11
961 60.00
962 60.07
963 60.14
964 60.09
965 60.11
966 60.06
967 60.04
968 60.05
969 60.14
970 60.02
971 60.10
972 60.09
973 60.04
974 60.10
975 59.96
976 60.08
977 60.05
978 60.19
979 60.01
980 60.15
981 59.96
982 60.04
983 60.06
984 60.21
985 60.17
986 60.11
987 60.05
988 59.98
989 60.04
990 60.14
991 60.14
992 60.21
993 60.17
994 60.12
995 60.09
996 60.11
997 60.00
998 60.08
999 60.12
1000 60.16
1001 60.19
1002 60.16
1003 60.12
1004 60.12
1005 60.09
1006 59.99
1007 60.15
1008 60.14
1009 60.24
1010 60.10
1011 60.07
1012 60.09
1013 60.01
1014 60.05
1015 60.16
1016 60.19
1017 60.18
1018 60.10
1019 60.10
1020 60.18
1021 60.10
1022 60.14
1023 60.12
1024 60.17
1025 60.11
1026 60.09
1027 60.20
1028 60.17
1029 60.09
1030 60.12
1031 60.12
1032 60.16
1033 60.13
1034 60.14
1035 60.08
1036 60.16
1037 60.22
1038 60.16
1039 60.24
1040 60.16
1041 60.10
1042 60.07
1043 60.10
1044 60.20
1045 60.20
1046 60.17
1047 60.16
1048 60.22
1049 60.13
1050 60.11
1051 60.14
1052 60.12
1053 60.23
1054 60.10
1055 60.23
1056 60.20
1057 60.22
1058 60.17
1059 60.08
1060 60.18
1061 60.11
1062 60.15
1063 60.20
1064 60.10
1065 60.19
1066 60.17
1067 60.26
1068 60.21
1069 60.17
1070 60.21
1071 60.22
1072 60.20
1073 60.25
1074 60.21
1075 60.26
1076 60.12
1077 60.11
1078 60.18
1079 60.16
1080 60.24
1081 60.21
1082 60.23
1083 60.31
1084 60.17
1085 60.24
1086 60.30
1087 60.15
1088 60.26
1089 60.25
1090 60.26
1091 60.28
1092 60.32
1093 60.17
1094 60.11
1095 60.32
1096 60.23
1097 60.14
1098 60.28
1099 60.27
1100 60.30
1101 60.25
1102 60.24
1103 60.17
1104 60.14
1105 60.24
1106 60.30
1107 60.30
1108 60.32
1109 60.34
1110 60.27
1111 60.27
1112 60.24
1113 60.18
1114 60.23
1115 60.22
1116 60.30
1117 60.33
1118 60.24
1119 60.17
1120 60.36
1121 60.26
1122 60.24
1123 60.29
1124 60.29
1125 60.29
1126 60.27
1127 60.17
1128 60.26
1129 60.25
1130 60.21
1131 60.16
1132 60.25
1133 60.33
1134 60.28
1135 60.27
1136 60.30
1137 60.17
1138 60.28
1139 60.27
1140 60.26
1141 60.38
1142 60.32
1143 60.21
1144 60.29
1145 60.34
1146 60.27
1147 60.24
1148 60.30
1149 60.37
1150 60.41
1151 60.20
1152 60.36
1153 60.28
1154 60.30
1155 60.30
1156 60.30
1157 60.38
1158 60.34
1159 60.28
1160 60.30
1161 60.31
1162 60.28
1163 60.28
1164 60.29
1165 60.33
1166 60.34
1167 60.24
1168 60.27
1169 60.31
1170 60.30
1171 60.28
1172 60.33
1173 60.36
1174 60.29
1175 60.25
1176 60.32
1177 60.32
1178 60.32
1179 60.35
1180 60.32
1181 60.38
1182 60.32
1183 60.33
1184 60.32
1185 60.38
1186 60.30
1187 60.34
1188 60.37
1189 60.32
1190 60.27
1191 60.45
1192 60.41
1193 60.35
1194 60.38
1195 60.42
1196 60.30
1197 60.31
1198 60.25
1199 60.35
1200 60.38
1201 60.43
1202 60.36
1203 60.36
1204 60.34
1205 60.34
1206 60.30
1207 60.39
1208 60.46
1209 60.42
1210 60.38
1211 60.41
1212 60.38
1213 60.33
1214 60.19
1215 60.39
1216 60.44
1217 60.36
1218 60.30
1219 60.30
1220 60.36
1221 60.28
1222 60.38
1223 60.30
1224 60.36
1225 60.38
1226 60.37
1227 60.35
1228 60.40
1229 60.31
1230 60.34
1231 60.34
1232 60.38
1233 60.48
1234 60.32
1235 60.31
1236 60.38
1237 60.42
1238 60.33
1239 60.31
1240 60.44
1241 60.44
1242 60.32
1243 60.38
1244 60.34
1245 60.39
1246 60.35
1247 60.32
1248 60.38
1249 60.43
1250 60.37
1251 60.43
1252 60.40
1253 60.44
1254 60.28
1255 60.35
1256 60.36
1257 60.41
1258 60.48
1259 60.34
1260 60.46
1261 60.42
1262 60.45
1263 60.27
1264 60.36
1265 60.45
1266 60.53
1267 60.34
1268 60.56
1269 60.41
1270 60.29
1271 60.41
1272 60.44
1273 60.38
1274 60.43
1275 60.36
1276 60.43
1277 60.38
1278 60.37
1279 60.43
1280 60.46
1281 60.42
1282 60.30
1283 60.28
1284 60.10
1285 59.97
1286 59.68
1287 59.43
1288 59.08
1289 58.65
1290 58.18
1291 57.53
1292 56.82
1293 56.28
1294 55.62
1295 54.93
1296 54.37
1297 53.76
1298 52.99
1299 52.21
1300 51.59
1301 50.88
1302 50.20
1303 49.60
1304 48.95
1305 48.28
1306 47.56
1307 46.87
1308 46.27
1309 45.45
1310 44.54
1311 43.71
1312 42.81
1313 41.90
1314 41.04
1315 40.42
1316 39.89
1317 39.53
1318 39.19
1319 38.67
1320 38.26
1321 37.78
1322 37.29
1323 36.87
1324 36.30
1325 35.85
1326 35.38
1327 34.97
1328 34.64
1329 34.15
1330 33.73
