1 16.96
2 16.43
3 15.72
4 15.07
5 14.42
6 13.79
7 13.22
8 12.64
9 12.11
10 11.59
11 11.11
12 10.56
13 10.16
14 9.72
15 9.31
16 8.89
17 8.57
18 8.13
19 7.79
20 7.50
21 7.08
22 6.85
23 6.57
24 6.28
25 5.99
26 5.71
27 6.24
28 6.95
29 9.65
30 11.60
31 23.60
32 40.57
33 51.65
34 56.85
35 58.63
36 59.52
37 59.54
38 59.74
39 59.78
40 59.83
41 59.90
42 59.92
43 59.90
44 59.93
45 59.84
46 59.73
47 59.81
48 59.85
49 60.04
50 59.85
51 59.77
52 59.74
53 59.77
54 59.66
55 59.67
56 59.74
57 59.72
58 59.71
59 59.68
60 59.74
61 59.59
62 59.47
63 59.56
64 59.56
65 59.58
66 59.62
67 59.29
68 59.45
69 59.34
70 59.25
71 59.20
72 59.23
73 59.20
74 59.22
75 59.14
76 59.03
77 59.11
78 59.05
79 59.12
80 58.97
81 58.97
82 58.97
83 58.99
84 58.89
85 58.93
86 58.79
87 58.82
88 58.86
89 58.80
90 58.79
91 58.82
92 58.70
93 58.77
94 58.80
95 58.77
96 58.86
97 58.84
98 58.78
99 58.69
100 58.77
101 58.59
102 58.74
103 58.70
104 58.74
105 58.70
106 58.65
107 58.66
108 58.74
109 58.52
110 58.63
111 58.64
112 58.76
113 58.74
114 58.65
115 58.64
116 58.61
117 58.66
118 58.68
119 58.71
120 58.69
121 58.65
122 58.58
123 58.74
124 58.70
125 58.75
126 58.58
127 58.67
128 58.69
129 58.66
130 58.68
131 58.61
132 58.75
133 58.68
134 58.64
135 58.68
136 58.68
137 58.66
138 58.66
139 58.57
140 58.57
141 58.67
142 58.64
143 58.61
144 58.63
145 58.69
146 58.61
147 58.60
148 58.55
149 58.70
150 58.67
151 58.66
152 58.64
153 58.64
154 58.52
155 58.66
156 58.67
157 58.70
158 58.66
159 58.58
160 58.71
161 58.76
162 58.61
163 58.59
164 58.71
165 58.62
166 58.70
167 58.75
168 58.63
169 58.71
170 58.70
171 58.51
172 58.63
173 58.57
174 58.63
175 58.54
176 58.66
177 58.64
178 58.69
179 58.69
180 58.49
181 58.48
182 58.60
183 58.61
184 58.72
185 58.65
186 58.67
187 58.66
188 58.47
189 58.72
190 58.67
191 58.67
192 58.67
193 58.64
194 58.72
195 58.68
196 58.67
197 58.66
198 58.64
199 58.68
200 58.53
201 58.59
202 58.73
203 58.75
204 58.73
205 58.63
206 58.54
207 58.72
208 58.57
209 58.61
210 58.68
211 58.77
212 58.66
213 58.67
214 58.68
215 58.64
216 58.72
217 58.72
218 58.63
219 58.73
220 58.75
221 58.73
222 58.71
223 58.77
224 58.53
225 58.63
226 58.70
227 58.84
228 58.67
229 58.79
230 58.85
231 58.70
232 58.72
233 58.68
234 58.77
235 58.54
236 58.65
237 58.84
238 58.77
239 58.73
240 58.74
241 58.94
242 58.69
243 58.71
244 58.81
245 58.75
246 58.78
247 58.57
248 58.79
249 58.81
250 58.74
251 58.79
252 58.75
253 58.86
254 58.73
255 58.76
256 58.67
257 58.77
258 58.72
259 58.76
260 58.81
261 58.85
262 58.95
263 58.86
264 58.76
265 58.71
266 58.87
267 58.89
268 58.68
269 58.74
270 58.88
271 58.84
272 58.97
273 58.75
274 58.84
275 58.83
276 58.84
277 58.94
278 58.78
279 58.86
280 58.91
281 58.79
282 58.92
283 58.73
284 58.75
285 58.79
286 58.88
287 58.82
288 59.03
289 58.86
290 58.89
291 58.80
292 58.80
293 58.87
294 58.92
295 58.84
296 58.88
297 58.83
298 58.76
299 58.88
300 58.89
301 58.87
302 58.89
303 59.00
304 58.87
305 58.93
306 58.88
307 58.91
308 58.73
309 58.81
310 58.91
311 58.85
312 58.87
313 58.96
314 58.98
315 58.80
316 58.85
317 58.90
318 58.80
319 59.01
320 58.98
321 58.85
322 58.91
323 58.92
324 58.88
325 59.01
326 59.11
327 58.84
328 58.96
329 58.94
330 58.93
331 59.08
332 58.85
333 58.97
334 59.02
335 58.96
336 58.98
337 59.00
338 59.08
339 59.07
340 58.94
341 58.97
342 59.11
343 59.02
344 59.02
345 58.93
346 59.05
347 59.07
348 58.88
349 58.89
350 59.04
351 59.02
352 59.01
353 59.05
354 59.05
355 59.02
356 59.09
357 58.93
358 59.02
359 59.14
360 59.07
361 59.15
362 59.05
363 58.98
364 59.15
365 59.07
366 58.97
367 58.95
368 59.10
369 59.17
370 59.03
371 59.16
372 59.16
373 59.08
374 59.04
375 59.17
376 59.05
377 59.04
378 59.09
379 59.09
380 59.05
381 58.98
382 59.08
383 59.13
384 59.17
385 59.05
386 59.05
387 59.13
388 59.15
389 59.20
390 59.11
391 59.14
392 59.17
393 59.13
394 59.08
395 59.08
396 59.08
397 59.26
398 59.11
399 59.21
400 59.18
401 59.08
402 59.08
403 59.10
404 59.18
405 59.21
406 59.14
407 59.23
408 59.10
409 59.07
410 59.13
411 59.27
412 59.24
413 59.28
414 59.22
415 59.19
416 59.23
417 59.11
418 59.15
419 59.18
420 59.17
421 59.31
422 59.28
423 59.30
424 59.17
425 59.25
426 59.22
427 59.31
428 59.27
429 59.18
430 59.18
431 59.26
432 59.23
433 59.15
434 59.30
435 59.19
436 59.22
437 59.23
438 59.22
439 59.37
440 59.23
441 59.24
442 59.16
443 59.36
444 59.35
445 59.26
446 59.22
447 59.34
448 59.22
449 59.19
450 59.29
451 59.23
452 59.38
453 59.27
454 59.25
455 59.36
456 59.32
457 59.36
458 59.31
459 59.20
460 59.34
461 59.47
462 59.43
463 59.23
464 59.38
465 59.29
466 59.34
467 59.23
468 59.41
469 59.25
470 59.31
471 59.29
472 59.50
473 59.38
474 59.31
475 59.40
476 59.21
477 59.29
478 59.35
479 59.33
480 59.36
481 59.34
482 59.30
483 59.31
484 59.34
485 59.37
486 59.35
487 59.44
488 59.27
489 59.45
490 59.33
491 59.27
492 59.39
493 59.29
494 59.38
495 59.46
496 59.41
497 59.37
498 59.40
499 59.37
500 59.48
501 59.49
502 59.45
503 59.38
504 59.47
505 59.43
506 59.39
507 59.37
508 59.40
509 59.41
510 59.42
511 59.59
512 59.37
513 59.57
514 59.46
515 59.33
516 59.45
517 59.45
518 59.50
519 59.49
520 59.44
521 59.40
522 59.40
523 59.43
524 59.40
525 59.56
526 59.46
527 59.33
528 59.45
529 59.43
530 59.43
531 59.51
532 59.41
533 59.48
534 59.29
535 59.41
536 59.51
537 59.47
538 59.45
539 59.49
540 59.56
541 59.54
542 59.32
543 59.44
544 59.61
545 59.49
546 59.47
547 59.52
548 59.45
549 59.41
550 59.41
551 59.48
552 59.53
553 59.50
554 59.53
555 59.64
556 59.34
557 59.34
558 59.39
559 59.59
560 59.46
561 59.56
562 59.49
563 59.46
564 59.33
565 59.56
566 59.59
567 59.54
568 59.48
569 59.49
570 59.36
571 59.35
572 59.49
573 59.64
574 59.67
575 59.45
576 59.40
577 59.52
578 59.56
579 59.42
580 59.55
581 59.54
582 59.56
583 59.48
584 59.41
585 59.60
586 59.55
587 59.51
588 59.65
589 59.52
590 59.58
591 59.59
592 59.56
593 59.54
594 59.52
595 59.54
596 59.58
597 59.51
598 59.44
599 59.50
600 59.52
601 59.60
602 59.70
603 59.47
604 59.54
605 59.49
606 59.50
607 59.63
608 59.61
609 59.56
610 59.57
611 59.48
612 59.62
613 59.58
614 59.49
615 59.58
616 59.57
617 59.54
618 59.38
619 59.59
620 59.56
621 59.49
622 59.65
623 59.64
624 59.70
625 59.58
626 59.59
627 59.59
628 59.55
629 59.53
630 59.56
631 59.68
632 59.58
633 59.52
634 59.58
635 59.57
636 59.76
637 59.54
638 59.66
639 59.52
640 59.55
641 59.62
642 59.65
643 59.60
644 59.56
645 59.61
646 59.58
647 59.49
648 59.60
649 59.58
650 59.62
651 59.55
652 59.59
653 59.50
654 59.63
655 59.65
656 59.66
657 59.61
658 59.51
659 59.63
660 59.59
661 59.62
662 59.66
663 59.70
664 59.65
665 59.59
666 59.58
667 59.59
668 59.61
669 59.72
670 59.63
671 59.62
672 59.62
673 59.64
674 59.65
675 59.66
676 59.72
677 59.61
678 59.67
679 59.61
680 59.68
681 59.69
682 59.67
683 59.61
684 59.59
685 59.48
686 59.53
687 59.62
688 59.62
689 59.59
690 59.44
691 59.31
692 59.29
693 59.25
694 58.54
695 57.48
696 56.44
697 52.83
698 47.75
699 43.54
700 41.89
701 40.58
702 39.57
703 38.48
704 37.31
705 36.32
706 35.29
707 34.28
708 33.39
709 32.49
710 31.70
711 30.87
712 30.07
713 29.42
714 28.65
715 27.92
716 27.14
717 26.47
718 25.86
719 25.11
720 24.44
721 23.83
722 23.24
723 22.57
724 21.93
725 21.38
726 20.75
727 20.21
728 19.63
729 19.05
730 18.48
731 17.93
732 17.41
733 16.98
734 16.40
735 15.96
736 15.40
737 14.91
738 14.44
739 13.99
740 13.62
741 13.21
742 12.82
743 12.52
744 12.10
745 11.71
746 11.34
747 11.00
748 10.59
749 10.29
750 9.88
