1 7.37
2 7.34
3 7.47
4 7.49
5 7.43
6 7.36
7 7.35
8 7.45
9 7.40
10 7.46
11 7.49
12 7.53
13 7.51
14 7.52
15 7.45
16 7.48
17 7.46
18 7.47
19 7.50
20 7.47
21 7.46
22 7.35
23 7.38
24 7.37
25 7.42
26 7.50
27 7.51
28 7.70
29 7.89
30 8.17
31 8.27
32 9.75
33 12.51
34 13.95
35 16.17
36 19.05
37 21.11
38 23.14
39 24.91
40 26.68
41 29.38
42 30.49
43 32.34
44 35.68
45 37.90
46 39.73
47 40.60
48 40.61
49 43.06
50 42.93
51 42.78
52 42.92
53 43.43
54 43.87
55 44.15
56 44.06
57 44.21
58 44.02
59 44.13
60 44.54
61 45.22
62 45.95
63 46.74
64 47.23
65 47.72
66 48.06
67 48.27
68 48.50
69 48.73
70 48.95
71 49.19
72 49.24
73 49.42
74 49.57
75 49.67
76 49.89
77 50.02
78 50.19
79 50.34
80 50.43
81 50.55
82 50.71
83 50.78
84 50.99
85 51.17
86 51.28
87 51.30
88 51.38
89 51.62
90 51.62
91 51.76
92 51.90
93 51.95
94 52.02
95 52.09
96 52.25
97 52.24
98 52.42
99 52.50
100 52.58
101 52.58
102 52.71
103 52.66
104 52.84
105 52.88
106 53.03
107 52.97
108 53.18
109 53.14
110 53.24
111 53.24
112 53.37
113 53.49
114 53.58
115 53.59
116 53.62
117 53.68
118 53.72
119 53.79
120 53.87
121 53.97
122 53.97
123 53.94
124 54.17
125 54.15
126 54.15
127 54.27
128 54.31
129 54.39
130 54.43
131 54.44
132 54.53
133 54.56
134 54.63
135 54.68
136 54.74
137 54.70
138 54.73
139 54.85
140 54.85
141 54.94
142 54.95
143 54.97
144 55.04
145 55.18
146 55.12
147 55.14
148 55.19
149 55.20
150 55.27
151 55.36
152 55.41
153 55.34
154 55.42
155 55.44
156 55.46
157 55.59
158 55.63
159 55.64
160 55.69
161 55.70
162 55.69
163 55.77
164 55.85
165 55.86
166 55.94
167 55.93
168 56.08
169 55.99
170 56.02
171 56.16
172 56.15
173 56.19
174 56.17
175 56.24
176 56.20
177 56.25
178 56.38
179 56.35
180 56.36
181 56.32
182 56.36
183 56.43
184 56.43
185 56.41
186 56.48
187 56.54
188 56.67
189 56.60
190 56.73
191 56.55
192 56.65
193 56.69
194 56.73
195 56.74
196 56.72
197 56.82
198 56.81
199 56.80
200 56.77
201 56.84
202 56.95
203 56.89
204 56.99
205 56.98
206 56.90
207 57.01
208 57.03
209 57.12
210 57.16
211 57.10
212 57.10
213 57.13
214 57.15
215 57.10
216 57.16
217 57.17
218 57.29
219 57.38
220 57.24
221 57.28
222 57.30
223 57.29
224 57.34
225 57.41
226 57.38
227 57.43
228 57.41
229 57.45
230 57.43
231 57.51
232 57.54
233 57.48
234 57.59
235 57.50
236 57.58
237 57.58
238 57.60
239 57.55
240 57.65
241 57.66
242 57.67
243 57.68
244 57.60
245 57.68
246 57.69
247 57.71
248 57.73
249 57.71
250 57.80
251 57.82
252 57.76
253 57.90
254 57.92
255 57.79
256 57.86
257 57.93
258 57.84
259 57.91
260 57.86
261 57.93
262 57.94
263 57.92
264 57.93
265 58.00
266 58.03
267 58.00
268 57.93
269 58.01
270 58.10
271 58.06
272 58.01
273 58.09
274 58.10
275 58.12
276 58.08
277 58.06
278 58.11
279 58.14
280 58.09
281 58.15
282 58.21
283 58.17
284 58.17
285 58.18
286 58.18
287 58.29
288 58.22
289 58.28
290 58.24
291 58.24
292 58.24
293 58.29
294 58.31
295 58.32
296 58.29
297 58.38
298 58.41
299 58.36
300 58.34
301 58.31
302 58.35
303 58.38
304 58.44
305 58.38
306 58.29
307 58.37
308 58.28
309 58.37
310 58.42
311 58.40
312 58.44
313 58.41
314 58.40
315 58.41
316 58.43
317 58.47
318 58.54
319 58.56
320 58.48
321 58.58
322 58.43
323 58.51
324 58.43
325 58.59
326 58.55
327 58.59
328 58.47
329 58.67
330 58.57
331 58.57
332 58.53
333 58.59
334 58.64
335 58.58
336 58.61
337 58.69
338 58.59
339 58.54
340 58.69
341 58.64
342 58.63
343 58.78
344 58.62
345 58.63
346 58.68
347 58.69
348 58.62
349 58.66
350 58.67
351 58.70
352 58.72
353 58.77
354 58.72
355 58.75
356 58.76
357 58.66
358 58.75
359 58.75
360 58.78
361 58.77
362 58.78
363 58.79
364 58.80
365 58.78
366 58.75
367 58.80
368 58.74
369 58.82
370 58.82
371 58.81
372 58.88
373 58.77
374 58.79
375 58.77
376 58.78
377 58.80
378 58.83
379 58.84
380 58.93
381 58.89
382 58.84
383 58.79
384 58.89
385 58.90
386 58.88
387 58.91
388 58.93
389 58.95
390 58.85
391 58.88
392 58.93
393 58.96
394 58.91
395 58.91
396 58.91
397 59.07
398 58.94
399 58.86
400 58.99
401 58.96
402 59.07
403 58.93
404 59.00
405 58.96
406 59.00
407 59.01
408 58.97
409 59.05
410 59.00
411 58.97
412 58.99
413 59.04
414 58.95
415 58.99
416 58.96
417 59.02
418 59.10
419 59.07
420 59.04
421 58.98
422 59.09
423 58.96
424 59.08
425 59.05
426 59.03
427 59.09
428 59.04
429 59.09
430 59.13
431 59.19
432 59.04
433 59.04
434 59.07
435 59.07
436 59.07
437 59.02
438 59.04
439 59.07
440 59.07
441 59.04
442 59.06
443 59.07
444 59.06
445 59.13
446 59.13
447 59.15
448 59.16
449 59.11
450 59.13
451 59.00
452 59.14
453 59.04
454 59.15
455 59.14
456 59.15
457 59.14
458 59.15
459 59.11
460 59.13
461 59.10
462 59.17
463 59.19
464 59.21
465 59.14
466 59.15
467 59.19
468 59.18
469 59.06
470 59.15
471 59.22
472 59.19
473 59.16
474 59.14
475 59.20
476 59.14
477 59.17
478 59.16
479 59.28
480 59.21
481 59.20
482 59.20
483 59.18
484 59.23
485 59.18
486 59.29
487 59.28
488 59.25
489 59.33
490 59.20
491 59.26
492 59.31
493 59.24
494 59.29
495 59.37
496 59.23
497 59.25
498 59.27
499 59.27
500 59.29
501 59.27
502 59.29
503 59.31
504 59.25
505 59.28
506 59.26
507 59.29
508 59.32
509 59.26
510 59.34
511 59.33
512 59.29
513 59.27
514 59.28
515 59.31
516 59.30
517 59.28
518 59.38
519 59.32
520 59.30
521 59.28
522 59.36
523 59.35
524 59.38
525 59.40
526 59.34
527 59.32
528 59.35
529 59.36
530 59.30
531 59.35
532 59.34
533 59.39
534 59.40
535 59.38
536 59.36
537 59.34
538 59.27
539 59.37
540 59.40
541 59.39
542 59.33
543 59.41
544 59.39
545 59.38
546 59.32
547 59.35
548 59.40
549 59.39
550 59.40
551 59.36
552 59.42
553 59.38
554 59.41
555 59.32
556 59.38
557 59.42
558 59.52
559 59.44
560 59.41
561 59.42
562 59.32
563 59.34
564 59.40
565 59.36
566 59.48
567 59.49
568 59.47
569 59.47
570 59.44
571 59.40
572 59.51
573 59.54
574 59.49
575 59.40
576 59.46
577 59.49
578 59.43
579 59.40
580 59.42
581 59.47
582 59.49
583 59.44
584 59.44
585 59.49
586 59.43
587 59.43
588 59.43
589 59.46
590 59.54
591 59.50
592 59.44
593 59.47
594 59.41
595 59.45
596 59.53
597 59.49
598 59.41
599 59.43
600 59.52
601 59.56
602 59.46
603 59.49
604 59.56
605 59.50
606 59.50
607 59.50
608 59.50
609 59.60
610 59.40
611 59.52
612 59.57
613 59.59
614 59.49
615 59.59
616 59.48
617 59.49
618 59.47
619 59.57
620 59.57
621 59.54
622 59.48
623 59.47
624 59.46
625 59.62
626 59.50
627 59.52
628 59.60
629 59.56
630 59.58
631 59.58
632 59.50
633 59.54
634 59.51
635 59.52
636 59.65
637 59.58
638 59.59
639 59.54
640 59.52
641 59.54
642 59.56
643 59.53
644 59.62
645 59.61
646 59.61
647 59.58
648 59.56
649 59.52
650 59.55
651 59.54
652 59.66
653 59.59
654 59.49
655 59.56
656 59.55
657 59.65
658 59.60
659 59.58
660 59.59
661 59.67
662 59.57
663 59.55
664 59.55
665 59.55
666 59.68
667 59.56
668 59.58
669 59.63
670 59.64
671 59.64
672 59.60
673 59.56
674 59.61
675 59.51
676 59.58
677 59.58
678 59.59
679 59.65
680 59.56
681 59.58
682 59.52
683 59.64
684 59.58
685 59.67
686 59.62
687 59.73
688 59.70
689 59.66
690 59.54
691 59.59
692 59.66
693 59.60
694 59.52
695 59.65
696 59.63
697 59.60
698 59.64
699 59.63
700 59.68
701 59.63
702 59.56
703 59.67
704 59.63
705 59.66
706 59.61
707 59.65
708 59.69
709 59.65
710 59.63
711 59.66
712 59.67
713 59.66
714 59.62
715 59.64
716 59.69
717 59.70
718 59.66
719 59.60
720 59.70
721 59.65
722 59.69
723 59.67
724 59.61
725 59.66
726 59.58
727 59.67
728 59.70
729 59.68
730 59.70
731 59.76
732 59.70
733 59.72
734 59.72
735 59.71
736 59.74
737 59.74
738 59.77
739 59.79
740 59.67
741 59.73
742 59.68
743 59.62
744 59.65
745 59.73
746 59.70
747 59.76
748 59.66
749 59.74
750 59.68
751 59.72
752 59.72
753 59.64
754 59.72
755 59.75
756 59.71
757 59.73
758 59.81
759 59.74
760 59.72
761 59.85
762 59.68
763 59.75
764 59.74
765 59.81
766 59.67
767 59.71
768 59.74
769 59.73
770 59.79
771 59.77
772 59.70
773 59.74
774 59.82
775 59.82
776 59.65
777 59.78
778 59.78
779 59.82
780 59.74
781 59.79
782 59.81
783 59.86
784 59.83
785 59.81
786 59.78
787 59.80
788 59.77
789 59.85
790 59.79
791 59.86
792 59.87
793 59.80
794 59.76
795 59.72
796 59.76
797 59.73
798 59.81
799 59.85
800 59.77
801 59.85
802 59.81
803 59.79
804 59.82
805 59.82
806 59.81
807 59.80
808 59.83
809 59.77
810 59.85
811 59.87
812 59.76
813 59.80
814 59.80
815 59.86
816 59.83
817 59.83
818 59.81
819 59.88
820 59.88
821 59.83
822 59.86
823 59.83
824 59.83
825 59.81
826 59.82
827 59.87
828 59.80
829 59.83
830 59.89
831 59.85
832 59.89
833 59.81
834 59.76
835 59.79
836 59.79
837 59.86
838 59.83
839 59.79
840 59.89
841 59.85
842 59.91
843 59.81
844 59.76
845 59.87
846 59.80
847 59.81
848 59.81
849 59.81
850 59.88
851 59.84
852 59.78
853 59.86
854 59.82
855 59.87
856 59.79
857 59.82
858 59.87
859 59.85
860 59.93
861 59.85
862 59.78
863 59.85
864 59.95
865 59.80
866 59.85
867 59.90
868 59.88
869 59.83
870 59.84
871 59.83
872 59.88
873 59.83
874 59.86
875 59.83
876 59.92
877 59.92
878 59.81
879 59.92
880 59.83
881 59.92
882 59.87
883 59.94
884 59.84
885 59.85
886 59.90
887 59.85
888 59.96
889 59.96
890 59.92
891 59.86
892 59.82
893 59.87
894 59.87
895 59.90
896 59.88
897 59.93
898 59.94
899 59.99
900 59.91
901 59.90
902 59.88
903 59.94
904 59.93
905 59.97
906 59.89
907 59.94
908 59.95
909 59.90
910 59.87
911 59.95
912 59.87
913 59.96
914 59.96
915 59.93
916 59.87
917 59.94
918 59.94
919 59.88
920 59.86
921 59.94
922 59.90
923 59.80
924 59.92
925 59.92
926 59.97
927 59.97
928 59.90
929 59.97
930 59.94
931 59.85
932 59.90
933 59.91
934 59.96
935 59.99
936 59.93
937 59.95
938 59.84
939 59.95
940 59.92
941 59.85
942 59.96
943 59.99
944 60.05
945 59.99
946 59.98
947 60.02
948 59.98
949 59.96
950 59.96
951 60.04
952 60.06
953 59.99
954 60.04
955 59.97
956 60.03
957 59.98
958 59.95
959 59.99
960 60.00
961 60.05
962 60.00
963 60.02
964 60.05
965 59.98
966 60.03
967 59.98
968 59.97
969 60.01
970 60.07
971 60.05
972 60.01
973 60.05
974 60.08
975 59.96
976 59.93
977 59.98
978 60.00
979 60.01
980 59.97
981 60.00
982 60.07
983 59.99
984 59.98
985 59.97
986 59.95
987 59.99
988 60.03
989 59.99
990 60.08
991 60.03
992 60.02
993 60.05
994 59.98
995 59.99
996 60.07
997 59.94
998 59.99
999 60.08
1000 60.08
1001 60.08
1002 60.03
1003 60.02
1004 60.04
1005 60.08
1006 59.97
1007 59.97
1008 60.10
1009 60.07
1010 60.10
1011 60.09
1012 60.01
1013 60.03
1014 60.08
1015 60.03
1016 59.95
1017 60.05
1018 60.05
1019 60.02
1020 60.08
1021 59.99
1022 60.05
1023 60.14
1024 60.01
1025 60.03
1026 59.97
1027 60.09
1028 60.07
1029 60.04
1030 60.04
1031 60.07
1032 60.11
1033 60.06
1034 60.05
1035 60.07
1036 59.96
1037 60.00
1038 60.04
1039 60.08
1040 60.05
1041 60.10
1042 60.07
1043 60.02
1044 60.02
1045 60.03
1046 60.11
1047 60.09
1048 60.02
1049 60.01
1050 60.09
1051 60.10
1052 60.13
1053 60.11
1054 60.09
1055 60.10
1056 60.03
1057 60.07
1058 60.05
1059 60.10
1060 60.07
1061 60.19
1062 60.00
1063 60.12
1064 60.14
1065 60.12
1066 59.96
1067 60.02
1068 60.11
1069 60.07
1070 60.10
1071 60.10
1072 60.09
1073 60.14
1074 60.09
1075 60.09
1076 60.05
1077 60.00
1078 60.09
1079 60.05
1080 60.13
1081 60.10
1082 60.10
1083 60.08
1084 60.16
1085 60.04
1086 60.10
1087 60.08
1088 60.05
1089 60.12
1090 60.07
1091 60.05
1092 60.11
1093 60.19
1094 60.08
1095 60.16
1096 60.19
1097 60.08
1098 60.07
1099 60.05
1100 60.09
1101 60.12
1102 60.13
1103 60.16
1104 60.21
1105 60.20
1106 60.12
1107 60.08
1108 60.04
1109 60.08
1110 60.13
1111 60.17
1112 60.11
1113 60.16
1114 60.14
1115 60.20
1116 60.08
1117 60.12
1118 60.15
1119 60.21
1120 60.07
1121 60.16
1122 60.19
1123 60.15
1124 60.16
1125 60.17
1126 60.14
1127 60.15
1128 60.23
1129 60.12
1130 60.03
1131 60.09
1132 60.17
1133 60.19
1134 60.05
1135 60.12
1136 60.16
1137 60.22
1138 60.14
1139 60.14
1140 60.08
1141 60.17
1142 60.22
1143 60.16
1144 60.15
1145 60.15
1146 60.19
1147 60.19
1148 60.14
1149 60.16
1150 60.09
1151 60.09
1152 60.16
1153 60.08
1154 60.12
1155 60.17
1156 60.16
1157 60.23
1158 60.21
1159 60.24
1160 60.19
1161 60.24
1162 60.25
1163 60.14
1164 60.12
1165 60.20
1166 60.25
1167 60.25
1168 60.29
1169 60.22
1170 60.17
1171 60.19
1172 60.25
1173 60.23
1174 60.24
1175 60.13
1176 60.23
1177 60.21
1178 60.26
1179 60.24
1180 60.28
1181 60.21
1182 60.24
1183 60.21
1184 60.24
1185 60.23
1186 60.30
1187 60.17
1188 60.17
1189 60.24
1190 60.27
1191 60.18
1192 60.16
1193 60.17
1194 60.30
1195 60.19
1196 60.25
1197 60.23
1198 60.25
1199 60.33
1200 60.25
1201 60.37
1202 60.27
1203 60.26
1204 60.23
1205 60.18
1206 60.19
1207 60.27
1208 60.27
1209 60.32
1210 60.29
1211 60.29
1212 60.28
1213 60.28
1214 60.27
1215 60.24
1216 60.12
1217 60.22
1218 60.23
1219 60.20
1220 60.25
1221 60.28
1222 60.30
1223 60.24
1224 60.27
1225 60.20
1226 60.26
1227 60.32
1228 60.17
1229 60.23
1230 60.24
1231 60.32
1232 60.30
1233 60.23
1234 60.25
1235 60.28
1236 60.26
1237 60.27
1238 60.27
1239 60.26
1240 60.30
1241 60.27
1242 60.33
1243 60.29
1244 60.35
1245 60.24
1246 60.30
1247 60.32
1248 60.28
1249 60.28
1250 60.35
1251 60.34
1252 60.25
1253 60.30
1254 60.35
1255 60.28
1256 60.30
1257 60.23
1258 60.32
1259 60.32
1260 60.28
1261 60.26
1262 60.38
1263 60.33
1264 60.33
1265 60.25
1266 60.28
1267 60.32
1268 60.32
1269 60.32
1270 60.35
1271 60.44
1272 60.41
1273 60.26
1274 60.24
1275 60.35
1276 60.31
1277 60.38
1278 60.22
1279 60.30
1280 60.37
1281 60.36
1282 60.32
1283 60.23
1284 60.30
1285 60.32
1286 60.34
1287 60.33
1288 60.36
1289 60.44
1290 60.33
1291 60.29
1292 60.34
1293 60.35
1294 60.31
1295 60.19
1296 60.20
1297 60.05
1298 59.85
1299 59.59
1300 59.11
1301 58.59
1302 57.48
1303 56.03
1304 54.40
1305 52.84
1306 51.11
1307 49.44
1308 47.59
1309 46.01
1310 44.41
1311 42.81
1312 41.22
1313 39.76
1314 38.44
1315 37.04
1316 35.76
1317 34.55
1318 33.43
1319 32.38
1320 31.34
1321 30.34
1322 29.39
1323 28.50
1324 27.59
1325 26.80
1326 26.13
1327 25.37
1328 24.71
1329 24.06
1330 23.42
