1 20.80
2 20.70
3 20.68
4 20.66
5 20.63
6 20.53
7 20.53
8 20.51
9 20.47
10 20.32
11 20.30
12 20.32
13 20.24
14 20.18
15 20.14
16 20.19
17 20.15
18 20.41
19 21.12
20 23.17
21 52.37
22 70.53
23 76.01
24 78.11
25 78.67
26 78.96
27 78.99
28 79.07
29 79.10
30 79.00
31 79.00
32 78.88
33 79.00
34 79.06
35 79.05
36 78.88
37 78.96
38 78.93
39 78.93
40 78.80
41 78.70
42 78.76
43 78.65
44 78.78
45 78.55
46 78.50
47 78.47
48 78.39
49 78.52
50 78.46
51 78.35
52 78.34
53 78.35
54 78.16
55 78.15
56 78.12
57 78.02
58 78.03
59 77.95
60 78.02
61 77.92
62 77.88
63 77.68
64 77.75
65 77.67
66 77.58
67 77.58
68 77.70
69 77.63
70 77.68
71 77.54
72 77.66
73 77.63
74 77.67
75 77.56
76 77.58
77 77.69
78 77.59
79 77.57
80 77.45
81 77.60
82 77.34
83 77.43
84 77.61
85 77.53
86 77.62
87 77.43
88 77.42
89 77.55
90 77.44
91 77.59
92 77.39
93 77.46
94 77.47
95 77.49
96 77.56
97 77.57
98 77.60
99 77.48
100 77.38
101 77.48
102 77.50
103 77.54
104 77.46
105 77.58
106 77.53
107 77.48
108 77.36
109 77.51
110 77.55
111 77.46
112 77.43
113 77.49
114 77.43
115 77.44
116 77.38
117 77.29
118 77.51
119 77.45
120 77.43
121 77.43
122 77.45
123 77.33
124 77.29
125 77.48
126 77.41
127 77.47
128 77.48
129 77.46
130 77.44
131 77.33
132 77.44
133 77.30
134 77.41
135 77.35
136 77.50
137 77.48
138 77.47
139 77.41
140 77.50
141 77.40
142 77.43
143 77.35
144 77.30
145 77.31
146 77.34
147 77.35
148 77.50
149 77.49
150 77.39
151 77.42
152 77.40
153 77.53
154 77.45
155 77.39
156 77.32
157 77.45
158 77.45
159 77.36
160 77.40
161 77.42
162 77.26
163 77.43
164 77.31
165 77.39
166 77.25
167 77.37
168 77.43
169 77.37
170 77.54
171 77.39
172 77.51
173 77.49
174 77.32
175 77.40
176 77.38
177 77.32
178 77.46
179 77.27
180 77.40
181 77.56
182 77.38
183 77.32
184 77.35
185 77.38
186 77.36
187 77.45
188 77.43
189 77.42
190 77.53
191 77.61
192 77.45
193 77.45
194 77.40
195 77.41
196 77.48
197 77.48
198 77.35
199 77.50
200 77.51
201 77.51
202 77.41
203 77.41
204 77.41
205 77.48
206 77.43
207 77.55
208 77.61
209 77.54
210 77.59
211 77.38
212 77.56
213 77.62
214 77.35
215 77.34
216 77.55
217 77.39
218 77.65
219 77.63
220 77.65
221 77.55
222 77.48
223 77.42
224 77.61
225 77.60
226 77.48
227 77.65
228 77.45
229 77.65
230 77.54
231 77.62
232 77.60
233 77.42
234 77.68
235 77.50
236 77.56
237 77.65
238 77.66
239 77.55
240 77.53
241 77.43
242 77.66
243 77.63
244 77.55
245 77.73
246 77.70
247 77.47
248 77.59
249 77.62
250 77.68
251 77.79
252 77.67
253 77.61
254 77.78
255 77.57
256 77.59
257 77.55
258 77.66
259 77.66
260 77.73
261 77.54
262 77.76
263 77.73
264 77.50
265 77.61
266 77.61
267 77.63
268 77.72
269 77.72
270 77.75
271 77.67
272 77.75
273 77.53
274 77.55
275 77.65
276 77.70
277 77.69
278 77.69
279 77.72
280 77.83
281 77.64
282 77.62
283 77.70
284 77.70
285 77.76
286 77.75
287 77.78
288 77.90
289 77.69
290 77.65
291 77.70
292 77.76
293 77.62
294 77.75
295 77.84
296 77.85
297 77.70
298 77.81
299 77.95
300 77.84
301 77.70
302 77.89
303 77.97
304 77.80
305 77.67
306 77.74
307 77.87
308 78.00
309 77.79
310 77.72
311 77.87
312 77.78
313 77.72
314 77.65
315 77.80
316 77.77
317 77.91
318 77.92
319 78.00
320 77.87
321 77.81
322 77.85
323 77.77
324 77.97
325 78.09
326 77.88
327 77.95
328 78.02
329 77.79
330 77.83
331 77.94
332 77.99
333 78.03
334 78.02
335 77.88
336 78.03
337 78.00
338 77.90
339 77.80
340 77.88
341 77.97
342 77.98
343 77.97
344 77.98
345 78.11
346 78.08
347 77.93
348 77.83
349 77.92
350 77.83
351 78.00
352 77.75
353 77.96
354 78.11
355 78.15
356 77.83
357 78.01
358 77.89
359 78.12
360 78.01
361 78.12
362 78.12
363 78.15
364 78.03
365 77.98
366 77.96
367 78.03
368 78.05
369 78.12
370 78.00
371 78.18
372 78.07
373 78.02
374 77.97
375 77.95
376 78.19
377 78.03
378 78.10
379 78.10
380 78.12
381 78.06
382 78.07
383 78.14
384 77.99
385 77.92
386 77.99
387 78.04
388 78.09
389 78.20
390 78.25
391 78.04
392 78.02
393 78.23
394 78.03
395 78.06
396 78.10
397 78.10
398 78.17
399 78.17
400 78.06
401 78.12
402 78.22
403 78.20
404 78.13
405 78.05
406 78.17
407 78.12
408 78.13
409 78.17
410 78.12
411 78.20
412 78.18
413 78.18
414 78.15
415 78.20
416 78.24
417 78.15
418 78.17
419 78.26
420 78.13
421 78.10
422 78.02
423 78.21
424 78.27
425 78.32
426 78.24
427 78.17
428 78.23
429 78.31
430 78.16
431 78.17
432 78.27
433 78.20
434 78.25
435 78.25
436 78.36
437 78.18
438 78.17
439 78.27
440 78.23
441 78.32
442 78.25
443 78.35
444 78.32
445 78.35
446 78.27
447 78.28
448 78.26
449 78.34
450 78.47
451 78.30
452 78.25
453 78.27
454 78.27
455 78.15
456 78.12
457 78.18
458 78.43
459 78.26
460 78.24
461 78.32
462 78.38
463 78.26
464 78.32
465 78.22
466 78.10
467 78.21
468 78.39
469 78.45
470 78.56
471 78.59
472 78.28
473 78.38
474 78.28
475 78.35
476 78.31
477 78.24
478 78.34
479 78.43
480 78.41
481 78.35
482 78.40
483 78.32
484 78.44
485 78.27
486 78.35
487 78.42
488 78.54
489 78.41
490 78.24
491 78.32
492 78.37
493 78.31
494 78.34
495 78.28
496 78.42
497 78.40
498 78.33
499 78.34
500 78.42
501 78.58
502 78.30
503 78.43
504 78.56
505 78.38
506 78.38
507 78.41
508 78.37
509 78.46
510 78.45
511 78.37
512 78.44
513 78.40
514 78.46
515 78.47
516 78.36
517 78.48
518 78.49
519 78.39
520 78.40
521 78.35
522 78.36
523 78.49
524 78.40
525 78.65
526 78.58
527 78.54
528 78.44
529 78.49
530 78.47
531 78.53
532 78.59
533 78.41
534 78.39
535 78.46
536 78.51
537 78.53
538 78.33
539 78.26
540 78.46
541 78.53
542 78.45
543 78.50
544 78.58
545 78.48
546 78.57
547 78.29
548 78.45
549 78.52
550 78.33
551 78.37
552 78.59
553 78.56
554 78.56
555 78.57
556 78.51
557 78.56
558 78.49
559 78.47
560 78.45
561 78.48
562 78.54
563 78.55
564 78.36
565 78.44
566 78.68
567 78.47
568 78.53
569 78.55
570 78.57
571 78.69
572 78.56
573 78.52
574 78.44
575 78.67
576 78.60
577 78.47
578 78.52
579 78.56
580 78.47
581 78.51
582 78.62
583 78.51
584 78.67
585 78.52
586 78.41
587 78.46
588 78.65
589 78.60
590 78.76
591 78.54
592 78.60
593 78.72
594 78.59
595 78.63
596 78.51
597 78.64
598 78.65
599 78.46
600 78.60
601 78.75
602 78.76
603 78.58
604 78.57
605 78.58
606 78.66
607 78.55
608 78.61
609 78.57
610 78.63
611 78.72
612 78.60
613 78.54
614 78.54
615 78.63
616 78.65
617 78.43
618 78.63
619 78.73
620 78.67
621 78.63
622 78.69
623 78.57
624 78.62
625 78.54
626 78.53
627 78.65
628 78.64
629 78.66
630 78.59
631 78.75
632 78.70
633 78.75
634 78.65
635 78.58
636 78.50
637 78.77
638 78.56
639 78.76
640 78.77
641 78.72
642 78.78
643 78.88
644 78.71
645 78.58
646 78.63
647 78.82
648 78.72
649 78.56
650 78.60
651 78.78
652 78.70
653 78.60
654 78.68
655 78.65
656 78.67
657 78.57
658 78.74
659 78.66
660 78.77
661 78.80
662 78.63
663 78.60
664 78.65
665 78.72
666 78.61
667 78.64
668 78.72
669 78.86
670 78.84
671 78.76
672 78.66
673 78.77
674 78.62
675 78.73
676 78.83
677 78.75
678 78.82
679 78.80
680 78.83
681 78.77
682 78.77
683 78.80
684 78.56
685 78.75
686 78.62
687 78.77
688 78.87
689 78.85
690 78.81
691 78.84
692 78.89
693 78.66
694 78.74
695 78.71
696 78.79
697 78.64
698 78.77
699 78.74
700 78.79
701 78.75
702 78.84
703 78.70
704 78.67
705 78.82
706 78.75
707 78.70
708 78.77
709 78.80
710 78.85
711 78.81
712 78.84
713 78.73
714 78.84
715 78.76
716 78.75
717 78.84
718 78.80
719 78.79
720 78.85
721 79.01
722 78.70
723 78.94
724 78.77
725 78.75
726 78.69
727 78.88
728 78.92
729 78.94
730 78.82
731 78.78
732 78.96
733 78.74
734 78.58
735 78.85
736 78.92
737 78.88
738 78.85
739 78.77
740 78.77
741 78.88
742 78.88
743 78.73
744 78.75
745 78.95
746 78.87
747 78.94
748 78.90
749 78.90
750 79.03
751 78.77
752 78.83
753 78.87
754 78.83
755 78.90
756 78.77
757 78.79
758 78.87
759 78.82
760 78.77
761 78.77
762 78.90
763 78.86
764 78.81
765 78.93
766 79.04
767 78.85
768 78.90
769 78.75
770 78.89
771 78.82
772 78.79
773 78.92
774 78.75
775 78.82
776 79.01
777 78.79
778 78.83
779 78.92
780 78.89
781 78.85
782 78.96
783 78.97
784 78.95
785 78.83
786 78.67
787 78.87
788 78.89
789 78.85
790 78.94
791 78.94
792 78.90
793 78.96
794 78.82
795 78.82
796 78.89
797 78.90
798 78.95
799 78.92
800 78.98
801 78.96
802 78.97
803 78.85
804 78.83
805 79.00
806 78.95
807 78.78
808 78.97
809 79.00
810 78.91
811 78.94
812 78.87
813 79.05
814 78.92
815 78.85
816 78.93
817 78.91
818 78.96
819 78.94
820 78.87
821 78.83
822 79.01
823 78.97
824 78.89
825 78.91
826 79.21
827 78.91
828 78.91
829 78.85
830 79.03
831 78.94
832 79.06
833 79.00
834 78.87
835 78.96
836 78.93
837 78.91
838 79.12
839 78.87
840 78.89
841 79.05
842 78.95
843 78.92
844 78.98
845 78.89
846 79.04
847 78.97
848 78.87
849 79.00
850 78.83
851 79.05
852 79.04
853 78.94
854 78.98
855 78.90
856 78.93
857 78.84
858 79.08
859 79.01
860 79.12
861 79.10
862 78.90
863 79.12
864 79.00
865 78.93
866 78.93
867 79.07
868 79.07
869 79.06
870 79.05
871 79.06
872 79.16
873 79.08
874 78.98
875 78.90
876 79.06
877 79.20
878 79.03
879 79.17
880 79.05
881 78.96
882 78.90
883 78.92
884 79.10
885 79.08
886 79.19
887 79.04
888 79.02
889 78.92
890 79.17
891 79.11
892 79.13
893 78.93
894 78.99
895 79.08
896 79.11
897 79.03
898 79.13
899 79.08
900 79.00
901 78.96
902 79.00
903 79.18
904 79.05
905 79.18
906 79.16
907 79.07
908 79.05
909 79.10
910 78.94
911 79.07
912 79.06
913 79.08
914 79.05
915 79.15
916 79.03
917 79.09
918 79.14
919 79.03
920 79.13
921 79.02
922 79.02
923 79.27
924 79.07
925 79.11
926 79.05
927 79.25
928 79.15
929 78.97
930 79.10
931 79.20
932 79.08
933 79.18
934 79.12
935 79.05
936 79.16
937 78.92
938 78.95
939 79.17
940 79.35
941 79.15
942 79.11
943 79.04
944 79.05
945 79.05
946 79.09
947 79.09
948 79.23
949 79.21
950 79.18
951 79.13
952 79.05
953 79.14
954 79.15
955 79.18
956 79.06
957 79.21
958 79.22
959 79.04
960 78.98
961 79.12
962 79.15
963 79.20
964 79.26
965 79.13
966 79.38
967 79.26
968 79.17
969 79.02
970 79.25
971 79.15
972 79.16
973 79.22
974 79.28
975 79.20
976 79.25
977 79.18
978 79.36
979 78.99
980 79.13
981 79.20
982 79.18
983 79.31
984 79.28
985 79.23
986 79.17
987 79.16
988 79.07
989 79.05
990 79.09
991 79.28
992 79.30
993 79.12
994 79.13
995 79.27
996 79.25
997 79.30
998 79.29
999 79.27
1000 79.35
1001 79.30
1002 79.21
1003 79.43
1004 79.24
1005 79.25
1006 79.15
1007 79.23
1008 79.43
1009 79.11
1010 79.23
1011 79.10
1012 79.37
1013 79.18
1014 79.17
1015 79.10
1016 79.18
1017 79.36
1018 79.40
1019 79.23
1020 79.21
1021 79.23
1022 79.30
1023 79.12
1024 79.22
1025 79.25
1026 79.28
1027 79.27
1028 79.21
1029 79.24
1030 79.29
1031 79.23
1032 79.11
1033 79.33
1034 79.29
1035 79.37
1036 79.21
1037 79.28
1038 79.33
1039 79.30
1040 79.30
1041 79.18
1042 79.14
1043 79.21
1044 79.20
1045 79.11
1046 79.20
1047 79.31
1048 79.19
1049 79.23
1050 79.41
1051 79.33
1052 79.30
1053 79.31
1054 79.38
1055 79.24
1056 79.24
1057 79.39
1058 79.32
1059 79.17
1060 79.42
1061 79.34
1062 79.26
1063 79.20
1064 79.21
1065 79.16
1066 79.51
1067 79.40
1068 79.24
1069 79.33
1070 79.35
1071 79.45
1072 79.40
1073 79.30
1074 79.28
1075 79.35
1076 79.43
1077 79.34
1078 79.43
1079 79.51
1080 79.33
1081 79.33
1082 79.30
1083 79.30
1084 79.39
1085 79.20
1086 79.23
1087 79.53
1088 79.36
1089 79.26
1090 79.27
1091 79.30
1092 79.36
1093 79.27
1094 79.40
1095 79.33
1096 79.34
1097 79.39
1098 79.23
1099 79.23
1100 79.32
1101 79.34
1102 79.34
1103 79.41
1104 79.42
1105 79.30
1106 79.31
1107 79.41
1108 79.45
1109 79.37
1110 79.50
1111 79.34
1112 79.33
1113 79.33
1114 79.25
1115 79.29
1116 79.36
1117 79.38
1118 79.25
1119 79.30
1120 79.45
1121 79.42
1122 79.32
1123 79.35
1124 79.34
1125 79.37
1126 79.35
1127 79.40
1128 79.33
1129 79.48
1130 79.46
1131 79.34
1132 79.21
1133 79.37
1134 79.46
1135 79.33
1136 79.38
1137 79.38
1138 79.34
1139 79.43
1140 79.38
1141 79.46
1142 79.34
1143 79.38
1144 79.38
1145 79.30
1146 79.44
1147 79.53
1148 79.43
1149 79.30
1150 79.30
1151 79.40
1152 79.39
1153 79.37
1154 79.35
1155 79.41
1156 79.46
1157 79.28
1158 79.38
1159 79.41
1160 79.34
1161 79.43
1162 79.51
1163 79.49
1164 79.59
1165 79.44
1166 79.40
1167 79.41
1168 79.36
1169 79.53
1170 79.43
1171 79.49
1172 79.58
1173 79.40
1174 79.55
1175 79.34
1176 79.40
1177 79.42
1178 79.42
1179 79.48
1180 79.28
1181 79.35
1182 79.46
1183 79.35
1184 79.45
1185 79.50
1186 79.40
1187 79.37
1188 79.53
1189 79.43
1190 79.43
1191 79.48
1192 79.53
1193 79.51
1194 79.42
1195 79.50
1196 79.38
1197 79.43
1198 79.35
1199 79.53
1200 79.26
1201 79.44
1202 79.50
1203 79.53
1204 79.48
1205 79.54
1206 79.46
1207 79.43
1208 79.34
1209 79.49
1210 79.52
1211 79.40
1212 79.52
1213 79.61
1214 79.53
1215 79.43
1216 79.46
1217 79.46
1218 79.55
1219 79.43
1220 79.59
1221 79.57
1222 79.61
1223 79.54
1224 79.54
1225 79.55
1226 79.61
1227 79.51
1228 79.39
1229 79.44
1230 79.42
1231 79.53
1232 79.63
1233 79.43
1234 79.61
1235 79.63
1236 79.50
1237 79.37
1238 79.34
1239 79.48
1240 79.53
1241 79.67
1242 79.55
1243 79.58
1244 79.62
1245 79.40
1246 79.43
1247 79.44
1248 79.42
1249 79.53
1250 79.49
1251 79.53
1252 79.53
1253 79.46
1254 79.58
1255 79.60
1256 79.53
1257 79.60
1258 79.60
1259 79.30
1260 79.47
1261 79.53
1262 79.48
1263 79.53
1264 79.55
1265 79.44
1266 79.52
1267 79.45
1268 79.52
1269 79.50
1270 79.51
1271 79.58
1272 79.61
1273 79.54
1274 79.52
1275 79.58
1276 79.74
1277 79.54
1278 79.53
1279 79.58
1280 79.56
1281 79.56
1282 79.48
1283 79.67
1284 79.59
1285 79.60
1286 79.57
1287 79.45
1288 79.48
1289 79.45
1290 79.51
1291 79.59
1292 79.56
1293 79.46
1294 79.65
1295 79.69
1296 79.50
1297 79.40
1298 79.65
1299 79.46
1300 79.62
1301 79.48
1302 79.51
1303 79.69
1304 79.68
1305 79.48
1306 79.69
1307 79.65
1308 79.56
1309 79.60
1310 79.55
1311 79.54
1312 79.66
1313 79.58
1314 79.53
1315 79.52
1316 79.51
1317 79.63
1318 79.50
1319 79.50
1320 79.61
1321 79.80
1322 79.51
1323 79.53
1324 79.66
1325 79.67
1326 79.63
1327 79.55
1328 79.62
1329 79.57
1330 79.67
1331 79.71
1332 79.80
1333 79.64
1334 79.69
1335 79.59
1336 79.51
1337 79.49
1338 79.53
1339 79.60
1340 79.65
1341 79.68
1342 79.60
1343 79.63
1344 79.69
1345 79.51
1346 79.60
1347 79.61
1348 79.58
1349 79.64
1350 79.58
1351 79.70
1352 79.70
1353 79.68
1354 79.74
1355 79.47
1356 79.48
1357 79.57
1358 79.61
1359 79.69
1360 79.52
1361 79.65
1362 79.63
1363 79.72
1364 79.58
1365 79.74
1366 79.63
1367 79.56
1368 79.59
1369 79.58
1370 79.73
1371 79.61
1372 79.94
1373 79.69
1374 79.66
1375 79.75
1376 79.56
1377 79.63
1378 79.62
1379 79.72
1380 79.78
1381 79.74
1382 79.61
1383 79.72
1384 79.84
1385 79.75
1386 79.61
1387 79.61
1388 79.69
1389 79.76
1390 79.67
1391 79.76
1392 79.70
1393 79.65
1394 79.72
1395 79.59
1396 79.62
1397 79.69
1398 79.64
1399 79.69
1400 79.73
1401 79.82
1402 79.82
1403 79.66
1404 79.56
1405 79.91
1406 79.63
1407 79.62
1408 79.76
1409 79.69
1410 79.76
1411 79.69
1412 79.68
1413 79.61
1414 79.76
1415 79.76
1416 79.61
1417 79.53
1418 79.69
1419 79.66
1420 79.65
1421 79.89
1422 79.70
1423 79.86
1424 79.76
1425 79.63
1426 79.64
1427 79.62
1428 79.77
1429 79.84
1430 79.79
1431 79.71
1432 79.69
1433 79.98
1434 79.68
1435 79.69
1436 79.57
1437 79.52
1438 79.65
1439 79.74
1440 79.73
1441 79.74
1442 79.71
1443 79.71
1444 79.88
1445 79.78
1446 79.68
1447 79.77
1448 79.65
1449 79.69
1450 79.71
1451 79.77
1452 79.85
1453 79.75
1454 79.68
1455 79.66
1456 79.76
1457 79.91
1458 79.82
1459 79.70
1460 79.64
1461 79.76
1462 79.78
1463 79.81
1464 79.68
1465 79.80
1466 79.78
1467 79.80
1468 79.88
1469 79.71
1470 79.72
1471 79.89
1472 79.70
1473 79.55
1474 79.71
1475 79.91
1476 79.80
1477 79.77
1478 79.61
1479 79.79
1480 79.70
1481 79.67
1482 79.83
1483 79.70
1484 79.77
1485 79.83
1486 79.84
1487 79.80
1488 79.77
1489 79.84
1490 79.76
1491 79.94
1492 79.82
1493 79.76
1494 79.79
1495 79.71
1496 79.77
1497 79.76
1498 79.82
1499 79.90
1500 79.73
1501 79.65
1502 79.71
1503 79.71
1504 79.82
1505 79.59
1506 79.71
1507 79.76
1508 79.88
1509 79.97
1510 79.72
1511 79.79
1512 79.70
1513 79.66
1514 79.71
1515 79.85
1516 79.89
1517 79.89
1518 79.84
1519 79.87
1520 79.83
1521 79.89
1522 79.86
1523 79.74
1524 79.81
1525 79.63
1526 79.74
1527 79.89
1528 79.98
1529 80.00
1530 79.92
1531 79.86
1532 79.97
1533 79.82
1534 79.84
1535 79.74
1536 79.85
1537 79.81
1538 79.77
1539 79.93
1540 79.76
1541 79.97
1542 79.70
1543 79.76
1544 79.83
1545 79.82
1546 79.80
1547 79.84
1548 79.78
1549 79.82
1550 79.89
1551 79.73
1552 79.80
1553 79.84
1554 79.84
1555 79.76
1556 79.76
1557 79.91
1558 79.92
1559 79.91
1560 79.80
1561 79.63
1562 79.85
1563 79.77
1564 79.77
1565 79.78
1566 79.78
1567 79.95
1568 79.97
1569 79.99
1570 79.79
1571 79.91
1572 79.87
1573 79.81
1574 79.76
1575 79.81
1576 79.89
1577 79.86
1578 79.99
1579 79.94
1580 79.82
1581 79.92
1582 79.99
1583 79.73
1584 79.90
1585 79.85
1586 79.78
1587 79.89
1588 79.76
1589 79.92
1590 79.85
1591 79.96
1592 79.92
1593 79.83
1594 79.75
1595 79.92
1596 79.92
1597 79.82
1598 79.85
1599 79.87
1600 79.81
1601 79.90
1602 79.89
1603 79.96
1604 79.96
1605 79.90
1606 79.92
1607 79.92
1608 79.84
1609 79.82
1610 79.82
1611 79.84
1612 79.98
1613 79.89
1614 79.96
1615 79.99
1616 79.97
1617 79.84
1618 79.61
1619 79.61
1620 79.55
1621 79.50
1622 78.46
1623 75.30
1624 64.28
1625 56.84
1626 55.17
1627 42.37
1628 36.99
1629 32.84
1630 29.62
1631 27.24
1632 25.27
1633 23.51
1634 21.96
1635 20.65
1636 19.48
1637 18.45
1638 17.44
1639 16.69
1640 15.87
1641 15.06
1642 14.41
1643 13.79
1644 13.27
1645 12.70
1646 12.23
1647 11.84
1648 11.45
1649 11.10
1650 10.69
1651 10.22
1652 9.79
1653 9.56
1654 9.27
1655 8.95
1656 8.79
1657 8.60
1658 8.27
1659 10.43
1660 10.16
1661 9.36
1662 9.03
1663 8.70
1664 8.32
1665 7.89
1666 7.54
1667 7.27
1668 6.87
1669 6.69
1670 6.35
