1 18.20
2 17.98
3 17.79
4 17.62
5 17.48
6 17.38
7 17.15
8 17.05
9 16.76
10 16.57
11 16.50
12 16.31
13 16.12
14 15.99
15 15.84
16 15.75
17 15.60
18 15.37
19 15.28
20 15.17
21 15.00
22 14.86
23 14.72
24 14.65
25 14.54
26 14.43
27 14.25
28 14.09
29 14.02
30 13.75
31 13.70
32 13.69
33 13.57
34 13.52
35 13.28
36 13.22
37 13.04
38 13.01
39 12.98
40 12.99
41 12.94
42 12.94
43 12.91
44 12.92
45 12.83
46 12.91
47 12.90
48 12.87
49 12.94
50 13.15
51 13.52
52 16.70
53 31.34
54 46.75
55 53.20
56 56.41
57 57.60
58 58.15
59 58.38
60 58.48
61 58.48
62 58.52
63 58.53
64 58.50
65 58.57
66 58.44
67 58.48
68 58.55
69 58.56
70 58.41
71 58.48
72 58.49
73 58.39
74 58.40
75 58.34
76 58.40
77 58.40
78 58.32
79 58.32
80 58.25
81 58.22
82 58.25
83 58.23
84 58.16
85 58.24
86 58.11
87 58.02
88 58.04
89 58.19
90 58.06
91 58.02
92 58.01
93 57.94
94 57.95
95 57.93
96 57.79
97 57.75
98 57.72
99 57.67
100 57.66
101 57.71
102 57.64
103 57.63
104 57.54
105 57.41
106 57.48
107 57.48
108 57.46
109 57.39
110 57.38
111 57.36
112 57.32
113 57.46
114 57.20
115 57.13
116 57.00
117 57.19
118 57.18
119 57.23
120 56.94
121 56.94
122 56.96
123 56.93
124 56.88
125 56.79
126 56.77
127 56.85
128 56.74
129 56.80
130 56.82
131 56.71
132 56.87
133 56.63
134 56.74
135 56.67
136 56.65
137 56.72
138 56.67
139 56.69
140 56.76
141 56.74
142 56.62
143 56.67
144 56.67
145 56.65
146 56.72
147 56.63
148 56.67
149 56.73
150 56.70
151 56.75
152 56.71
153 56.66
154 56.64
155 56.59
156 56.68
157 56.56
158 56.71
159 56.58
160 56.81
161 56.67
162 56.76
163 56.66
164 56.58
165 56.60
166 56.70
167 56.73
168 56.72
169 56.65
170 56.71
171 56.72
172 56.71
173 56.60
174 56.58
175 56.57
176 56.60
177 56.89
178 56.66
179 56.60
180 56.74
181 56.77
182 56.70
183 56.64
184 56.64
185 56.57
186 56.74
187 56.70
188 56.67
189 56.60
190 56.65
191 56.82
192 56.66
193 56.80
194 56.69
195 56.66
196 56.70
197 56.55
198 56.49
199 56.68
200 56.63
201 56.74
202 56.73
203 56.74
204 56.71
205 56.74
206 56.80
207 56.63
208 56.65
209 56.63
210 56.65
211 56.67
212 56.74
213 56.80
214 56.74
215 56.64
216 56.62
217 56.80
218 56.69
219 56.67
220 56.64
221 56.66
222 56.67
223 56.83
224 56.74
225 56.89
226 56.61
227 56.68
228 56.75
229 56.71
230 56.72
231 56.76
232 56.70
233 56.73
234 56.67
235 56.70
236 56.86
237 56.79
238 56.74
239 56.85
240 56.86
241 56.79
242 56.88
243 56.84
244 56.89
245 56.84
246 56.80
247 56.71
248 56.69
249 56.85
250 56.74
251 56.68
252 56.86
253 56.87
254 56.92
255 56.87
256 56.77
257 56.80
258 56.86
259 56.92
260 56.80
261 56.94
262 56.87
263 56.91
264 56.91
265 56.87
266 56.82
267 56.89
268 56.87
269 56.91
270 56.97
271 56.87
272 56.89
273 56.92
274 56.84
275 56.86
276 56.96
277 56.86
278 56.91
279 56.96
280 56.92
281 57.01
282 57.03
283 56.84
284 57.02
285 56.98
286 56.83
287 56.87
288 56.85
289 56.98
290 56.99
291 56.98
292 56.88
293 57.03
294 57.01
295 56.96
296 56.99
297 57.03
298 57.11
299 57.04
300 57.09
301 57.09
302 57.06
303 57.02
304 56.92
305 56.99
306 57.09
307 57.03
308 57.19
309 57.21
310 57.09
311 57.15
312 56.99
313 57.03
314 56.99
315 57.11
316 57.12
317 57.06
318 57.13
319 57.14
320 57.05
321 57.08
322 57.03
323 57.13
324 57.27
325 57.13
326 57.08
327 57.20
328 57.27
329 57.19
330 56.99
331 57.11
332 57.16
333 57.19
334 57.19
335 57.12
336 57.14
337 57.08
338 57.10
339 57.23
340 57.17
341 57.27
342 57.13
343 57.31
344 57.25
345 57.22
346 57.21
347 57.15
348 57.22
349 57.31
350 57.21
351 57.25
352 57.23
353 57.27
354 57.31
355 57.26
356 57.36
357 57.38
358 57.38
359 57.32
360 57.33
361 57.16
362 57.33
363 57.34
364 57.32
365 57.40
366 57.36
367 57.42
368 57.40
369 57.13
370 57.36
371 57.29
372 57.29
373 57.47
374 57.24
375 57.41
376 57.34
377 57.29
378 57.35
379 57.53
380 57.41
381 57.30
382 57.31
383 57.39
384 57.36
385 57.43
386 57.42
387 57.48
388 57.41
389 57.55
390 57.43
391 57.43
392 57.39
393 57.38
394 57.41
395 57.46
396 57.45
397 57.46
398 57.48
399 57.57
400 57.57
401 57.55
402 57.56
403 57.56
404 57.45
405 57.46
406 57.66
407 57.55
408 57.53
409 57.38
410 57.53
411 57.52
412 57.49
413 57.59
414 57.40
415 57.71
416 57.62
417 57.61
418 57.64
419 57.56
420 57.45
421 57.54
422 57.60
423 57.67
424 57.63
425 57.64
426 57.62
427 57.67
428 57.63
429 57.59
430 57.71
431 57.76
432 57.78
433 57.73
434 57.64
435 57.60
436 57.60
437 57.69
438 57.74
439 57.69
440 57.69
441 57.79
442 57.69
443 57.60
444 57.73
445 57.78
446 57.71
447 57.62
448 57.67
449 57.67
450 57.75
451 57.68
452 57.68
453 57.83
454 57.69
455 57.78
456 57.94
457 57.67
458 57.81
459 57.76
460 57.83
461 57.89
462 57.62
463 57.72
464 57.71
465 57.74
466 57.94
467 57.78
468 57.92
469 57.83
470 57.58
471 57.83
472 57.83
473 57.88
474 57.92
475 57.93
476 57.73
477 57.83
478 57.85
479 57.86
480 57.87
481 57.79
482 57.84
483 57.77
484 57.88
485 57.92
486 57.87
487 58.00
488 57.79
489 57.83
490 57.88
491 57.80
492 57.89
493 57.99
494 58.04
495 57.92
496 57.85
497 57.90
498 57.97
499 57.87
500 58.03
501 58.01
502 57.95
503 57.78
504 57.98
505 57.95
506 57.83
507 57.97
508 58.04
509 57.94
510 57.94
511 58.00
512 58.04
513 57.96
514 58.00
515 58.06
516 58.00
517 57.86
518 57.93
519 58.01
520 58.11
521 57.94
522 57.88
523 58.00
524 57.97
525 57.87
526 58.00
527 58.18
528 58.16
529 58.15
530 58.14
531 58.07
532 58.16
533 58.18
534 58.09
535 58.02
536 58.01
537 58.02
538 58.06
539 58.18
540 58.27
541 58.18
542 58.04
543 58.15
544 58.01
545 58.10
546 58.17
547 57.97
548 58.22
549 57.92
550 58.15
551 58.12
552 58.20
553 58.09
554 58.07
555 58.15
556 58.24
557 58.14
558 58.14
559 58.17
560 58.23
561 58.10
562 58.14
563 58.32
564 58.18
565 58.25
566 58.10
567 58.16
568 58.19
569 58.05
570 58.31
571 58.38
572 58.26
573 58.29
574 58.32
575 58.22
576 58.19
577 58.26
578 58.27
579 58.41
580 58.27
581 58.37
582 58.17
583 58.19
584 58.33
585 58.35
586 58.39
587 58.22
588 58.19
589 58.19
590 58.15
591 58.20
592 58.22
593 58.42
594 58.30
595 58.29
596 58.30
597 58.25
598 58.30
599 58.23
600 58.35
601 58.22
602 58.35
603 58.25
604 58.45
605 58.27
606 58.20
607 58.26
608 58.47
609 58.29
610 58.19
611 58.28
612 58.34
613 58.40
614 58.35
615 58.37
616 58.40
617 58.30
618 58.20
619 58.42
620 58.44
621 58.40
622 58.35
623 58.48
624 58.43
625 58.36
626 58.34
627 58.34
628 58.47
629 58.43
630 58.48
631 58.53
632 58.37
633 58.36
634 58.43
635 58.53
636 58.38
637 58.34
638 58.62
639 58.36
640 58.33
641 58.50
642 58.38
643 58.41
644 58.50
645 58.39
646 58.41
647 58.40
648 58.44
649 58.43
650 58.41
651 58.44
652 58.40
653 58.31
654 58.48
655 58.44
656 58.47
657 58.47
658 58.55
659 58.54
660 58.51
661 58.51
662 58.44
663 58.57
664 58.40
665 58.56
666 58.43
667 58.54
668 58.58
669 58.44
670 58.47
671 58.50
672 58.46
673 58.47
674 58.68
675 58.63
676 58.48
677 58.50
678 58.52
679 58.43
680 58.50
681 58.50
682 58.52
683 58.52
684 58.45
685 58.54
686 58.66
687 58.54
688 58.52
689 58.66
690 58.58
691 58.54
692 58.52
693 58.46
694 58.59
695 58.61
696 58.56
697 58.61
698 58.56
699 58.53
700 58.43
701 58.51
702 58.55
703 58.61
704 58.66
705 58.58
706 58.64
707 58.51
708 58.58
709 58.61
710 58.71
711 58.66
712 58.53
713 58.62
714 58.70
715 58.54
716 58.73
717 58.53
718 58.73
719 58.74
720 58.59
721 58.70
722 58.57
723 58.59
724 58.73
725 58.67
726 58.66
727 58.59
728 58.53
729 58.44
730 58.66
731 58.54
732 58.59
733 58.59
734 58.61
735 58.56
736 58.62
737 58.49
738 58.66
739 58.60
740 58.57
741 58.66
742 58.62
743 58.64
744 58.64
745 58.62
746 58.70
747 58.68
748 58.67
749 58.72
750 58.62
751 58.69
752 58.79
753 58.55
754 58.65
755 58.74
756 58.50
757 58.57
758 58.68
759 58.71
760 58.68
761 58.77
762 58.70
763 58.66
764 58.69
765 58.84
766 58.72
767 58.85
768 58.62
769 58.61
770 58.71
771 58.59
772 58.64
773 58.79
774 58.75
775 58.66
776 58.54
777 58.70
778 58.69
779 58.68
780 58.67
781 58.72
782 58.74
783 58.62
784 58.75
785 58.80
786 58.73
787 58.72
788 58.91
789 58.58
790 58.62
791 58.77
792 58.80
793 58.74
794 58.71
795 58.73
796 58.75
797 58.71
798 58.62
799 58.84
800 58.56
801 58.63
802 58.78
803 58.72
804 58.83
805 58.78
806 58.74
807 58.70
808 58.66
809 58.87
810 58.77
811 58.65
812 58.76
813 58.76
814 58.77
815 58.66
816 58.83
817 58.76
818 58.91
819 58.77
820 58.79
821 58.80
822 58.78
823 58.71
824 58.90
825 58.79
826 58.78
827 58.86
828 58.80
829 58.77
830 58.75
831 58.75
832 58.88
833 58.77
834 58.73
835 58.79
836 58.88
837 58.74
838 58.95
839 58.93
840 58.89
841 58.73
842 58.77
843 58.84
844 58.75
845 58.69
846 58.84
847 58.78
848 58.80
849 58.79
850 58.82
851 58.94
852 58.72
853 58.91
854 58.86
855 58.86
856 58.80
857 59.01
858 58.84
859 58.81
860 58.84
861 58.68
862 58.79
863 58.85
864 58.86
865 58.82
866 58.73
867 58.86
868 58.70
869 58.82
870 58.82
871 58.85
872 58.73
873 58.74
874 58.84
875 58.73
876 58.77
877 58.84
878 58.96
879 58.79
880 58.80
881 58.75
882 58.91
883 58.83
884 58.87
885 58.84
886 58.86
887 58.85
888 58.77
889 58.81
890 58.81
891 58.78
892 58.85
893 58.82
894 58.74
895 58.83
896 58.91
897 58.97
898 58.89
899 58.84
900 58.78
901 58.80
902 58.63
903 58.74
904 58.85
905 58.93
906 58.78
907 58.84
908 58.74
909 58.77
910 58.74
911 58.87
912 58.86
913 58.89
914 58.84
915 58.72
916 58.84
917 58.94
918 58.88
919 58.88
920 58.89
921 58.74
922 58.79
923 58.85
924 58.93
925 58.86
926 58.81
927 59.03
928 58.89
929 58.89
930 58.77
931 58.84
932 58.84
933 58.89
934 58.79
935 58.80
936 58.85
937 58.90
938 58.97
939 58.82
940 58.93
941 58.97
942 58.82
943 58.86
944 58.84
945 58.77
946 58.94
947 58.81
948 58.99
949 58.96
950 58.91
951 58.69
952 58.92
953 58.77
954 58.80
955 58.89
956 59.06
957 58.83
958 58.79
959 58.81
960 58.86
961 58.87
962 58.91
963 58.92
964 58.92
965 58.85
966 58.84
967 58.91
968 58.83
969 58.82
970 58.78
971 58.95
972 58.75
973 58.79
974 58.95
975 58.97
976 58.75
977 58.92
978 58.94
979 58.85
980 58.84
981 58.88
982 58.93
983 58.90
984 58.82
985 58.83
986 58.84
987 58.80
988 58.98
989 58.93
990 59.07
991 58.90
992 58.80
993 58.89
994 58.83
995 58.87
996 58.84
997 58.88
998 58.85
999 58.88
1000 58.89
1001 58.80
1002 58.92
1003 58.87
1004 58.89
1005 58.99
1006 58.78
1007 58.77
1008 58.90
1009 58.90
1010 58.82
1011 58.87
1012 58.85
1013 58.94
1014 58.93
1015 58.89
1016 58.98
1017 58.99
1018 58.86
1019 58.98
1020 58.82
1021 58.76
1022 58.81
1023 58.88
1024 58.97
1025 58.98
1026 58.75
1027 59.07
1028 58.93
1029 58.80
1030 58.76
1031 58.95
1032 58.89
1033 58.93
1034 59.04
1035 59.03
1036 58.80
1037 58.87
1038 58.85
1039 58.93
1040 58.98
1041 58.88
1042 58.99
1043 58.97
1044 58.86
1045 58.89
1046 58.99
1047 58.96
1048 58.98
1049 58.82
1050 58.91
1051 58.83
1052 58.80
1053 58.91
1054 58.95
1055 59.02
1056 58.89
1057 58.78
1058 58.79
1059 58.77
1060 58.83
1061 58.83
1062 58.94
1063 58.94
1064 58.94
1065 58.86
1066 58.88
1067 58.87
1068 58.83
1069 58.95
1070 59.01
1071 58.80
1072 58.72
1073 58.90
1074 58.88
1075 58.74
1076 58.88
1077 58.99
1078 58.76
1079 58.75
1080 58.89
1081 58.89
1082 59.08
1083 58.93
1084 58.98
1085 58.75
1086 58.79
1087 58.92
1088 59.01
1089 58.97
1090 58.86
1091 58.80
1092 58.88
1093 58.80
1094 58.96
1095 58.89
1096 58.95
1097 58.84
1098 58.92
1099 59.07
1100 58.88
1101 58.94
1102 58.97
1103 58.94
1104 58.77
1105 58.83
1106 58.86
1107 58.99
1108 58.99
1109 58.98
1110 59.00
1111 58.91
1112 58.83
1113 58.91
1114 58.97
1115 58.98
1116 58.89
1117 59.02
1118 58.92
1119 58.72
1120 58.95
1121 58.97
1122 58.97
1123 58.91
1124 58.94
1125 58.90
1126 58.82
1127 58.98
1128 59.04
1129 58.89
1130 58.96
1131 58.79
1132 58.83
1133 58.91
1134 58.82
1135 58.96
1136 58.93
1137 58.98
1138 58.77
1139 58.87
1140 58.80
1141 58.78
1142 58.96
1143 59.07
1144 58.80
1145 58.88
1146 58.87
1147 58.79
1148 58.93
1149 58.91
1150 58.98
1151 58.89
1152 58.87
1153 58.91
1154 59.13
1155 58.86
1156 58.80
1157 58.77
1158 58.89
1159 58.81
1160 58.87
1161 58.96
1162 58.94
1163 58.92
1164 58.85
1165 58.80
1166 58.90
1167 58.73
1168 58.81
1169 59.04
1170 58.97
1171 58.80
1172 58.86
1173 58.93
1174 58.85
1175 58.74
1176 58.87
1177 59.03
1178 59.00
1179 58.74
1180 58.93
1181 58.90
1182 58.86
1183 58.79
1184 58.88
1185 58.97
1186 58.89
1187 58.75
1188 59.01
1189 59.00
1190 58.86
1191 58.98
1192 58.93
1193 58.95
1194 58.87
1195 58.80
1196 58.93
1197 58.84
1198 58.94
1199 59.00
1200 59.04
1201 58.95
1202 58.90
1203 58.88
1204 58.91
1205 59.01
1206 58.95
1207 59.01
1208 58.93
1209 58.85
1210 58.75
1211 58.89
1212 59.08
1213 59.08
1214 58.84
1215 58.96
1216 58.93
1217 58.93
1218 58.73
1219 59.08
1220 58.97
1221 58.99
1222 58.80
1223 58.87
1224 58.70
1225 59.06
1226 58.88
1227 58.93
1228 58.87
1229 58.77
1230 58.82
1231 58.97
1232 58.88
1233 58.91
1234 58.95
1235 58.88
1236 58.80
1237 58.86
1238 58.93
1239 59.00
1240 58.97
1241 58.91
1242 58.83
1243 58.87
1244 58.77
1245 58.86
1246 58.94
1247 58.89
1248 59.02
1249 58.98
1250 58.97
1251 58.93
1252 58.91
1253 59.01
1254 58.93
1255 58.95
1256 58.79
1257 58.86
1258 58.94
1259 58.92
1260 58.93
1261 58.92
1262 58.86
1263 58.81
1264 58.81
1265 58.91
1266 58.79
1267 58.97
1268 58.81
1269 59.03
1270 58.89
1271 58.86
1272 58.92
1273 58.89
1274 59.02
1275 58.84
1276 59.03
1277 58.89
1278 59.05
1279 58.92
1280 58.97
1281 58.92
1282 58.92
1283 59.01
1284 58.84
1285 58.93
1286 58.98
1287 58.92
1288 58.99
1289 58.82
1290 58.93
1291 58.95
1292 58.84
1293 58.88
1294 58.95
1295 58.95
1296 58.96
1297 58.99
1298 58.86
1299 58.85
1300 58.90
1301 58.98
1302 58.94
1303 58.91
1304 58.89
1305 58.88
1306 58.89
1307 58.91
1308 59.06
1309 58.87
1310 58.85
1311 58.80
1312 58.91
1313 58.88
1314 58.93
1315 58.98
1316 58.93
1317 58.87
1318 58.76
1319 59.03
1320 58.93
1321 59.13
1322 59.05
1323 58.86
1324 58.77
1325 58.84
1326 58.95
1327 58.87
1328 58.91
1329 58.93
1330 58.78
1331 58.98
1332 58.98
1333 58.86
1334 58.94
1335 58.96
1336 58.89
1337 58.88
1338 58.82
1339 58.88
1340 58.92
1341 59.01
1342 58.90
1343 58.91
1344 58.97
1345 59.06
1346 58.93
1347 59.12
1348 58.90
1349 58.98
1350 58.87
1351 59.04
1352 58.92
1353 59.07
1354 58.94
1355 58.91
1356 58.90
1357 58.99
1358 58.83
1359 58.91
1360 59.00
1361 58.93
1362 58.87
1363 58.79
1364 59.05
1365 58.88
1366 58.93
1367 58.91
1368 58.91
1369 58.97
1370 58.85
1371 58.95
1372 58.95
1373 58.88
1374 58.92
1375 58.91
1376 58.97
1377 58.84
1378 58.90
1379 58.91
1380 58.96
1381 58.93
1382 58.88
1383 59.00
1384 58.98
1385 58.93
1386 58.93
1387 58.95
1388 58.80
1389 59.02
1390 58.99
1391 58.99
1392 58.86
1393 58.90
1394 59.00
1395 58.87
1396 58.96
1397 59.03
1398 59.09
1399 58.86
1400 58.86
1401 59.06
1402 59.01
1403 58.98
1404 58.98
1405 59.00
1406 59.03
1407 58.95
1408 58.99
1409 58.91
1410 59.06
1411 59.01
1412 58.84
1413 58.94
1414 58.95
1415 58.82
1416 59.02
1417 58.97
1418 59.15
1419 59.01
1420 59.02
1421 58.92
1422 58.74
1423 58.96
1424 58.86
1425 58.99
1426 58.95
1427 59.02
1428 59.01
1429 58.89
1430 58.90
1431 59.03
1432 58.98
1433 58.98
1434 58.93
1435 58.92
1436 58.97
1437 59.11
1438 58.89
1439 59.00
1440 59.04
1441 58.94
1442 58.95
1443 58.94
1444 59.00
1445 58.92
1446 59.03
1447 58.82
1448 58.89
1449 58.90
1450 58.97
1451 58.95
1452 58.89
1453 58.85
1454 58.88
1455 58.90
1456 58.89
1457 59.04
1458 59.12
1459 59.01
1460 58.88
1461 58.91
1462 58.92
1463 58.97
1464 58.90
1465 58.98
1466 58.97
1467 58.85
1468 59.05
1469 59.00
1470 59.04
1471 59.05
1472 59.09
1473 58.97
1474 58.86
1475 58.99
1476 59.06
1477 59.02
1478 58.88
1479 58.96
1480 58.99
1481 59.02
1482 58.92
1483 58.91
1484 59.07
1485 59.06
1486 58.95
1487 58.93
1488 58.94
1489 58.82
1490 58.99
1491 58.78
1492 59.18
1493 59.05
1494 58.95
1495 59.09
1496 58.86
1497 59.01
1498 59.00
1499 59.07
1500 59.07
1501 58.97
1502 58.98
1503 58.93
1504 58.98
1505 59.05
1506 58.94
1507 59.07
1508 59.00
1509 58.84
1510 59.04
1511 59.02
1512 58.98
1513 58.90
1514 59.01
1515 58.94
1516 58.92
1517 59.07
1518 59.05
1519 59.10
1520 59.03
1521 58.97
1522 58.89
1523 58.89
1524 58.97
1525 59.00
1526 58.99
1527 59.15
1528 59.02
1529 59.02
1530 59.07
1531 58.86
1532 58.93
1533 58.97
1534 59.08
1535 59.01
1536 58.85
1537 59.17
1538 59.04
1539 59.04
1540 59.07
1541 58.97
1542 58.94
1543 58.97
1544 58.97
1545 58.90
1546 58.88
1547 59.01
1548 58.92
1549 59.04
1550 58.89
1551 59.03
1552 58.99
1553 59.01
1554 58.84
1555 59.07
1556 58.97
1557 58.99
1558 59.00
1559 58.84
1560 59.05
1561 58.98
1562 59.16
1563 59.10
1564 59.04
1565 58.99
1566 58.93
1567 58.97
1568 59.11
1569 59.04
1570 59.08
1571 59.07
1572 59.02
1573 59.07
1574 58.99
1575 59.06
1576 59.10
1577 58.97
1578 59.09
1579 58.97
1580 58.96
1581 59.08
1582 59.30
1583 59.11
1584 58.95
1585 59.02
1586 59.03
1587 58.83
1588 59.10
1589 59.04
1590 59.07
1591 58.99
1592 58.93
1593 58.97
1594 59.07
1595 58.97
1596 59.01
1597 59.09
1598 58.97
1599 59.07
1600 58.95
1601 58.91
1602 59.08
1603 58.99
1604 59.09
1605 58.95
1606 59.10
1607 59.04
1608 59.04
1609 58.97
1610 59.07
1611 59.01
1612 58.88
1613 59.17
1614 59.11
1615 59.09
1616 58.95
1617 59.02
1618 59.02
1619 59.00
1620 59.02
1621 59.26
1622 59.04
1623 59.01
1624 59.06
1625 59.17
1626 59.08
1627 59.02
1628 59.08
1629 59.07
1630 59.14
1631 58.98
1632 59.12
1633 59.27
1634 59.10
1635 58.99
1636 59.14
1637 59.07
1638 58.99
1639 59.10
1640 59.03
1641 59.02
1642 59.09
1643 58.99
1644 58.97
1645 59.10
1646 58.99
1647 59.10
1648 59.08
1649 59.05
1650 58.92
1651 59.02
1652 59.04
1653 59.04
1654 59.16
1655 59.13
1656 59.07
1657 59.02
1658 59.04
1659 59.09
1660 59.17
1661 59.13
1662 59.07
1663 59.00
1664 58.98
1665 59.21
1666 59.00
1667 59.08
1668 59.21
1669 59.03
1670 59.03
1671 59.18
1672 59.15
1673 59.14
1674 59.04
1675 59.03
1676 59.07
1677 58.99
1678 58.99
1679 59.07
1680 59.12
1681 59.23
1682 59.04
1683 59.05
1684 58.97
1685 59.04
1686 58.97
1687 59.13
1688 59.17
1689 59.00
1690 58.98
1691 59.14
1692 59.04
1693 59.25
1694 59.20
1695 59.13
1696 58.93
1697 59.01
1698 59.02
1699 59.16
1700 59.16
1701 59.21
1702 59.13
1703 59.12
1704 59.07
1705 59.03
1706 59.18
1707 59.08
1708 59.08
1709 58.98
1710 58.98
1711 59.16
1712 59.08
1713 59.10
1714 59.18
1715 59.05
1716 59.02
1717 59.07
1718 59.09
1719 59.12
1720 59.19
1721 59.14
1722 58.91
1723 59.09
1724 59.14
1725 59.10
1726 59.01
1727 59.00
1728 59.17
1729 59.12
1730 59.02
1731 59.21
1732 59.16
1733 59.00
1734 59.11
1735 59.07
1736 58.99
1737 59.11
1738 59.07
1739 59.16
1740 59.04
1741 59.11
1742 59.09
1743 59.05
1744 58.97
1745 59.07
1746 59.19
1747 59.22
1748 59.02
1749 59.11
1750 59.09
1751 59.16
1752 59.02
1753 59.14
1754 59.15
1755 59.04
1756 59.19
1757 59.18
1758 59.16
1759 59.04
1760 59.11
1761 59.23
1762 59.04
1763 59.16
1764 59.19
1765 59.14
1766 59.22
1767 59.12
1768 59.01
1769 59.12
1770 58.99
1771 59.11
1772 59.23
1773 59.14
1774 59.04
1775 59.16
1776 59.17
1777 59.10
1778 59.10
1779 59.03
1780 59.25
1781 59.14
1782 59.08
1783 59.03
1784 59.08
1785 59.04
1786 59.13
1787 59.18
1788 59.18
1789 59.02
1790 59.07
1791 59.02
1792 59.16
1793 59.06
1794 59.06
1795 59.14
1796 59.03
1797 59.07
1798 59.13
1799 59.03
1800 59.11
1801 59.07
1802 59.13
1803 59.06
1804 59.30
1805 59.09
1806 58.99
1807 59.04
1808 59.04
1809 59.11
1810 59.19
1811 59.15
1812 59.32
1813 59.05
1814 59.06
1815 59.04
1816 59.23
1817 59.11
1818 59.10
1819 59.11
1820 59.07
1821 59.01
1822 59.01
1823 59.28
1824 59.19
1825 59.19
1826 59.20
1827 59.21
1828 59.19
1829 59.00
1830 59.03
1831 59.04
1832 59.13
1833 59.05
1834 59.13
1835 59.26
1836 59.18
1837 59.16
1838 59.09
1839 59.26
1840 59.13
1841 59.11
1842 59.09
1843 59.14
1844 59.02
1845 59.05
1846 59.18
1847 59.11
1848 59.20
1849 59.24
1850 59.24
1851 59.14
1852 59.21
1853 59.06
1854 59.08
1855 59.26
1856 59.22
1857 59.20
1858 59.23
1859 59.18
1860 59.18
1861 59.12
1862 59.12
1863 59.23
1864 59.15
1865 59.28
1866 59.11
1867 59.26
1868 59.20
1869 59.08
1870 59.11
1871 59.17
1872 59.18
1873 59.11
1874 59.20
1875 59.22
1876 59.30
1877 59.10
1878 59.10
1879 59.16
1880 59.09
1881 59.25
1882 59.23
1883 59.14
1884 59.19
1885 59.12
1886 59.04
1887 59.14
1888 59.27
1889 59.19
1890 59.22
1891 59.29
1892 59.16
1893 59.14
1894 59.10
1895 59.10
1896 59.25
1897 59.11
1898 59.21
1899 59.27
1900 59.11
1901 59.18
1902 59.15
1903 59.19
1904 59.16
1905 59.29
1906 59.05
1907 59.13
1908 59.20
1909 59.11
1910 59.14
1911 59.20
1912 59.18
1913 59.05
1914 59.21
1915 59.16
1916 59.14
1917 59.10
1918 59.12
1919 59.30
1920 59.18
1921 59.21
1922 59.19
1923 59.15
1924 59.12
1925 59.18
1926 59.21
1927 59.23
1928 59.13
1929 59.21
1930 59.18
1931 59.26
1932 59.23
1933 59.25
1934 59.26
1935 59.29
1936 59.11
1937 59.29
1938 59.16
1939 59.28
1940 59.20
1941 59.40
1942 59.26
1943 59.13
1944 59.11
1945 59.25
1946 59.29
1947 59.17
1948 59.29
1949 59.32
1950 59.13
1951 59.16
1952 59.09
1953 59.37
1954 59.15
1955 59.25
1956 59.26
1957 59.22
1958 59.05
1959 59.13
1960 59.24
1961 59.19
1962 59.19
1963 59.13
1964 59.43
1965 59.18
1966 59.22
1967 59.18
1968 59.27
1969 59.25
1970 59.20
1971 59.10
1972 59.34
1973 59.09
1974 59.14
1975 59.25
1976 59.21
1977 59.36
1978 59.19
1979 59.16
1980 59.14
1981 59.23
1982 59.13
1983 59.21
1984 59.17
1985 59.34
1986 59.18
1987 59.10
1988 59.22
1989 59.24
1990 59.16
1991 59.30
1992 59.29
1993 59.43
1994 59.19
1995 59.15
1996 59.17
1997 59.34
1998 59.39
1999 59.23
2000 59.23
2001 59.27
2002 59.26
2003 59.23
2004 59.25
2005 59.16
2006 59.27
2007 59.35
2008 59.30
2009 59.19
2010 59.09
2011 59.20
2012 59.22
2013 59.15
2014 59.38
2015 59.29
2016 59.22
2017 59.21
2018 59.33
2019 59.27
2020 59.51
2021 59.24
2022 59.28
2023 59.27
2024 59.06
2025 59.14
2026 59.40
2027 59.32
2028 59.31
2029 59.11
2030 59.26
2031 59.33
2032 59.15
2033 59.34
2034 59.38
2035 59.42
2036 59.28
2037 59.19
2038 59.23
2039 59.11
2040 59.15
2041 59.31
2042 59.26
2043 59.37
2044 59.25
2045 59.22
2046 59.31
2047 59.17
2048 59.35
2049 59.28
2050 59.13
2051 59.35
2052 59.22
2053 59.22
2054 59.28
2055 59.23
2056 59.21
2057 59.40
2058 59.23
2059 59.32
2060 59.32
2061 59.22
2062 59.14
2063 59.26
2064 59.21
2065 59.22
2066 59.32
2067 59.43
2068 59.31
2069 59.22
2070 59.25
2071 59.20
2072 59.23
2073 59.18
2074 59.29
2075 59.36
2076 59.26
2077 59.18
2078 59.13
2079 59.29
2080 59.28
2081 59.29
2082 59.35
2083 59.29
2084 59.25
2085 59.28
2086 59.16
2087 59.19
2088 59.39
2089 59.27
2090 59.29
2091 59.27
2092 59.28
2093 59.45
2094 59.34
2095 59.32
2096 59.25
2097 59.33
2098 59.34
2099 59.28
2100 59.23
2101 59.32
2102 59.50
2103 59.31
2104 59.34
2105 59.34
2106 59.24
2107 59.12
2108 59.30
2109 59.38
2110 59.32
2111 59.18
2112 59.32
2113 59.31
2114 59.26
2115 59.31
2116 59.38
2117 59.34
2118 59.32
2119 59.32
2120 59.26
2121 59.28
2122 59.35
2123 59.39
2124 59.34
2125 59.31
2126 59.20
2127 59.39
2128 59.41
2129 59.19
2130 59.19
2131 59.40
2132 59.43
2133 59.26
2134 59.34
2135 59.31
2136 59.32
2137 59.22
2138 59.33
2139 59.36
2140 59.35
2141 59.31
2142 59.24
2143 59.41
2144 59.51
2145 59.34
2146 59.38
2147 59.36
2148 59.27
2149 59.19
2150 59.31
2151 59.28
2152 59.38
2153 59.36
2154 59.39
2155 59.42
2156 59.32
2157 59.21
2158 59.41
2159 59.32
2160 59.39
2161 59.34
2162 59.40
2163 59.28
2164 59.24
2165 59.24
2166 59.36
2167 59.44
2168 59.32
2169 59.22
2170 59.36
2171 59.32
2172 59.23
2173 59.22
2174 59.41
2175 59.40
2176 59.40
2177 59.36
2178 59.25
2179 59.43
2180 59.19
2181 59.25
2182 59.48
2183 59.33
2184 59.32
2185 59.30
2186 59.24
2187 59.37
2188 59.29
2189 59.36
2190 59.43
2191 59.34
2192 59.42
2193 59.25
2194 59.34
2195 59.38
2196 59.36
2197 59.22
2198 59.36
2199 59.54
2200 59.41
2201 59.31
2202 59.23
2203 59.30
2204 59.27
2205 59.31
2206 59.45
2207 59.34
2208 59.39
2209 59.25
2210 59.40
2211 59.37
2212 59.26
2213 59.43
2214 59.24
2215 59.45
2216 59.32
2217 59.39
2218 59.47
2219 59.44
2220 59.30
2221 59.40
2222 59.50
2223 59.28
2224 59.38
2225 59.32
2226 59.39
2227 59.45
2228 59.25
2229 59.39
2230 59.39
2231 59.21
2232 59.25
2233 59.52
2234 59.47
2235 59.44
2236 59.21
2237 59.36
2238 59.37
2239 59.28
2240 59.38
2241 59.35
2242 59.42
2243 59.48
2244 59.34
2245 59.38
2246 59.42
2247 59.37
2248 59.48
2249 59.32
2250 59.32
2251 59.52
2252 59.28
2253 59.57
2254 59.40
2255 59.37
2256 59.30
2257 59.47
2258 59.50
2259 59.28
2260 59.38
2261 59.28
2262 59.30
2263 59.31
2264 59.41
2265 59.49
2266 59.35
2267 59.25
2268 59.34
2269 59.36
2270 59.25
2271 59.34
2272 59.31
2273 59.40
2274 59.43
2275 59.22
2276 59.47
2277 59.34
2278 59.20
2279 59.59
2280 59.59
2281 59.29
2282 59.39
2283 59.31
2284 59.43
2285 59.31
2286 59.35
2287 59.41
2288 59.45
2289 59.32
2290 59.30
2291 59.36
2292 59.53
2293 59.56
2294 59.53
2295 59.48
2296 59.33
2297 59.31
2298 59.31
2299 59.40
2300 59.43
2301 59.31
2302 59.42
2303 59.37
2304 59.33
2305 59.34
2306 59.31
2307 59.47
2308 59.44
2309 59.34
2310 59.46
2311 59.42
2312 59.40
2313 59.51
2314 59.49
2315 59.42
2316 59.44
2317 59.44
2318 59.52
2319 59.36
2320 59.41
2321 59.38
2322 59.46
2323 59.31
2324 59.50
2325 59.47
2326 59.47
2327 59.48
2328 59.42
2329 59.38
2330 59.41
2331 59.49
2332 59.42
2333 59.39
2334 59.43
2335 59.37
2336 59.51
2337 59.54
2338 59.29
2339 59.42
2340 59.40
2341 59.48
2342 59.45
2343 59.32
2344 59.44
2345 59.39
2346 59.38
2347 59.50
2348 59.55
2349 59.52
2350 59.43
2351 59.29
2352 59.42
2353 59.34
2354 59.42
2355 59.37
2356 59.44
2357 59.28
2358 59.37
2359 59.45
2360 59.29
2361 59.37
2362 59.48
2363 59.42
2364 59.37
2365 59.31
2366 59.59
2367 59.47
2368 59.41
2369 59.34
2370 59.41
2371 59.55
2372 59.40
2373 59.34
2374 59.40
2375 59.51
2376 59.42
2377 59.54
2378 59.54
2379 59.49
2380 59.37
2381 59.42
2382 59.45
2383 59.49
2384 59.65
2385 59.48
2386 59.43
2387 59.34
2388 59.36
2389 59.32
2390 59.48
2391 59.64
2392 59.50
2393 59.43
2394 59.47
2395 59.34
2396 59.45
2397 59.50
2398 59.54
2399 59.39
2400 59.52
2401 59.53
2402 59.43
2403 59.36
2404 59.30
2405 59.49
2406 59.49
2407 59.46
2408 59.49
2409 59.38
2410 59.54
2411 59.34
2412 59.54
2413 59.33
2414 59.34
2415 59.43
2416 59.53
2417 59.58
2418 59.51
2419 59.56
2420 59.33
2421 59.40
2422 59.54
2423 59.60
2424 59.41
2425 59.42
2426 59.44
2427 59.40
2428 59.54
2429 59.59
2430 59.48
2431 59.47
2432 59.38
2433 59.52
2434 59.45
2435 59.55
2436 59.41
2437 59.41
2438 59.49
2439 59.41
2440 59.54
2441 59.55
2442 59.46
2443 59.50
2444 59.41
2445 59.41
2446 59.56
2447 59.52
2448 59.46
2449 59.49
2450 59.38
2451 59.50
2452 59.35
2453 59.49
2454 59.52
2455 59.49
2456 59.47
2457 59.39
2458 59.47
2459 59.47
2460 59.38
2461 59.54
2462 59.51
2463 59.48
2464 59.47
2465 59.40
2466 59.57
2467 59.44
2468 59.50
2469 59.64
2470 59.36
2471 59.39
2472 59.51
2473 59.50
2474 59.53
2475 59.42
2476 59.51
2477 59.45
2478 59.42
2479 59.47
2480 59.47
2481 59.56
2482 59.48
2483 59.55
2484 59.43
2485 59.49
2486 59.49
2487 59.58
2488 59.43
2489 59.52
2490 59.50
2491 59.58
2492 59.59
2493 59.54
2494 59.50
2495 59.45
2496 59.47
2497 59.48
2498 59.66
2499 59.60
2500 59.63
2501 59.50
2502 59.47
2503 59.45
2504 59.56
2505 59.68
2506 59.47
2507 59.48
2508 59.49
2509 59.44
2510 59.56
2511 59.59
2512 59.56
2513 59.50
2514 59.50
2515 59.60
2516 59.48
2517 59.43
2518 59.34
2519 59.67
2520 59.49
2521 59.42
2522 59.54
2523 59.61
2524 59.52
2525 59.65
2526 59.56
2527 59.54
2528 59.57
2529 59.52
2530 59.57
2531 59.49
2532 59.51
2533 59.56
2534 59.48
2535 59.43
2536 59.53
2537 59.64
2538 59.59
2539 59.50
2540 59.54
2541 59.34
2542 59.64
2543 59.49
2544 59.52
2545 59.50
2546 59.45
2547 59.62
2548 59.49
2549 59.46
2550 59.61
2551 59.59
2552 59.48
2553 59.55
2554 59.63
2555 59.46
2556 59.38
2557 59.51
2558 59.50
2559 59.55
2560 59.60
2561 59.67
2562 59.55
2563 59.46
2564 59.50
2565 59.52
2566 59.51
2567 59.57
2568 59.58
2569 59.59
2570 59.45
2571 59.60
2572 59.57
2573 59.63
2574 59.55
2575 59.54
2576 59.50
2577 59.47
2578 59.54
2579 59.64
2580 59.57
2581 59.49
2582 59.48
2583 59.48
2584 59.45
2585 59.62
2586 59.67
2587 59.59
2588 59.47
2589 59.65
2590 59.70
2591 59.54
2592 59.56
2593 59.57
2594 59.55
2595 59.44
2596 59.50
2597 59.60
2598 59.52
2599 59.63
2600 59.59
2601 59.51
2602 59.44
2603 59.59
2604 59.40
2605 59.63
2606 59.57
2607 59.70
2608 59.52
2609 59.47
2610 59.53
2611 59.62
2612 59.59
2613 59.65
2614 59.47
2615 59.55
2616 59.56
2617 59.55
2618 59.72
2619 59.63
2620 59.53
2621 59.67
2622 59.48
2623 59.64
2624 59.63
2625 59.62
2626 59.55
2627 59.62
2628 59.49
2629 59.60
2630 59.65
2631 59.50
2632 59.54
2633 59.50
2634 59.60
2635 59.49
2636 59.62
2637 59.68
2638 59.59
2639 59.59
2640 59.43
2641 59.37
2642 59.60
2643 59.59
2644 59.61
2645 59.57
2646 59.56
2647 59.63
2648 59.54
2649 59.67
2650 59.68
2651 59.61
2652 59.52
2653 59.56
2654 59.68
2655 59.64
2656 59.41
2657 59.69
2658 59.57
2659 59.49
2660 59.67
2661 59.66
2662 59.66
2663 59.61
2664 59.41
2665 59.61
2666 59.55
2667 59.56
2668 59.55
2669 59.66
2670 59.75
2671 59.54
2672 59.60
2673 59.49
2674 59.41
2675 59.52
2676 59.58
2677 59.65
2678 59.54
2679 59.48
2680 59.56
2681 59.67
2682 59.54
2683 59.61
2684 59.65
2685 59.63
2686 59.61
2687 59.50
2688 59.51
2689 59.56
2690 59.56
2691 59.62
2692 59.65
2693 59.56
2694 59.54
2695 59.56
2696 59.57
2697 59.58
2698 59.67
2699 59.62
2700 59.70
2701 59.61
2702 59.51
2703 59.43
2704 59.60
2705 59.63
2706 59.59
2707 59.68
2708 59.57
2709 59.67
2710 59.52
2711 59.54
2712 59.69
2713 59.58
2714 59.61
2715 59.61
2716 59.66
2717 59.60
2718 59.61
2719 59.65
2720 59.65
2721 59.58
2722 59.71
2723 59.71
2724 59.59
2725 59.46
2726 59.63
2727 59.68
2728 59.63
2729 59.55
2730 59.50
2731 59.61
2732 59.59
2733 59.49
2734 59.61
2735 59.74
2736 59.64
2737 59.56
2738 59.53
2739 59.57
2740 59.49
2741 59.56
2742 59.50
2743 59.70
2744 59.66
2745 59.51
2746 59.61
2747 59.67
2748 59.53
2749 59.57
2750 59.59
2751 59.62
2752 59.70
2753 59.72
2754 59.52
2755 59.74
2756 59.57
2757 59.60
2758 59.57
2759 59.71
2760 59.64
2761 59.56
2762 59.41
2763 59.53
2764 59.57
2765 59.61
2766 59.56
2767 59.67
2768 59.65
2769 59.56
2770 59.59
2771 59.51
2772 59.45
2773 59.59
2774 59.66
2775 59.52
2776 59.62
2777 59.65
2778 59.41
2779 59.69
2780 59.47
2781 59.58
2782 59.56
2783 59.58
2784 59.70
2785 59.60
2786 59.45
2787 59.82
2788 59.61
2789 59.56
2790 59.68
2791 59.59
2792 59.59
2793 59.67
2794 59.52
2795 59.62
2796 59.70
2797 59.65
2798 59.71
2799 59.60
2800 59.69
2801 59.58
2802 59.54
2803 59.63
2804 59.67
2805 59.63
2806 59.69
2807 59.67
2808 59.65
2809 59.47
2810 59.74
2811 59.72
2812 59.68
2813 59.70
2814 59.71
2815 59.71
2816 59.65
2817 59.52
2818 59.66
2819 59.62
2820 59.69
2821 59.63
2822 59.67
2823 59.63
2824 59.58
2825 59.58
2826 59.58
2827 59.57
2828 59.60
2829 59.68
2830 59.69
2831 59.71
2832 59.56
2833 59.49
2834 59.65
2835 59.76
2836 59.74
2837 59.66
2838 59.61
2839 59.76
2840 59.62
2841 59.63
2842 59.58
2843 59.60
2844 59.76
2845 59.66
2846 59.72
2847 59.58
2848 59.61
2849 59.59
2850 59.68
2851 59.70
2852 59.81
2853 59.56
2854 59.70
2855 59.79
2856 59.70
2857 59.65
2858 59.65
2859 59.73
2860 59.71
2861 59.61
2862 59.63
2863 59.85
2864 59.70
2865 59.68
2866 59.73
2867 59.65
2868 59.68
2869 59.69
2870 59.56
2871 59.65
2872 59.77
2873 59.57
2874 59.59
2875 59.72
2876 59.72
2877 59.66
2878 59.53
2879 59.81
2880 59.70
2881 59.45
2882 59.61
2883 59.68
2884 59.58
2885 59.76
2886 59.76
2887 59.75
2888 59.83
2889 59.61
2890 59.51
2891 59.70
2892 59.60
2893 59.79
2894 59.69
2895 59.74
2896 59.77
2897 59.61
2898 59.74
2899 59.68
2900 59.76
2901 59.67
2902 59.60
2903 59.62
2904 59.65
2905 59.59
2906 59.65
2907 59.72
2908 59.81
2909 59.69
2910 59.52
2911 59.58
2912 59.64
2913 59.59
2914 59.69
2915 59.76
2916 59.69
2917 59.65
2918 59.65
2919 59.59
2920 59.63
2921 59.55
2922 59.63
2923 59.70
2924 59.81
2925 59.53
2926 59.56
2927 59.59
2928 59.76
2929 59.66
2930 59.74
2931 59.68
2932 59.75
2933 59.64
2934 59.55
2935 59.72
2936 59.77
2937 59.77
2938 59.76
2939 59.70
2940 59.64
2941 59.56
2942 59.74
2943 59.70
2944 59.67
2945 59.74
2946 59.68
2947 59.74
2948 59.61
2949 59.73
2950 59.78
2951 59.76
2952 59.69
2953 59.69
2954 59.67
2955 59.71
2956 59.73
2957 59.78
2958 59.77
2959 59.74
2960 59.68
2961 59.59
2962 59.78
2963 59.65
2964 59.75
2965 59.83
2966 59.61
2967 59.58
2968 59.74
2969 59.87
2970 59.61
2971 59.84
2972 59.67
2973 59.58
2974 59.81
2975 59.72
2976 59.84
2977 59.77
2978 59.82
2979 59.74
2980 59.61
2981 59.77
2982 59.72
2983 59.79
2984 59.78
2985 59.69
2986 59.76
2987 59.79
2988 59.76
2989 59.67
2990 59.70
2991 59.68
2992 59.65
2993 59.66
2994 59.82
2995 59.75
2996 59.49
2997 59.71
2998 59.71
2999 59.81
3000 59.78
3001 59.61
3002 59.78
3003 59.68
3004 59.86
3005 59.86
3006 59.71
3007 59.71
3008 59.70
3009 59.71
3010 59.82
3011 59.68
3012 59.77
3013 59.87
3014 59.58
3015 59.80
3016 59.81
3017 59.88
3018 59.69
3019 59.81
3020 59.71
3021 59.70
3022 59.78
3023 59.73
3024 59.77
3025 59.76
3026 59.68
3027 59.65
3028 59.64
3029 59.68
3030 59.70
3031 59.75
3032 59.71
3033 59.64
3034 59.73
3035 59.75
3036 59.78
3037 59.89
3038 59.74
3039 59.63
3040 59.77
3041 59.56
3042 59.73
3043 59.75
3044 59.73
3045 59.68
3046 59.82
3047 59.74
3048 59.79
3049 59.74
3050 59.72
3051 59.74
3052 59.67
3053 59.66
3054 59.68
3055 59.77
3056 59.67
3057 59.68
3058 59.70
3059 59.85
3060 59.70
3061 59.70
3062 59.81
3063 59.72
3064 59.75
3065 59.61
3066 59.77
3067 59.71
3068 59.76
3069 59.79
3070 59.77
3071 59.68
3072 59.68
3073 59.73
3074 59.74
3075 59.78
3076 59.76
3077 59.75
3078 59.69
3079 59.83
3080 59.72
3081 59.79
3082 59.56
3083 59.77
3084 59.79
3085 59.79
3086 59.70
3087 59.72
3088 59.76
3089 59.68
3090 59.72
3091 59.79
3092 59.68
3093 59.80
3094 59.74
3095 59.87
3096 59.81
3097 59.72
3098 59.70
3099 59.72
3100 59.87
3101 59.74
3102 59.79
3103 59.77
3104 59.65
3105 59.74
3106 59.85
3107 59.75
3108 59.65
3109 59.72
3110 59.64
3111 59.59
3112 59.73
3113 59.77
3114 59.72
3115 59.68
3116 59.71
3117 59.71
3118 59.77
3119 59.86
3120 59.90
3121 59.79
3122 59.58
3123 59.67
3124 59.87
3125 59.92
3126 59.90
3127 59.81
3128 59.72
3129 59.77
3130 59.81
3131 59.68
3132 59.71
3133 59.70
3134 59.81
3135 59.62
3136 59.74
3137 59.79
3138 60.05
3139 59.74
3140 59.63
3141 59.62
3142 59.66
3143 59.70
3144 59.72
3145 59.87
3146 59.71
3147 59.72
3148 59.76
3149 59.81
3150 59.74
3151 59.75
3152 59.93
3153 59.76
3154 59.76
3155 59.82
3156 59.81
3157 59.67
3158 59.61
3159 59.80
3160 59.65
3161 59.87
3162 59.77
3163 59.92
3164 59.79
3165 59.74
3166 59.68
3167 59.76
3168 59.77
3169 59.79
3170 59.77
3171 59.77
3172 59.64
3173 59.69
3174 59.82
3175 59.88
3176 59.78
3177 59.85
3178 59.71
3179 59.67
3180 59.93
3181 59.81
3182 59.77
3183 59.83
3184 59.85
3185 59.75
3186 59.63
3187 59.65
3188 59.79
3189 59.81
3190 59.75
3191 59.64
3192 59.73
3193 59.72
3194 59.92
3195 59.68
3196 59.80
3197 59.60
3198 59.69
3199 59.76
3200 59.70
3201 59.90
3202 59.90
3203 59.75
3204 59.77
3205 59.77
3206 59.76
3207 59.76
3208 59.80
3209 59.78
3210 59.85
3211 59.68
3212 59.74
3213 59.83
3214 59.81
3215 59.85
3216 59.87
3217 59.86
3218 59.67
3219 59.78
3220 59.77
3221 59.70
3222 59.81
3223 59.75
3224 59.88
3225 59.76
3226 59.94
3227 59.71
3228 59.76
3229 59.74
3230 59.69
3231 59.71
3232 59.90
3233 59.65
3234 59.83
3235 59.88
3236 59.55
3237 59.72
3238 59.85
3239 59.98
3240 59.76
3241 59.78
3242 59.87
3243 59.74
3244 59.72
3245 59.82
3246 59.96
3247 59.90
3248 59.82
3249 59.76
3250 59.74
3251 59.79
3252 59.80
3253 59.85
3254 59.66
3255 59.77
3256 59.79
3257 59.78
3258 59.76
3259 59.89
3260 59.81
3261 59.70
3262 59.84
3263 59.93
3264 59.80
3265 59.72
3266 59.94
3267 59.73
3268 59.80
3269 59.86
3270 59.73
3271 59.82
3272 59.83
3273 59.92
3274 59.60
3275 59.87
3276 59.79
3277 59.92
3278 59.91
3279 59.79
3280 59.70
3281 59.85
3282 59.73
3283 59.81
3284 59.79
3285 59.78
3286 59.88
3287 59.65
3288 59.83
3289 59.90
3290 59.84
3291 59.78
3292 59.84
3293 59.56
3294 59.74
3295 59.86
3296 59.87
3297 59.87
3298 59.79
3299 59.77
3300 59.66
3301 59.84
3302 59.77
3303 59.86
3304 59.87
3305 59.81
3306 59.80
3307 59.76
3308 59.80
3309 59.91
3310 59.85
3311 59.81
3312 59.75
3313 59.76
3314 59.96
3315 59.87
3316 59.93
3317 59.86
3318 59.74
3319 59.92
3320 59.70
3321 59.87
3322 59.83
3323 59.76
3324 59.79
3325 59.89
3326 59.78
3327 59.76
3328 59.92
3329 59.80
3330 59.72
3331 59.68
3332 59.83
3333 59.79
3334 59.81
3335 59.88
3336 60.01
3337 59.76
3338 59.78
3339 59.85
3340 59.88
3341 60.01
3342 59.89
3343 59.90
3344 59.86
3345 59.83
3346 59.74
3347 59.91
3348 59.84
3349 59.93
3350 59.99
3351 59.96
3352 59.87
3353 59.80
3354 59.85
3355 59.85
3356 59.78
3357 59.76
3358 59.90
3359 59.85
3360 59.79
3361 59.82
3362 59.86
3363 59.93
3364 59.73
3365 60.00
3366 59.92
3367 59.87
3368 59.87
3369 59.98
3370 60.03
3371 59.82
3372 59.83
3373 59.84
3374 59.96
3375 59.93
3376 59.95
3377 59.91
3378 59.73
3379 59.82
3380 59.78
3381 59.62
3382 59.86
3383 59.79
3384 59.85
3385 59.90
3386 59.81
3387 59.91
3388 59.79
3389 59.86
3390 59.84
3391 59.92
3392 59.68
3393 59.81
3394 59.79
3395 59.89
3396 59.80
3397 59.74
3398 59.74
3399 59.71
3400 59.88
3401 59.87
3402 59.90
3403 60.00
3404 59.92
3405 59.90
3406 59.80
3407 59.78
3408 59.93
3409 59.87
3410 59.72
3411 59.79
3412 59.74
3413 59.99
3414 59.77
3415 60.03
3416 59.98
3417 59.95
3418 59.78
3419 59.96
3420 59.95
3421 59.82
3422 59.95
3423 59.78
3424 59.71
3425 59.86
3426 59.81
3427 59.95
3428 59.86
3429 59.88
3430 60.02
3431 59.80
3432 59.72
3433 59.85
3434 59.96
3435 59.82
3436 59.74
3437 59.87
3438 59.87
3439 59.89
3440 59.75
3441 59.92
3442 59.99
3443 59.83
3444 59.88
3445 59.85
3446 59.91
3447 59.85
3448 59.94
3449 60.05
3450 59.76
3451 59.85
3452 59.73
3453 59.88
3454 59.84
3455 59.96
3456 59.85
3457 59.87
3458 59.81
3459 59.95
3460 59.90
3461 59.85
3462 59.83
3463 59.85
3464 59.79
3465 59.82
3466 59.79
3467 59.86
3468 59.91
3469 59.85
3470 59.79
3471 59.96
3472 59.81
3473 59.78
3474 59.90
3475 59.97
3476 59.78
3477 59.81
3478 59.83
3479 59.97
3480 59.80
3481 59.97
3482 59.88
3483 59.81
3484 59.83
3485 59.94
3486 59.93
3487 60.01
3488 59.92
3489 59.84
3490 59.73
3491 59.79
3492 59.85
3493 59.92
3494 59.89
3495 59.85
3496 59.92
3497 59.85
3498 59.87
3499 59.92
3500 59.89
3501 59.95
3502 60.01
3503 59.77
3504 59.90
3505 59.79
3506 59.81
3507 59.88
3508 59.97
3509 59.86
3510 59.92
3511 59.89
3512 59.96
3513 59.91
3514 59.91
3515 59.89
3516 59.97
3517 59.86
3518 59.85
3519 59.91
3520 59.93
3521 59.87
3522 59.97
3523 59.78
3524 59.82
3525 59.99
3526 59.96
3527 59.83
3528 59.98
3529 59.94
3530 59.97
3531 59.83
3532 59.92
3533 59.94
3534 59.92
3535 59.97
3536 59.88
3537 59.84
3538 59.79
3539 59.86
3540 59.91
3541 60.01
3542 59.88
3543 59.78
3544 59.89
3545 59.96
3546 59.94
3547 59.88
3548 59.88
3549 59.87
3550 59.72
3551 59.71
3552 59.87
3553 59.79
3554 59.94
3555 59.99
3556 59.96
3557 59.97
3558 59.89
3559 59.90
3560 60.01
3561 59.90
3562 59.90
3563 59.96
3564 59.92
3565 59.79
3566 59.74
3567 60.01
3568 59.98
3569 59.88
3570 59.90
3571 60.02
3572 59.85
3573 59.93
3574 59.85
3575 59.93
3576 59.99
3577 59.96
3578 59.77
3579 59.99
3580 59.97
3581 59.83
3582 59.86
3583 59.88
3584 59.96
3585 60.06
3586 59.87
3587 59.82
3588 59.98
3589 59.73
3590 59.96
3591 59.85
3592 59.97
3593 59.90
3594 59.90
3595 59.98
3596 59.86
3597 59.99
3598 59.83
3599 59.93
3600 59.92
3601 59.94
3602 59.93
3603 59.91
3604 59.88
3605 59.88
3606 59.89
3607 59.80
3608 60.00
3609 59.94
3610 59.94
3611 59.83
3612 59.80
3613 59.80
3614 59.90
3615 59.91
3616 59.91
3617 60.00
3618 59.94
3619 59.88
3620 59.87
3621 59.77
3622 59.90
3623 59.97
3624 59.91
3625 59.94
3626 59.97
3627 59.84
3628 59.85
3629 59.85
3630 59.91
3631 59.87
3632 59.87
3633 60.00
3634 59.85
3635 59.84
3636 59.86
3637 59.88
3638 59.93
3639 59.96
3640 59.88
3641 59.98
3642 59.98
3643 59.95
3644 59.94
3645 59.97
3646 59.95
3647 59.88
3648 59.95
3649 60.07
3650 60.09
3651 59.86
3652 59.86
3653 59.93
3654 59.90
3655 59.89
3656 59.79
3657 60.09
3658 59.91
3659 59.98
3660 59.86
3661 59.95
3662 59.88
3663 59.90
3664 59.72
3665 59.91
3666 59.93
3667 60.03
3668 59.94
3669 59.97
3670 59.93
3671 60.03
3672 59.94
3673 59.97
3674 59.96
3675 59.96
3676 59.96
3677 60.05
3678 59.94
3679 60.00
3680 59.95
3681 59.82
3682 59.72
3683 59.95
3684 59.99
3685 59.96
3686 59.87
3687 60.06
3688 59.99
3689 60.01
3690 59.81
3691 59.90
3692 59.89
3693 59.94
3694 59.87
3695 59.90
3696 59.90
3697 59.84
3698 59.94
3699 59.83
3700 59.82
3701 59.82
3702 60.00
3703 59.98
3704 59.99
3705 59.89
3706 59.94
3707 60.01
3708 59.91
3709 59.93
3710 60.02
3711 59.91
3712 59.98
3713 59.88
3714 59.94
3715 59.97
3716 59.93
3717 60.07
3718 59.94
3719 59.98
3720 60.00
3721 59.96
3722 59.96
3723 59.96
3724 59.92
3725 60.02
3726 59.95
3727 59.90
3728 59.88
3729 59.92
3730 59.90
3731 59.92
3732 59.74
3733 59.93
3734 59.91
3735 59.71
3736 60.08
3737 59.94
3738 59.88
3739 59.93
3740 59.88
3741 59.93
3742 59.80
3743 59.99
3744 59.90
3745 59.88
3746 59.91
3747 60.03
3748 59.90
3749 59.95
3750 59.97
3751 59.85
3752 59.91
3753 59.77
3754 59.82
3755 59.96
3756 60.00
3757 59.95
3758 59.88
3759 59.87
3760 59.97
3761 59.88
3762 59.81
3763 59.86
3764 59.96
3765 59.95
3766 59.89
3767 59.99
3768 59.97
3769 59.99
3770 59.96
3771 59.91
3772 59.96
3773 59.93
3774 59.88
3775 60.01
3776 59.97
3777 59.96
3778 60.19
3779 60.03
3780 60.00
3781 59.87
3782 59.92
3783 59.98
3784 59.88
3785 59.94
3786 60.01
3787 60.04
3788 59.87
3789 59.95
3790 59.97
3791 59.82
3792 59.85
3793 59.79
3794 59.93
3795 60.01
3796 60.00
3797 59.92
3798 59.85
3799 59.85
3800 59.91
3801 59.91
3802 60.04
3803 59.93
3804 59.94
3805 59.99
3806 59.94
3807 59.99
3808 59.88
3809 60.02
3810 59.94
3811 59.95
3812 59.88
3813 59.87
3814 60.08
3815 59.99
3816 59.94
3817 59.97
3818 59.99
3819 60.05
3820 59.83
3821 59.70
3822 59.97
3823 59.93
3824 59.89
3825 60.07
3826 59.99
3827 60.06
3828 60.02
3829 59.94
3830 59.94
3831 59.92
3832 59.94
3833 59.92
3834 59.90
3835 59.94
3836 60.10
3837 59.90
3838 60.00
3839 59.84
3840 59.84
3841 59.77
3842 59.94
3843 59.95
3844 59.88
3845 59.95
3846 59.98
3847 59.96
3848 59.81
3849 59.95
3850 59.93
3851 59.94
3852 59.83
3853 59.91
3854 59.88
3855 59.95
3856 60.10
3857 59.94
3858 60.04
3859 60.06
3860 59.98
3861 59.96
3862 59.80
3863 59.90
3864 59.97
3865 60.04
3866 59.93
3867 60.04
3868 60.06
3869 60.09
3870 59.92
3871 59.91
3872 59.91
3873 59.96
3874 60.01
3875 59.98
3876 59.90
3877 59.92
3878 60.01
3879 59.94
3880 59.90
3881 59.90
3882 59.91
3883 59.97
3884 59.93
3885 59.98
3886 59.99
3887 59.99
3888 60.17
3889 59.97
3890 59.90
3891 59.96
3892 59.97
3893 59.97
3894 60.10
3895 59.96
3896 60.02
3897 59.96
3898 59.95
3899 59.85
3900 59.96
3901 59.88
3902 59.95
3903 59.84
3904 60.00
3905 60.01
3906 60.06
3907 59.96
3908 60.08
3909 59.80
3910 59.92
3911 60.09
3912 59.98
3913 60.08
3914 59.92
3915 59.91
3916 60.02
3917 59.99
3918 59.95
3919 59.95
3920 60.02
3921 59.98
3922 59.97
3923 59.94
3924 59.90
3925 60.14
3926 59.99
3927 59.73
3928 59.95
3929 60.01
3930 59.93
3931 59.98
3932 60.03
3933 60.03
3934 60.03
3935 59.96
3936 59.91
3937 60.02
3938 59.87
3939 60.07
3940 59.91
3941 60.01
3942 59.95
3943 60.01
3944 59.92
3945 59.97
3946 59.96
3947 60.05
3948 59.94
3949 59.94
3950 59.99
3951 59.99
3952 59.93
3953 60.03
3954 59.91
3955 59.99
3956 59.95
3957 59.87
3958 60.05
3959 59.99
3960 60.03
3961 60.07
3962 59.96
3963 60.00
3964 59.89
3965 60.05
3966 60.03
3967 60.10
3968 59.92
3969 59.87
3970 59.88
3971 60.00
3972 60.03
3973 60.03
3974 60.03
3975 60.10
3976 59.94
3977 59.85
3978 59.94
3979 60.12
3980 59.98
3981 60.01
3982 59.94
3983 59.83
3984 60.04
3985 59.88
3986 60.07
3987 59.98
3988 60.09
3989 60.01
3990 59.85
3991 60.10
3992 60.01
3993 59.94
3994 60.01
3995 59.97
3996 59.97
3997 59.96
3998 59.88
3999 60.16
4000 59.99
4001 60.01
4002 59.98
4003 60.03
4004 60.12
4005 60.05
4006 59.94
4007 60.13
4008 60.01
4009 59.98
4010 59.96
4011 60.02
4012 60.03
4013 59.92
4014 59.90
4015 59.97
4016 59.97
4017 60.05
4018 60.01
4019 60.00
4020 59.95
4021 59.85
4022 60.07
4023 59.86
4024 59.90
4025 59.99
4026 60.01
4027 59.98
4028 59.93
4029 59.99
4030 60.01
4031 60.00
4032 60.05
4033 59.98
4034 59.89
4035 59.93
4036 59.98
4037 59.97
4038 59.90
4039 60.03
4040 60.12
4041 60.00
4042 60.02
4043 59.97
4044 59.98
4045 60.06
4046 59.94
4047 60.06
4048 59.90
4049 60.03
4050 60.05
4051 59.93
4052 59.99
4053 59.92
4054 59.96
4055 60.01
4056 59.86
4057 60.01
4058 60.03
4059 59.93
4060 59.98
4061 59.92
4062 60.07
4063 59.99
4064 59.98
4065 60.05
4066 60.01
4067 59.91
4068 60.12
4069 60.01
4070 60.09
4071 60.13
4072 59.87
4073 60.01
4074 60.06
4075 59.86
4076 59.87
4077 60.04
4078 60.13
4079 60.03
4080 59.88
4081 60.04
4082 59.96
4083 60.01
4084 60.06
4085 60.01
4086 60.06
4087 59.95
4088 59.87
4089 59.81
4090 59.99
4091 60.06
4092 60.08
4093 59.99
4094 59.90
4095 60.06
4096 60.14
4097 60.16
4098 60.04
4099 60.08
4100 60.09
4101 59.99
4102 59.88
4103 59.94
4104 60.08
4105 60.01
4106 60.18
4107 59.96
4108 60.03
4109 59.95
4110 59.99
4111 60.05
4112 60.02
4113 59.89
4114 60.06
4115 59.94
4116 59.91
4117 59.92
4118 59.91
4119 60.15
4120 59.95
4121 60.00
4122 60.08
4123 59.97
4124 60.02
4125 60.06
4126 60.14
4127 60.03
4128 59.78
4129 59.92
4130 60.07
4131 60.07
4132 60.05
4133 60.01
4134 59.92
4135 60.12
4136 60.00
4137 60.05
4138 59.91
4139 59.85
4140 60.07
4141 59.92
4142 60.01
4143 59.96
4144 60.02
4145 59.94
4146 59.97
4147 59.95
4148 60.07
4149 59.91
4150 59.86
4151 59.94
4152 60.04
4153 60.08
4154 59.96
4155 60.14
4156 60.05
4157 59.95
4158 59.91
4159 60.01
4160 59.88
4161 60.07
4162 60.01
4163 59.86
4164 59.91
4165 60.17
4166 59.87
4167 60.01
4168 60.01
4169 59.96
4170 59.93
4171 59.96
4172 59.99
4173 59.97
4174 59.97
4175 59.93
4176 60.08
4177 59.94
4178 59.96
4179 60.05
4180 59.95
4181 60.05
4182 60.10
4183 59.99
4184 59.95
4185 60.01
4186 60.03
4187 59.94
4188 60.03
4189 60.06
4190 60.03
4191 59.95
4192 60.07
4193 60.16
4194 60.10
4195 60.00
4196 60.05
4197 60.05
4198 59.78
4199 60.08
4200 59.96
4201 60.15
4202 60.16
4203 60.09
4204 59.89
4205 60.12
4206 59.99
4207 59.97
4208 59.97
4209 59.98
4210 60.04
4211 59.97
4212 59.92
4213 59.96
4214 59.91
4215 59.97
4216 60.09
4217 60.00
4218 59.95
4219 59.92
4220 59.88
4221 60.03
4222 59.99
4223 60.06
4224 59.92
4225 60.16
4226 59.96
4227 59.89
4228 59.94
4229 60.10
4230 59.99
4231 60.06
4232 60.13
4233 60.00
4234 59.94
4235 60.11
4236 59.97
4237 60.10
4238 60.17
4239 60.17
4240 59.99
4241 59.90
4242 60.07
4243 60.13
4244 60.07
4245 60.08
4246 60.07
4247 59.94
4248 60.00
4249 59.96
4250 59.95
4251 60.17
4252 59.94
4253 60.08
4254 59.98
4255 60.02
4256 59.98
4257 59.91
4258 60.07
4259 60.00
4260 60.09
4261 60.09
4262 60.19
4263 60.08
4264 60.07
4265 60.12
4266 59.94
4267 60.02
4268 60.00
4269 60.09
4270 60.03
4271 60.00
4272 59.96
4273 60.01
4274 59.99
4275 60.22
4276 60.02
4277 60.07
4278 59.97
4279 59.92
4280 60.00
4281 60.06
4282 60.08
4283 60.07
4284 59.98
4285 59.97
4286 60.14
4287 60.09
4288 59.92
4289 60.08
4290 60.04
4291 59.87
4292 60.07
4293 60.07
4294 59.98
4295 60.13
4296 60.10
4297 59.94
4298 59.97
4299 59.98
4300 60.04
4301 60.13
4302 60.01
4303 60.05
4304 59.96
4305 59.89
4306 60.01
4307 60.06
4308 60.07
4309 60.12
4310 59.99
4311 59.92
4312 59.96
4313 59.90
4314 60.08
4315 60.16
4316 60.14
4317 59.99
4318 60.00
4319 60.18
4320 60.05
4321 60.04
4322 59.98
4323 60.15
4324 59.88
4325 59.89
4326 60.04
4327 60.01
4328 60.05
4329 60.08
4330 59.94
4331 59.97
4332 60.03
4333 60.17
4334 60.13
4335 60.11
4336 60.17
4337 60.10
4338 60.04
4339 59.95
4340 59.96
4341 60.04
4342 60.08
4343 59.93
4344 59.99
4345 60.06
4346 59.94
4347 60.01
4348 60.03
4349 60.03
4350 60.08
4351 60.17
4352 59.99
4353 60.05
4354 60.01
4355 60.08
4356 60.11
4357 60.01
4358 60.09
4359 59.99
4360 59.88
4361 59.92
4362 60.00
4363 60.08
4364 60.17
4365 60.13
4366 59.96
4367 59.94
4368 60.08
4369 59.99
4370 59.94
4371 60.16
4372 60.12
4373 60.03
4374 59.99
4375 59.99
4376 60.07
4377 60.13
4378 60.17
4379 60.13
4380 60.05
4381 60.07
4382 60.01
4383 60.12
4384 60.04
4385 60.09
4386 60.03
4387 60.03
4388 60.14
4389 60.07
4390 60.01
4391 60.05
4392 60.08
4393 59.99
4394 60.19
4395 60.00
4396 59.89
4397 59.90
4398 60.12
4399 60.05
4400 60.02
4401 60.01
4402 60.03
4403 60.06
4404 60.05
4405 60.00
4406 60.16
4407 60.00
4408 60.08
4409 60.12
4410 60.13
4411 60.01
4412 59.99
4413 60.10
4414 60.08
4415 59.94
4416 60.07
4417 60.10
4418 60.11
4419 60.01
4420 60.19
4421 60.08
4422 60.01
4423 59.96
4424 60.11
4425 59.97
4426 60.12
4427 60.05
4428 60.10
4429 60.11
4430 60.14
4431 60.09
4432 60.01
4433 60.09
4434 60.06
4435 60.00
4436 60.08
4437 60.03
4438 60.09
4439 60.04
4440 60.08
4441 60.09
4442 60.05
4443 59.96
4444 60.17
4445 60.06
4446 60.05
4447 60.05
4448 60.16
4449 60.19
4450 60.01
4451 60.03
4452 60.00
4453 59.97
4454 60.03
4455 60.02
4456 60.01
4457 60.01
4458 60.12
4459 60.13
4460 60.01
4461 60.03
4462 60.25
4463 60.08
4464 59.98
4465 60.08
4466 60.12
4467 60.07
4468 60.11
4469 60.07
4470 60.03
4471 60.06
4472 59.96
4473 59.92
4474 60.06
4475 60.08
4476 60.13
4477 60.08
4478 60.07
4479 60.01
4480 59.91
4481 59.91
4482 60.10
4483 60.07
4484 59.93
4485 60.10
4486 60.04
4487 59.96
4488 60.01
4489 60.03
4490 59.96
4491 60.23
4492 60.20
4493 60.20
4494 60.01
4495 60.00
4496 59.99
4497 60.00
4498 59.93
4499 60.14
4500 60.13
4501 59.92
4502 60.16
4503 60.09
4504 60.00
4505 59.99
4506 60.05
4507 60.09
4508 60.24
4509 60.10
4510 60.07
4511 60.03
4512 60.07
4513 60.12
4514 60.03
4515 60.19
4516 60.01
4517 60.10
4518 59.97
4519 60.14
4520 60.08
4521 60.12
4522 60.02
4523 60.03
4524 59.90
4525 59.97
4526 60.00
4527 60.19
4528 60.09
4529 60.12
4530 60.05
4531 59.95
4532 60.07
4533 60.08
4534 60.01
4535 60.08
4536 60.12
4537 60.15
4538 60.07
4539 60.07
4540 60.09
4541 60.07
4542 60.16
4543 60.13
4544 59.96
4545 59.99
4546 60.14
4547 60.19
4548 60.13
4549 60.05
4550 60.03
4551 60.08
4552 60.14
4553 60.07
4554 59.99
4555 60.12
4556 59.99
4557 60.05
4558 60.08
4559 60.07
4560 60.02
4561 59.97
4562 60.12
4563 60.09
4564 60.16
4565 60.05
4566 60.03
4567 60.02
4568 60.01
4569 60.05
4570 60.08
4571 60.13
4572 60.18
4573 60.05
4574 59.97
4575 60.00
4576 60.00
4577 59.99
4578 59.89
4579 59.98
4580 60.16
4581 60.03
4582 60.05
4583 59.99
4584 60.18
4585 59.99
4586 60.07
4587 60.12
4588 60.07
4589 60.09
4590 60.04
4591 60.05
4592 60.17
4593 60.01
4594 59.87
4595 60.06
4596 60.01
4597 60.07
4598 60.08
4599 60.12
4600 60.18
4601 60.04
4602 59.92
4603 60.00
4604 60.14
4605 60.12
4606 60.06
4607 60.19
4608 60.17
4609 60.13
4610 59.99
4611 59.92
4612 60.01
4613 60.17
4614 60.03
4615 60.07
4616 59.99
4617 60.15
4618 60.10
4619 59.99
4620 60.03
4621 59.93
4622 60.05
4623 60.16
4624 60.05
4625 60.16
4626 60.13
4627 60.12
4628 60.03
4629 60.00
4630 60.06
4631 60.17
4632 60.14
4633 60.06
4634 60.07
4635 60.02
4636 60.02
4637 60.01
4638 60.07
4639 59.96
4640 60.12
4641 60.12
4642 60.11
4643 60.32
4644 60.09
4645 59.96
4646 60.10
4647 60.00
4648 60.07
4649 60.16
4650 60.07
4651 60.02
4652 60.18
4653 60.03
4654 60.01
4655 60.02
4656 60.04
4657 60.24
4658 59.97
4659 60.09
4660 60.12
4661 60.16
4662 60.13
4663 60.03
4664 60.08
4665 60.05
4666 60.01
4667 60.09
4668 60.20
4669 60.03
4670 60.10
4671 60.08
4672 60.09
4673 60.01
4674 60.03
4675 60.17
4676 60.11
4677 60.12
4678 60.19
4679 59.98
4680 59.99
4681 60.24
4682 60.21
4683 60.14
4684 60.23
4685 60.10
4686 60.26
4687 60.05
4688 59.90
4689 59.99
4690 60.08
4691 60.07
4692 60.10
4693 60.16
4694 60.07
4695 60.03
4696 60.09
4697 60.04
4698 60.01
4699 60.03
4700 59.95
4701 60.16
4702 60.21
4703 60.09
4704 60.14
4705 60.01
4706 60.05
4707 60.07
4708 60.10
4709 59.94
4710 60.09
4711 60.04
4712 60.01
4713 60.11
4714 60.17
4715 60.04
4716 60.14
4717 60.08
4718 60.14
4719 60.02
4720 60.10
4721 60.10
4722 59.96
4723 60.11
4724 59.99
4725 60.07
4726 60.11
4727 60.06
4728 60.07
4729 60.12
4730 60.03
4731 60.05
4732 60.00
4733 60.08
4734 60.25
4735 60.12
4736 60.04
4737 60.12
4738 60.06
4739 60.08
4740 60.14
4741 60.12
4742 60.05
4743 59.98
4744 60.05
4745 60.10
4746 60.16
4747 60.04
4748 60.10
4749 60.13
4750 60.08
4751 60.15
4752 59.97
4753 60.16
4754 60.14
4755 59.95
4756 60.20
4757 60.19
4758 60.04
4759 60.03
4760 60.03
4761 60.13
4762 60.31
4763 60.14
4764 59.98
4765 59.92
4766 60.05
4767 60.14
4768 60.14
4769 60.24
4770 59.92
4771 60.10
4772 60.03
4773 60.10
4774 60.10
4775 60.17
4776 60.12
4777 60.09
4778 59.99
4779 60.00
4780 60.14
4781 60.01
4782 60.17
4783 60.13
4784 60.16
4785 60.17
4786 60.15
4787 60.13
4788 60.21
4789 60.21
4790 60.11
4791 60.23
4792 60.16
4793 60.05
4794 60.03
4795 60.12
4796 60.19
4797 60.25
4798 60.19
4799 60.13
4800 60.07
4801 60.07
4802 60.25
4803 60.11
4804 60.16
4805 59.99
4806 60.11
4807 60.07
4808 60.13
4809 60.07
4810 60.17
4811 60.21
4812 60.06
4813 60.14
4814 60.18
4815 60.04
4816 60.21
4817 60.22
4818 60.28
4819 60.25
4820 60.08
4821 60.13
4822 60.03
4823 60.00
4824 60.10
4825 60.24
4826 60.25
4827 60.11
4828 60.09
4829 60.03
4830 60.12
4831 60.05
4832 60.13
4833 60.14
4834 60.02
4835 60.08
4836 60.02
4837 60.16
4838 60.22
4839 60.03
4840 60.18
4841 60.11
4842 60.10
4843 60.04
4844 60.10
4845 60.29
4846 60.24
4847 60.12
4848 60.10
4849 59.89
4850 60.12
4851 60.07
4852 60.07
4853 60.12
4854 60.12
4855 60.12
4856 60.19
4857 60.03
4858 60.13
4859 59.97
4860 60.13
4861 60.19
4862 59.98
4863 60.17
4864 60.05
4865 60.07
4866 60.07
4867 60.11
4868 60.29
4869 60.03
4870 60.16
4871 60.17
4872 60.01
4873 60.17
4874 60.19
4875 60.17
4876 60.06
4877 60.09
4878 60.17
4879 60.09
4880 60.01
4881 60.22
4882 60.25
4883 60.16
4884 60.17
4885 60.01
4886 60.12
4887 60.19
4888 60.11
4889 60.21
4890 60.08
4891 60.16
4892 60.12
4893 60.19
4894 60.04
4895 60.06
4896 60.07
4897 60.18
4898 60.07
4899 60.11
4900 60.11
4901 60.19
4902 60.16
4903 60.08
4904 60.06
4905 60.02
4906 60.15
4907 60.16
4908 60.19
4909 60.19
4910 60.18
4911 60.04
4912 60.07
4913 60.07
4914 60.14
4915 60.07
4916 60.13
4917 60.17
4918 60.08
4919 60.03
4920 60.16
4921 60.03
4922 60.11
4923 60.09
4924 60.25
4925 60.19
4926 60.10
4927 60.01
4928 60.06
4929 60.20
4930 60.21
4931 60.11
4932 60.19
4933 60.23
4934 60.05
4935 60.24
4936 60.13
4937 60.16
4938 60.05
4939 60.14
4940 60.04
4941 60.11
4942 60.02
4943 60.28
4944 60.19
4945 60.12
4946 60.19
4947 60.06
4948 60.08
4949 60.04
4950 60.03
4951 60.16
4952 60.08
4953 60.08
4954 60.14
4955 60.06
4956 60.03
4957 60.16
4958 60.09
4959 60.28
4960 60.03
4961 60.08
4962 60.14
4963 60.08
4964 60.12
4965 60.10
4966 60.21
4967 60.13
4968 60.16
4969 59.99
4970 60.23
4971 60.14
4972 60.28
4973 60.09
4974 60.16
4975 60.09
4976 60.09
4977 60.14
4978 60.14
4979 60.01
4980 60.10
4981 60.12
4982 60.18
4983 60.00
4984 60.14
4985 60.19
4986 60.26
4987 60.17
4988 60.10
4989 60.15
4990 60.10
4991 59.99
4992 59.93
4993 60.21
4994 60.06
4995 60.14
4996 60.17
4997 60.16
4998 60.16
4999 60.12
5000 60.15
5001 59.99
5002 60.15
5003 60.11
5004 60.14
5005 60.23
5006 60.26
5007 60.17
5008 60.16
5009 60.02
5010 60.01
5011 60.00
5012 60.12
5013 60.08
5014 60.24
5015 60.30
5016 60.11
5017 60.11
5018 60.06
5019 60.05
5020 59.96
5021 60.20
5022 60.14
5023 60.15
5024 60.17
5025 60.17
5026 60.10
5027 60.05
5028 60.04
5029 60.00
5030 60.19
5031 60.10
5032 60.12
5033 60.28
5034 60.03
5035 60.02
5036 60.11
5037 60.14
5038 59.94
5039 60.21
5040 60.19
5041 60.27
5042 60.13
5043 60.07
5044 60.17
5045 60.08
5046 60.08
5047 59.95
5048 60.16
5049 60.16
5050 60.01
5051 60.11
5052 60.14
5053 60.14
5054 60.04
5055 60.12
5056 60.22
5057 60.02
5058 60.18
5059 60.03
5060 60.06
5061 60.17
5062 60.10
5063 60.25
5064 60.18
5065 60.06
5066 60.11
5067 60.08
5068 60.21
5069 60.14
5070 60.12
5071 60.14
5072 60.05
5073 60.14
5074 60.03
5075 59.95
5076 60.22
5077 60.00
5078 60.22
5079 60.08
5080 60.15
5081 60.13
5082 60.16
5083 60.27
5084 60.20
5085 60.10
5086 60.20
5087 60.14
5088 60.17
5089 60.18
5090 60.11
5091 60.17
5092 60.10
5093 60.08
5094 60.17
5095 60.13
5096 59.98
5097 60.03
5098 60.27
5099 60.11
5100 60.19
5101 60.22
5102 60.15
5103 60.25
5104 60.23
5105 60.09
5106 60.09
5107 60.11
5108 60.19
5109 60.07
5110 60.17
5111 60.21
5112 60.14
5113 60.19
5114 60.05
5115 60.12
5116 60.12
5117 60.18
5118 60.20
5119 60.19
5120 60.23
5121 60.16
5122 60.17
5123 60.15
5124 60.21
5125 60.05
5126 60.20
5127 60.23
5128 60.11
5129 60.14
5130 60.00
5131 60.12
5132 60.28
5133 60.10
5134 60.05
5135 60.01
5136 60.31
5137 60.02
5138 60.03
5139 60.04
5140 60.07
5141 60.25
5142 60.01
5143 59.96
5144 60.34
5145 60.16
5146 60.03
5147 60.11
5148 60.06
5149 60.08
5150 60.03
5151 60.17
5152 59.98
5153 60.05
5154 60.08
5155 60.18
5156 60.16
5157 60.19
5158 60.02
5159 60.08
5160 59.97
5161 60.04
5162 60.03
5163 60.34
5164 60.11
5165 60.23
5166 60.10
5167 60.13
5168 60.06
5169 60.11
5170 59.99
5171 60.13
5172 60.20
5173 60.08
5174 60.13
5175 59.93
5176 59.96
5177 60.14
5178 60.03
5179 60.05
5180 60.03
5181 60.12
5182 60.17
5183 60.07
5184 60.07
5185 60.19
5186 60.21
5187 60.05
5188 60.01
5189 60.15
5190 60.16
5191 60.08
5192 60.13
5193 60.18
5194 60.12
5195 59.99
5196 60.10
5197 60.16
5198 60.15
5199 60.13
5200 60.07
5201 60.10
5202 60.19
5203 60.08
5204 59.97
5205 60.05
5206 60.11
5207 60.24
5208 60.27
5209 60.12
5210 60.38
5211 60.29
5212 60.20
5213 59.96
5214 60.18
5215 60.18
5216 60.16
5217 60.23
5218 60.16
5219 60.28
5220 60.19
5221 60.01
5222 60.18
5223 60.15
5224 60.11
5225 60.17
5226 60.08
5227 60.05
5228 60.11
5229 60.23
5230 60.06
5231 60.13
5232 60.09
5233 60.14
5234 60.03
5235 60.12
5236 60.16
5237 60.17
5238 60.11
5239 60.10
5240 60.10
5241 60.17
5242 60.15
5243 60.11
5244 60.12
5245 60.14
5246 60.25
5247 60.11
5248 60.14
5249 60.07
5250 60.16
5251 60.19
5252 60.03
5253 60.17
5254 60.20
5255 60.11
5256 60.23
5257 59.96
5258 60.10
5259 60.13
5260 60.12
5261 60.17
5262 60.09
5263 60.14
5264 60.12
5265 60.11
5266 60.19
5267 60.10
5268 59.96
5269 60.14
5270 60.19
5271 60.14
5272 60.10
5273 60.02
5274 60.06
5275 60.24
5276 60.16
5277 60.16
5278 60.01
5279 60.26
5280 60.23
5281 60.21
5282 60.19
5283 60.13
5284 60.10
5285 60.15
5286 60.18
5287 60.19
5288 60.15
5289 60.04
5290 60.04
5291 60.19
5292 60.09
5293 60.06
5294 60.16
5295 60.25
5296 60.09
5297 60.05
5298 60.13
5299 60.10
5300 60.01
5301 60.06
5302 60.13
5303 60.21
5304 60.22
5305 60.17
5306 60.14
5307 60.08
5308 60.13
5309 59.99
5310 60.16
5311 60.21
5312 60.14
5313 60.19
5314 60.24
5315 60.01
5316 60.14
5317 60.27
5318 60.08
5319 60.13
5320 60.29
5321 60.17
5322 60.25
5323 60.05
5324 60.09
5325 60.12
5326 60.10
5327 60.03
5328 60.01
5329 60.07
5330 60.32
5331 60.29
5332 60.08
5333 60.22
5334 60.03
5335 60.06
5336 60.16
5337 60.08
5338 60.24
5339 60.10
5340 60.05
5341 60.26
5342 60.32
5343 60.14
5344 60.25
5345 60.15
5346 60.32
5347 60.17
5348 60.11
5349 60.10
5350 60.14
5351 60.02
5352 60.07
5353 60.30
5354 60.19
5355 60.04
5356 60.09
5357 60.07
5358 60.23
5359 60.13
5360 60.14
5361 60.09
5362 60.23
5363 60.24
5364 60.29
5365 60.23
5366 60.17
5367 60.37
5368 60.11
5369 60.08
5370 60.10
5371 60.16
5372 60.25
5373 60.12
5374 60.13
5375 60.14
5376 60.14
5377 60.08
5378 60.08
5379 60.14
5380 60.14
5381 60.18
5382 60.28
5383 60.16
5384 60.23
5385 60.12
5386 60.03
5387 60.02
5388 60.10
5389 60.07
5390 60.10
5391 60.26
5392 60.06
5393 60.21
5394 60.29
5395 60.30
5396 60.11
5397 60.19
5398 60.17
5399 60.15
5400 60.18
5401 60.05
5402 60.28
5403 60.17
5404 60.21
5405 60.18
5406 60.18
5407 60.16
5408 60.13
5409 60.17
5410 60.08
5411 60.07
5412 60.13
5413 60.19
5414 60.17
5415 60.07
5416 60.07
5417 60.23
5418 60.13
5419 60.08
5420 60.19
5421 60.14
5422 60.12
5423 60.16
5424 60.13
5425 60.19
5426 60.25
5427 60.08
5428 60.11
5429 60.20
5430 60.25
5431 60.28
5432 60.05
5433 60.19
5434 60.25
5435 60.09
5436 60.12
5437 59.97
5438 60.16
5439 60.24
5440 60.07
5441 59.99
5442 60.07
5443 60.20
5444 60.27
5445 60.19
5446 60.14
5447 60.01
5448 60.10
5449 60.02
5450 60.17
5451 60.23
5452 60.21
5453 60.21
5454 60.17
5455 60.17
5456 60.17
5457 60.13
5458 60.14
5459 60.17
5460 60.20
5461 60.17
5462 60.17
5463 60.09
5464 60.11
5465 60.34
5466 60.17
5467 60.05
5468 60.18
5469 60.18
5470 60.14
5471 60.23
5472 60.15
5473 60.19
5474 60.14
5475 60.26
5476 60.07
5477 60.03
5478 60.10
5479 60.17
5480 60.16
5481 60.17
5482 60.18
5483 60.14
5484 60.03
5485 60.08
5486 60.24
5487 60.35
5488 60.20
5489 60.22
5490 60.07
5491 60.28
5492 60.36
5493 60.10
5494 60.08
5495 59.97
5496 60.16
5497 60.19
5498 60.17
5499 60.15
5500 60.23
5501 60.19
5502 60.08
5503 60.07
5504 60.17
5505 59.95
5506 60.03
5507 60.17
5508 60.19
5509 60.15
5510 60.15
5511 60.16
5512 60.10
5513 60.08
5514 60.00
5515 59.92
5516 60.07
5517 60.19
5518 60.13
5519 60.29
5520 60.14
5521 60.21
5522 60.09
5523 60.12
5524 60.14
5525 60.12
5526 60.16
5527 60.19
5528 60.21
5529 60.05
5530 60.08
5531 60.23
5532 60.08
5533 60.12
5534 60.08
5535 60.24
5536 60.25
5537 60.11
5538 60.12
5539 60.08
5540 60.10
5541 60.12
5542 60.08
5543 60.25
5544 60.13
5545 60.27
5546 60.10
5547 60.24
5548 60.14
5549 60.27
5550 60.06
5551 60.07
5552 60.20
5553 60.14
5554 60.21
5555 60.17
5556 60.23
5557 60.10
5558 60.14
5559 60.14
5560 60.09
5561 60.20
5562 60.23
5563 60.23
5564 60.20
5565 60.32
5566 60.11
5567 60.19
5568 60.11
5569 60.04
5570 60.10
5571 60.24
5572 60.22
5573 60.05
5574 60.17
5575 60.23
5576 60.19
5577 60.14
5578 60.14
5579 59.99
5580 60.12
5581 60.07
5582 60.16
5583 60.20
5584 60.19
5585 60.06
5586 60.25
5587 60.17
5588 60.32
5589 60.12
5590 60.12
5591 60.05
5592 60.08
5593 60.34
5594 60.16
5595 60.06
5596 60.11
5597 60.14
5598 60.19
5599 60.12
5600 60.21
5601 60.09
5602 60.32
5603 60.11
5604 60.09
5605 60.04
5606 60.23
5607 60.08
5608 60.05
5609 60.23
5610 60.07
5611 60.18
5612 60.03
5613 60.22
5614 60.11
5615 60.07
5616 60.11
5617 60.21
5618 60.16
5619 60.10
5620 60.01
5621 60.14
5622 60.11
5623 60.19
5624 60.16
5625 60.09
5626 60.13
5627 60.13
5628 60.05
5629 60.11
5630 60.01
5631 60.04
5632 60.18
5633 60.20
5634 60.21
5635 60.24
5636 59.98
5637 60.12
5638 60.05
5639 60.07
5640 60.09
5641 60.06
5642 60.32
5643 60.01
5644 60.14
5645 60.08
5646 60.07
5647 60.06
5648 60.23
5649 60.23
5650 60.34
5651 60.22
5652 60.13
5653 60.19
5654 59.96
5655 60.07
5656 60.36
5657 60.14
5658 60.17
5659 60.08
5660 60.22
5661 60.27
5662 60.18
5663 60.21
5664 60.29
5665 60.09
5666 60.17
5667 60.05
5668 60.11
5669 60.15
5670 60.11
5671 60.16
5672 60.23
5673 60.13
5674 60.16
5675 60.10
5676 60.28
5677 60.19
5678 60.20
5679 60.12
5680 60.18
5681 60.16
5682 60.11
5683 60.14
5684 60.24
5685 60.24
5686 60.08
5687 60.17
5688 60.14
5689 60.11
5690 60.19
5691 60.20
5692 60.12
5693 60.23
5694 60.10
5695 60.20
5696 60.03
5697 60.14
5698 60.05
5699 60.23
5700 60.25
5701 60.06
5702 60.13
5703 60.05
5704 60.04
5705 60.11
5706 60.08
5707 60.18
5708 60.28
5709 59.99
5710 60.18
5711 60.15
5712 60.07
5713 60.14
5714 60.21
5715 60.10
5716 60.08
5717 60.11
5718 60.14
5719 60.19
5720 59.95
5721 60.14
5722 60.16
5723 60.12
5724 60.20
5725 60.15
5726 60.07
5727 60.22
5728 60.25
5729 60.21
5730 60.22
5731 60.32
5732 60.22
5733 60.10
5734 60.12
5735 60.08
5736 60.13
5737 60.17
5738 60.14
5739 60.30
5740 60.24
5741 60.05
5742 60.03
5743 60.19
5744 60.19
5745 60.20
5746 60.10
5747 60.25
5748 60.19
5749 60.14
5750 60.19
5751 60.20
5752 60.25
5753 60.08
5754 60.03
5755 60.14
5756 60.30
5757 60.15
5758 60.15
5759 60.11
5760 60.17
5761 60.30
5762 60.07
5763 60.21
5764 60.25
5765 60.09
5766 60.01
5767 60.15
5768 60.20
5769 60.08
5770 60.15
5771 60.21
5772 60.27
5773 60.17
5774 60.13
5775 60.21
5776 60.14
5777 60.29
5778 60.16
5779 60.13
5780 60.37
5781 60.17
5782 60.05
5783 60.19
5784 60.14
5785 60.21
5786 60.26
5787 60.14
5788 60.21
5789 60.18
5790 60.17
5791 60.12
5792 60.14
5793 60.31
5794 60.13
5795 60.28
5796 60.23
5797 60.17
5798 60.09
5799 60.07
5800 60.17
5801 60.16
5802 60.32
5803 60.19
5804 60.22
5805 60.11
5806 60.23
5807 60.11
5808 60.17
5809 60.17
5810 60.19
5811 60.18
5812 60.14
5813 60.14
5814 60.38
5815 60.33
5816 60.12
5817 60.11
5818 60.10
5819 60.21
5820 60.26
5821 60.26
5822 60.13
5823 60.17
5824 60.14
5825 60.11
5826 60.05
5827 60.15
5828 60.13
5829 60.16
5830 60.27
5831 60.28
5832 60.10
5833 60.16
5834 60.02
5835 60.17
5836 60.03
5837 60.17
5838 60.13
5839 60.16
5840 60.10
5841 60.12
5842 60.17
5843 60.25
5844 60.10
5845 60.37
5846 60.24
5847 60.22
5848 60.09
5849 60.21
5850 60.11
5851 60.14
5852 60.22
5853 60.19
5854 60.15
5855 60.09
5856 60.12
5857 60.07
5858 60.27
5859 60.36
5860 60.10
5861 60.30
5862 60.19
5863 59.99
5864 60.20
5865 60.06
5866 60.25
5867 60.30
5868 60.15
5869 60.28
5870 60.20
5871 60.17
5872 60.06
5873 60.08
5874 60.19
5875 60.34
5876 60.14
5877 60.21
5878 60.12
5879 60.17
5880 60.08
5881 60.25
5882 60.28
5883 60.18
5884 60.05
5885 60.16
5886 60.09
5887 60.05
5888 60.04
5889 60.16
5890 60.11
5891 60.11
5892 60.20
5893 60.16
5894 60.00
5895 60.11
5896 60.38
5897 60.25
5898 60.08
5899 60.06
5900 60.22
5901 60.16
5902 60.15
5903 60.20
5904 60.23
5905 60.12
5906 60.22
5907 60.28
5908 60.20
5909 60.34
5910 60.21
5911 60.25
5912 60.19
5913 60.12
5914 60.21
5915 60.10
5916 60.19
5917 60.25
5918 60.27
5919 60.10
5920 60.18
5921 60.23
5922 60.10
5923 60.19
5924 60.25
5925 60.13
5926 60.26
5927 60.24
5928 60.23
5929 60.18
5930 60.17
5931 60.23
5932 60.27
5933 60.14
5934 60.20
5935 60.21
5936 60.15
5937 60.15
5938 60.22
5939 60.17
5940 60.08
5941 60.12
5942 60.15
5943 59.99
5944 60.19
5945 60.19
5946 60.19
5947 60.21
5948 60.17
5949 60.19
5950 60.20
5951 60.13
5952 60.23
5953 60.15
5954 60.26
5955 60.18
5956 60.16
5957 60.20
5958 60.29
5959 60.14
5960 60.16
5961 60.19
5962 60.28
5963 60.05
5964 60.14
5965 60.27
5966 60.21
5967 60.23
5968 60.16
5969 60.16
5970 60.10
5971 60.16
5972 60.15
5973 60.14
5974 60.24
5975 60.28
5976 60.16
5977 60.22
5978 60.05
5979 60.00
5980 60.25
5981 60.26
5982 60.17
5983 60.19
5984 60.19
5985 60.07
5986 60.10
5987 60.05
5988 60.09
5989 60.05
5990 60.26
5991 60.21
5992 60.36
5993 60.25
5994 60.15
5995 60.20
5996 60.26
5997 60.23
5998 60.32
5999 60.27
6000 60.22
6001 60.34
6002 60.19
6003 60.17
6004 60.09
6005 60.27
6006 60.13
6007 60.21
6008 60.10
6009 60.25
6010 60.21
6011 60.21
6012 60.06
6013 60.13
6014 60.18
6015 60.23
6016 60.18
6017 60.18
6018 60.20
6019 60.25
6020 60.23
6021 60.02
6022 60.19
6023 60.26
6024 60.28
6025 60.31
6026 60.17
6027 60.24
6028 60.33
6029 60.21
6030 60.14
6031 60.23
6032 60.23
6033 60.11
6034 60.19
6035 60.18
6036 60.13
6037 60.26
6038 60.16
6039 60.18
6040 60.16
6041 60.08
6042 60.24
6043 60.22
6044 60.29
6045 60.22
6046 60.17
6047 60.20
6048 60.19
6049 60.26
6050 60.14
6051 60.21
6052 60.21
6053 60.30
6054 60.16
6055 60.27
6056 60.13
6057 60.21
6058 60.12
6059 60.17
6060 60.30
6061 60.35
6062 60.15
6063 60.18
6064 60.22
6065 60.18
6066 60.20
6067 60.22
6068 60.25
6069 60.15
6070 60.16
6071 60.14
6072 60.28
6073 60.19
6074 60.38
6075 60.07
6076 60.13
6077 60.11
6078 60.19
6079 60.09
6080 60.10
6081 60.02
6082 59.86
6083 59.54
6084 58.14
6085 43.12
6086 35.57
6087 29.75
6088 25.73
6089 23.10
6090 21.11
6091 19.75
6092 18.69
6093 17.83
6094 17.09
6095 16.46
6096 15.70
6097 15.08
6098 14.79
6099 14.40
6100 13.92
6101 13.65
6102 13.25
6103 12.87
6104 12.14
6105 12.54
6106 12.31
6107 11.86
6108 11.98
6109 12.79
6110 11.59
6111 10.91
6112 10.79
6113 10.96
6114 11.02
6115 10.47
6116 11.09
6117 10.43
6118 10.81
6119 9.80
6120 9.82
6121 9.97
6122 10.25
6123 9.39
6124 9.66
6125 9.55
6126 9.37
6127 9.07
6128 8.88
6129 9.12
6130 9.06
6131 8.71
6132 8.98
6133 9.49
6134 8.50
6135 8.28
6136 8.37
6137 8.59
6138 8.90
6139 8.29
6140 8.18
6141 7.86
6142 7.92
6143 7.86
6144 7.96
6145 7.93
6146 7.51
6147 7.75
6148 7.55
6149 7.44
6150 7.50
