1 14.22
2 14.17
3 14.01
4 13.73
5 13.60
6 13.37
7 13.18
8 13.00
9 12.89
10 12.71
11 12.50
12 12.43
13 12.29
14 12.20
15 12.02
16 11.98
17 11.87
18 11.70
19 11.68
20 11.52
21 11.47
22 11.37
23 11.29
24 11.25
25 11.24
26 11.10
27 11.06
28 10.97
29 10.91
30 10.89
31 10.78
32 10.81
33 10.63
34 10.69
35 10.55
36 10.55
37 10.56
38 10.37
39 10.08
40 11.15
41 12.01
42 13.95
43 20.83
44 43.00
45 54.31
46 57.51
47 58.36
48 59.11
49 59.28
50 59.22
51 59.47
52 59.47
53 59.55
54 59.59
55 59.43
56 59.39
57 59.56
58 59.44
59 59.42
60 59.42
61 59.51
62 59.42
63 59.40
64 59.28
65 59.34
66 59.28
67 59.27
68 59.36
69 59.36
70 59.34
71 59.17
72 59.25
73 59.09
74 59.02
75 59.02
76 59.07
77 59.14
78 59.00
79 58.95
80 58.96
81 58.92
82 58.84
83 58.90
84 58.97
85 58.83
86 58.80
87 58.80
88 58.73
89 58.75
90 58.72
91 58.70
92 58.59
93 58.54
94 58.43
95 58.48
96 58.49
97 58.31
98 58.37
99 58.40
100 58.41
101 58.29
102 58.29
103 58.23
104 58.46
105 58.34
106 58.27
107 58.36
108 58.19
109 58.23
110 58.31
111 58.18
112 58.30
113 58.26
114 58.45
115 58.31
116 58.31
117 58.22
118 58.30
119 58.22
120 58.29
121 58.28
122 58.19
123 58.24
124 58.31
125 58.17
126 58.24
127 58.29
128 58.34
129 58.31
130 58.15
131 58.27
132 58.24
133 58.22
134 58.21
135 58.21
136 58.23
137 58.13
138 58.18
139 58.24
140 58.25
141 58.28
142 58.32
143 58.21
144 58.29
145 58.05
146 58.19
147 58.05
148 58.24
149 58.21
150 58.17
151 58.24
152 58.10
153 58.08
154 58.20
155 58.18
156 58.14
157 58.17
158 58.22
159 58.17
160 58.21
161 58.06
162 58.18
163 58.32
164 58.08
165 58.33
166 58.23
167 58.25
168 58.10
169 58.25
170 58.17
171 58.18
172 58.11
173 58.20
174 58.18
175 58.21
176 58.20
177 58.17
178 58.11
179 58.19
180 58.17
181 58.19
182 58.30
183 58.16
184 58.17
185 58.08
186 58.15
187 58.11
188 58.17
189 58.27
190 58.22
191 58.30
192 58.24
193 58.13
194 58.32
195 58.23
196 58.26
197 58.16
198 58.11
199 58.16
200 58.12
201 58.15
202 58.17
203 58.27
204 58.34
205 58.20
206 58.19
207 58.22
208 58.13
209 58.15
210 58.12
211 58.11
212 58.29
213 58.28
214 58.24
215 58.04
216 58.16
217 58.23
218 58.40
219 58.36
220 58.20
221 58.08
222 58.23
223 58.11
224 58.25
225 58.11
226 58.30
227 58.28
228 58.19
229 58.17
230 58.22
231 58.12
232 58.38
233 58.27
234 58.17
235 58.25
236 58.02
237 58.25
238 58.18
239 58.13
240 58.22
241 58.39
242 58.23
243 58.11
244 58.17
245 58.29
246 58.14
247 58.21
248 58.34
249 58.24
250 58.31
251 58.18
252 58.30
253 58.28
254 58.22
255 58.18
256 58.29
257 58.33
258 58.24
259 58.23
260 58.20
261 58.24
262 58.18
263 58.31
264 58.24
265 58.22
266 58.29
267 58.28
268 58.28
269 58.13
270 58.20
271 58.27
272 58.33
273 58.33
274 58.28
275 58.38
276 58.38
277 58.26
278 58.28
279 58.34
280 58.34
281 58.35
282 58.44
283 58.32
284 58.36
285 58.38
286 58.20
287 58.25
288 58.37
289 58.41
290 58.32
291 58.29
292 58.34
293 58.30
294 58.28
295 58.19
296 58.34
297 58.43
298 58.33
299 58.24
300 58.32
301 58.32
302 58.36
303 58.20
304 58.37
305 58.32
306 58.27
307 58.28
308 58.37
309 58.45
310 58.41
311 58.39
312 58.41
313 58.40
314 58.31
315 58.40
316 58.44
317 58.39
318 58.45
319 58.45
320 58.47
321 58.41
322 58.33
323 58.26
324 58.39
325 58.46
326 58.49
327 58.45
328 58.29
329 58.40
330 58.34
331 58.37
332 58.38
333 58.40
334 58.50
335 58.46
336 58.32
337 58.44
338 58.45
339 58.43
340 58.41
341 58.36
342 58.47
343 58.49
344 58.45
345 58.56
346 58.42
347 58.43
348 58.50
349 58.47
350 58.27
351 58.53
352 58.55
353 58.43
354 58.47
355 58.54
356 58.50
357 58.55
358 58.49
359 58.47
360 58.41
361 58.54
362 58.44
363 58.52
364 58.47
365 58.58
366 58.61
367 58.51
368 58.50
369 58.43
370 58.51
371 58.65
372 58.48
373 58.63
374 58.64
375 58.59
376 58.48
377 58.49
378 58.67
379 58.42
380 58.48
381 58.49
382 58.53
383 58.46
384 58.67
385 58.49
386 58.63
387 58.58
388 58.43
389 58.53
390 58.50
391 58.58
392 58.58
393 58.59
394 58.64
395 58.67
396 58.65
397 58.56
398 58.55
399 58.61
400 58.57
401 58.59
402 58.65
403 58.69
404 58.73
405 58.64
406 58.45
407 58.55
408 58.61
409 58.66
410 58.70
411 58.70
412 58.75
413 58.64
414 58.67
415 58.56
416 58.60
417 58.59
418 58.80
419 58.50
420 58.61
421 58.59
422 58.77
423 58.74
424 58.62
425 58.67
426 58.59
427 58.59
428 58.61
429 58.63
430 58.73
431 58.58
432 58.70
433 58.60
434 58.62
435 58.77
436 58.60
437 58.64
438 58.66
439 58.72
440 58.78
441 58.63
442 58.59
443 58.68
444 58.60
445 58.64
446 58.73
447 58.65
448 58.76
449 58.68
450 58.68
451 58.65
452 58.71
453 58.73
454 58.75
455 58.60
456 58.68
457 58.62
458 58.64
459 58.71
460 58.81
461 58.74
462 58.69
463 58.68
464 58.65
465 58.72
466 58.75
467 58.77
468 58.69
469 58.71
470 58.79
471 58.64
472 58.72
473 58.70
474 58.78
475 58.81
476 58.90
477 58.85
478 58.82
479 58.77
480 58.74
481 58.68
482 58.71
483 58.83
484 58.83
485 58.79
486 58.73
487 58.78
488 58.79
489 58.75
490 58.61
491 58.81
492 58.89
493 58.74
494 58.79
495 58.74
496 58.83
497 58.84
498 58.72
499 58.68
500 58.79
501 58.85
502 58.72
503 58.73
504 58.86
505 58.95
506 58.81
507 58.83
508 58.82
509 58.78
510 58.82
511 58.81
512 58.77
513 58.80
514 59.04
515 58.82
516 58.81
517 58.76
518 58.76
519 58.80
520 58.77
521 58.89
522 58.88
523 58.86
524 58.95
525 58.79
526 58.95
527 58.87
528 58.89
529 58.86
530 58.81
531 58.84
532 58.89
533 58.92
534 58.81
535 58.84
536 58.90
537 58.91
538 58.83
539 58.86
540 58.80
541 58.91
542 58.86
543 58.77
544 58.72
545 58.80
546 58.98
547 58.85
548 58.88
549 58.86
550 58.81
551 58.93
552 58.80
553 58.83
554 58.92
555 58.95
556 58.98
557 58.80
558 58.77
559 58.93
560 58.85
561 58.70
562 58.89
563 58.86
564 58.85
565 58.92
566 58.87
567 58.93
568 58.89
569 58.84
570 58.87
571 58.82
572 58.82
573 58.88
574 59.03
575 58.82
576 58.97
577 58.96
578 58.96
579 58.92
580 58.91
581 58.90
582 58.85
583 58.88
584 59.03
585 59.01
586 58.89
587 58.95
588 58.98
589 58.89
590 58.93
591 58.98
592 58.93
593 59.01
594 58.92
595 58.86
596 58.85
597 58.89
598 58.93
599 59.05
600 59.01
601 59.02
602 59.06
603 58.83
604 58.87
605 58.88
606 58.97
607 59.03
608 58.99
609 58.97
610 59.03
611 58.97
612 58.97
613 58.86
614 58.94
615 58.97
616 59.10
617 58.83
618 59.02
619 58.93
620 58.93
621 58.89
622 59.06
623 59.03
624 59.00
625 58.98
626 58.99
627 59.04
628 59.07
629 58.99
630 58.88
631 58.98
632 58.95
633 58.99
634 58.93
635 58.98
636 59.09
637 59.08
638 58.99
639 58.87
640 58.95
641 58.92
642 58.87
643 58.98
644 59.01
645 59.03
646 59.03
647 58.96
648 58.95
649 59.01
650 59.03
651 58.88
652 58.99
653 59.02
654 59.06
655 59.03
656 58.97
657 59.00
658 58.92
659 59.00
660 58.94
661 59.04
662 59.03
663 58.95
664 59.04
665 59.00
666 59.03
667 58.99
668 58.97
669 58.95
670 59.10
671 59.11
672 59.05
673 59.03
674 59.07
675 59.04
676 59.07
677 59.07
678 59.06
679 59.09
680 59.09
681 59.05
682 59.04
683 59.03
684 58.92
685 59.11
686 59.05
687 59.02
688 59.08
689 59.21
690 59.00
691 59.11
692 59.00
693 58.91
694 59.04
695 59.09
696 59.15
697 59.07
698 59.07
699 59.02
700 59.14
701 59.04
702 59.15
703 59.02
704 59.05
705 59.02
706 59.07
707 59.07
708 59.10
709 59.12
710 59.05
711 58.98
712 59.06
713 58.98
714 59.06
715 59.04
716 59.06
717 59.14
718 59.15
719 59.13
720 58.93
721 59.06
722 59.04
723 59.23
724 59.03
725 59.03
726 59.09
727 59.12
728 59.09
729 58.97
730 59.08
731 59.12
732 59.04
733 59.13
734 59.10
735 59.18
736 59.07
737 58.95
738 59.10
739 59.20
740 59.03
741 59.12
742 59.15
743 59.04
744 59.05
745 59.07
746 59.04
747 59.11
748 59.12
749 59.05
750 59.14
751 59.03
752 58.97
753 59.14
754 59.08
755 59.13
756 59.00
757 59.20
758 59.08
759 59.00
760 58.94
761 59.14
762 59.14
763 59.18
764 59.04
765 59.26
766 59.08
767 59.06
768 59.02
769 59.02
770 59.09
771 59.12
772 59.15
773 59.19
774 59.18
775 59.09
776 59.01
777 58.95
778 58.89
779 59.08
780 59.12
781 59.08
782 59.13
783 59.18
784 58.95
785 59.01
786 59.09
787 59.16
788 59.21
789 59.12
790 59.19
791 59.22
792 59.12
793 59.08
794 59.07
795 59.13
796 59.20
797 59.20
798 59.14
799 59.21
800 59.14
801 59.13
802 59.08
803 59.16
804 59.12
805 59.24
806 59.13
807 59.13
808 59.19
809 59.13
810 59.13
811 59.01
812 59.09
813 59.24
814 59.13
815 59.15
816 59.19
817 59.18
818 59.22
819 59.09
820 59.14
821 59.16
822 59.12
823 59.17
824 59.20
825 59.18
826 59.10
827 59.09
828 59.01
829 59.11
830 59.14
831 59.19
832 59.05
833 59.12
834 59.25
835 59.30
836 59.15
837 59.03
838 59.21
839 59.18
840 59.07
841 59.04
842 59.38
843 59.21
844 59.17
845 59.13
846 59.11
847 59.16
848 59.25
849 59.15
850 59.14
851 59.02
852 59.25
853 59.18
854 59.09
855 59.19
856 59.15
857 59.09
858 59.16
859 59.23
860 59.20
861 59.18
862 59.09
863 59.11
864 59.26
865 59.18
866 59.14
867 59.16
868 59.18
869 59.22
870 59.13
871 59.14
872 59.24
873 59.19
874 59.10
875 59.20
876 59.23
877 59.25
878 59.28
879 59.23
880 59.15
881 59.10
882 59.23
883 59.26
884 59.20
885 59.18
886 59.18
887 59.25
888 59.23
889 59.32
890 59.21
891 59.34
892 59.10
893 59.06
894 59.15
895 59.18
896 59.15
897 59.25
898 59.30
899 59.22
900 59.27
901 59.15
902 59.07
903 59.21
904 59.25
905 59.27
906 59.14
907 59.33
908 59.31
909 59.21
910 59.23
911 59.18
912 59.24
913 59.20
914 59.28
915 59.31
916 59.21
917 59.26
918 59.21
919 59.15
920 59.29
921 59.18
922 59.31
923 59.09
924 59.29
925 59.28
926 59.28
927 59.22
928 59.10
929 59.18
930 59.22
931 59.15
932 59.17
933 59.20
934 59.27
935 59.34
936 59.16
937 59.12
938 59.25
939 59.22
940 59.27
941 59.26
942 59.20
943 59.25
944 59.11
945 59.23
946 59.20
947 59.14
948 59.15
949 59.29
950 59.29
951 59.23
952 59.30
953 59.24
954 59.28
955 59.23
956 59.18
957 59.21
958 59.17
959 59.13
960 59.23
961 59.23
962 59.13
963 59.46
964 59.19
965 59.21
966 59.27
967 59.29
968 59.29
969 59.19
970 59.22
971 59.29
972 59.14
973 59.22
974 59.16
975 59.25
976 59.40
977 59.27
978 59.33
979 59.38
980 59.31
981 59.24
982 59.13
983 59.18
984 59.33
985 59.36
986 59.21
987 59.18
988 59.34
989 59.14
990 59.26
991 59.24
992 59.27
993 59.31
994 59.33
995 59.35
996 59.21
997 59.38
998 59.33
999 59.21
1000 59.32
1001 59.19
1002 59.20
1003 59.24
1004 59.20
1005 59.33
1006 59.25
1007 59.34
1008 59.26
1009 59.23
1010 59.23
1011 59.34
1012 59.31
1013 59.21
1014 59.24
1015 59.25
1016 59.28
1017 59.32
1018 59.14
1019 59.27
1020 59.35
1021 59.18
1022 59.27
1023 59.30
1024 59.27
1025 59.28
1026 59.31
1027 59.24
1028 59.29
1029 59.32
1030 59.39
1031 59.30
1032 59.24
1033 59.26
1034 59.40
1035 59.45
1036 59.31
1037 59.38
1038 59.32
1039 59.33
1040 59.19
1041 59.43
1042 59.36
1043 59.47
1044 59.31
1045 59.35
1046 59.41
1047 59.28
1048 59.31
1049 59.28
1050 59.29
1051 59.30
1052 59.35
1053 59.36
1054 59.41
1055 59.28
1056 59.15
1057 59.22
1058 59.24
1059 59.42
1060 59.34
1061 59.42
1062 59.32
1063 59.43
1064 59.33
1065 59.33
1066 59.30
1067 59.36
1068 59.38
1069 59.29
1070 59.31
1071 59.32
1072 59.43
1073 59.34
1074 59.31
1075 59.23
1076 59.21
1077 59.35
1078 59.30
1079 59.27
1080 59.36
1081 59.30
1082 59.39
1083 59.40
1084 59.28
1085 59.21
1086 59.34
1087 59.37
1088 59.29
1089 59.25
1090 59.32
1091 59.31
1092 59.29
1093 59.27
1094 59.32
1095 59.34
1096 59.31
1097 59.34
1098 59.31
1099 59.36
1100 59.42
1101 59.40
1102 59.19
1103 59.49
1104 59.39
1105 59.32
1106 59.32
1107 59.34
1108 59.40
1109 59.43
1110 59.38
1111 59.36
1112 59.52
1113 59.43
1114 59.32
1115 59.22
1116 59.32
1117 59.45
1118 59.39
1119 59.30
1120 59.42
1121 59.41
1122 59.31
1123 59.31
1124 59.37
1125 59.33
1126 59.27
1127 59.20
1128 59.36
1129 59.36
1130 59.40
1131 59.39
1132 59.27
1133 59.28
1134 59.32
1135 59.34
1136 59.34
1137 59.32
1138 59.32
1139 59.47
1140 59.48
1141 59.31
1142 59.39
1143 59.36
1144 59.23
1145 59.32
1146 59.38
1147 59.36
1148 59.52
1149 59.31
1150 59.34
1151 59.43
1152 59.42
1153 59.38
1154 59.33
1155 59.49
1156 59.54
1157 59.34
1158 59.39
1159 59.28
1160 59.38
1161 59.24
1162 59.34
1163 59.51
1164 59.43
1165 59.41
1166 59.43
1167 59.47
1168 59.41
1169 59.28
1170 59.31
1171 59.37
1172 59.44
1173 59.38
1174 59.37
1175 59.46
1176 59.36
1177 59.33
1178 59.38
1179 59.40
1180 59.42
1181 59.47
1182 59.35
1183 59.37
1184 59.41
1185 59.43
1186 59.47
1187 59.35
1188 59.42
1189 59.45
1190 59.33
1191 59.39
1192 59.37
1193 59.47
1194 59.45
1195 59.33
1196 59.33
1197 59.37
1198 59.36
1199 59.57
1200 59.45
1201 59.38
1202 59.45
1203 59.41
1204 59.32
1205 59.40
1206 59.61
1207 59.46
1208 59.46
1209 59.34
1210 59.47
1211 59.46
1212 59.40
1213 59.30
1214 59.42
1215 59.44
1216 59.49
1217 59.31
1218 59.52
1219 59.48
1220 59.44
1221 59.38
1222 59.36
1223 59.42
1224 59.49
1225 59.51
1226 59.45
1227 59.49
1228 59.44
1229 59.37
1230 59.46
1231 59.43
1232 59.46
1233 59.43
1234 59.56
1235 59.53
1236 59.44
1237 59.42
1238 59.34
1239 59.44
1240 59.46
1241 59.53
1242 59.52
1243 59.52
1244 59.38
1245 59.43
1246 59.42
1247 59.49
1248 59.42
1249 59.47
1250 59.46
1251 59.48
1252 59.45
1253 59.52
1254 59.44
1255 59.40
1256 59.43
1257 59.48
1258 59.52
1259 59.45
1260 59.47
1261 59.51
1262 59.57
1263 59.42
1264 59.43
1265 59.47
1266 59.47
1267 59.38
1268 59.43
1269 59.41
1270 59.51
1271 59.44
1272 59.34
1273 59.45
1274 59.38
1275 59.54
1276 59.50
1277 59.57
1278 59.54
1279 59.42
1280 59.38
1281 59.44
1282 59.54
1283 59.65
1284 59.54
1285 59.58
1286 59.56
1287 59.50
1288 59.43
1289 59.41
1290 59.50
1291 59.44
1292 59.40
1293 59.39
1294 59.59
1295 59.49
1296 59.45
1297 59.35
1298 59.38
1299 59.40
1300 59.44
1301 59.38
1302 59.59
1303 59.50
1304 59.47
1305 59.47
1306 59.46
1307 59.43
1308 59.51
1309 59.53
1310 59.51
1311 59.52
1312 59.46
1313 59.55
1314 59.52
1315 59.42
1316 59.43
1317 59.38
1318 59.49
1319 59.64
1320 59.61
1321 59.47
1322 59.36
1323 59.45
1324 59.50
1325 59.38
1326 59.48
1327 59.56
1328 59.47
1329 59.49
1330 59.49
1331 59.44
1332 59.51
1333 59.39
1334 59.43
1335 59.47
1336 59.49
1337 59.47
1338 59.54
1339 59.59
1340 59.50
1341 59.67
1342 59.45
1343 59.61
1344 59.55
1345 59.45
1346 59.49
1347 59.52
1348 59.45
1349 59.52
1350 59.47
1351 59.53
1352 59.58
1353 59.45
1354 59.50
1355 59.49
1356 59.47
1357 59.56
1358 59.46
1359 59.49
1360 59.58
1361 59.65
1362 59.59
1363 59.48
1364 59.59
1365 59.50
1366 59.41
1367 59.48
1368 59.53
1369 59.47
1370 59.63
1371 59.52
1372 59.54
1373 59.36
1374 59.59
1375 59.50
1376 59.46
1377 59.60
1378 59.49
1379 59.54
1380 59.53
1381 59.48
1382 59.40
1383 59.56
1384 59.39
1385 59.44
1386 59.56
1387 59.56
1388 59.61
1389 59.49
1390 59.41
1391 59.59
1392 59.46
1393 59.47
1394 59.42
1395 59.56
1396 59.61
1397 59.54
1398 59.46
1399 59.62
1400 59.50
1401 59.53
1402 59.56
1403 59.70
1404 59.63
1405 59.65
1406 59.49
1407 59.68
1408 59.58
1409 59.51
1410 59.44
1411 59.45
1412 59.56
1413 59.60
1414 59.53
1415 59.49
1416 59.63
1417 59.56
1418 59.54
1419 59.56
1420 59.61
1421 59.46
1422 59.63
1423 59.58
1424 59.60
1425 59.50
1426 59.61
1427 59.50
1428 59.49
1429 59.66
1430 59.55
1431 59.53
1432 59.59
1433 59.61
1434 59.54
1435 59.47
1436 59.59
1437 59.56
1438 59.59
1439 59.64
1440 59.64
1441 59.52
1442 59.59
1443 59.57
1444 59.51
1445 59.50
1446 59.57
1447 59.64
1448 59.59
1449 59.66
1450 59.65
1451 59.50
1452 59.56
1453 59.54
1454 59.71
1455 59.60
1456 59.62
1457 59.43
1458 59.54
1459 59.55
1460 59.55
1461 59.57
1462 59.63
1463 59.65
1464 59.61
1465 59.74
1466 59.61
1467 59.63
1468 59.55
1469 59.65
1470 59.42
1471 59.59
1472 59.62
1473 59.50
1474 59.71
1475 59.59
1476 59.53
1477 59.53
1478 59.45
1479 59.57
1480 59.67
1481 59.50
1482 59.62
1483 59.62
1484 59.68
1485 59.59
1486 59.65
1487 59.61
1488 59.60
1489 59.61
1490 59.64
1491 59.70
1492 59.61
1493 59.68
1494 59.64
1495 59.58
1496 59.65
1497 59.55
1498 59.59
1499 59.62
1500 59.63
1501 59.66
1502 59.69
1503 59.63
1504 59.50
1505 59.57
1506 59.60
1507 59.58
1508 59.61
1509 59.59
1510 59.69
1511 59.66
1512 59.54
1513 59.48
1514 59.61
1515 59.69
1516 59.58
1517 59.68
1518 59.71
1519 59.69
1520 59.65
1521 59.57
1522 59.67
1523 59.58
1524 59.72
1525 59.77
1526 59.68
1527 59.65
1528 59.49
1529 59.63
1530 59.56
1531 59.74
1532 59.66
1533 59.55
1534 59.64
1535 59.70
1536 59.69
1537 59.62
1538 59.56
1539 59.82
1540 59.53
1541 59.65
1542 59.51
1543 59.78
1544 59.70
1545 59.61
1546 59.65
1547 59.66
1548 59.50
1549 59.56
1550 59.58
1551 59.67
1552 59.68
1553 59.79
1554 59.62
1555 59.58
1556 59.68
1557 59.57
1558 59.45
1559 59.66
1560 59.62
1561 59.74
1562 59.68
1563 59.61
1564 59.71
1565 59.65
1566 59.65
1567 59.69
1568 59.66
1569 59.60
1570 59.73
1571 59.62
1572 59.65
1573 59.71
1574 59.53
1575 59.64
1576 59.70
1577 59.70
1578 59.78
1579 59.65
1580 59.67
1581 59.60
1582 59.70
1583 59.62
1584 59.65
1585 59.84
1586 59.65
1587 59.65
1588 59.62
1589 59.74
1590 59.58
1591 59.59
1592 59.71
1593 59.74
1594 59.76
1595 59.72
1596 59.66
1597 59.82
1598 59.52
1599 59.59
1600 59.71
1601 59.66
1602 59.70
1603 59.65
1604 59.61
1605 59.72
1606 59.58
1607 59.54
1608 59.70
1609 59.79
1610 59.76
1611 59.77
1612 59.62
1613 59.64
1614 59.70
1615 59.59
1616 59.57
1617 59.77
1618 59.72
1619 59.66
1620 59.59
1621 59.71
1622 59.60
1623 59.70
1624 59.75
1625 59.76
1626 59.70
1627 59.77
1628 59.67
1629 59.54
1630 59.72
1631 59.77
1632 59.79
1633 59.72
1634 59.70
1635 59.71
1636 59.60
1637 59.58
1638 59.76
1639 59.75
1640 59.64
1641 59.69
1642 59.77
1643 59.73
1644 59.78
1645 59.71
1646 59.71
1647 59.76
1648 59.62
1649 59.72
1650 59.81
1651 59.74
1652 59.79
1653 59.65
1654 59.75
1655 59.77
1656 59.65
1657 59.70
1658 59.77
1659 59.73
1660 59.72
1661 59.70
1662 59.71
1663 59.68
1664 59.61
1665 59.74
1666 59.76
1667 59.74
1668 59.74
1669 59.73
1670 59.72
1671 59.74
1672 59.69
1673 59.74
1674 59.64
1675 59.70
1676 59.74
1677 59.77
1678 59.79
1679 59.75
1680 59.71
1681 59.63
1682 59.78
1683 59.69
1684 59.81
1685 59.77
1686 59.83
1687 59.84
1688 59.72
1689 59.58
1690 59.61
1691 59.74
1692 59.81
1693 59.81
1694 59.67
1695 59.83
1696 59.56
1697 59.77
1698 59.80
1699 59.90
1700 59.72
1701 59.74
1702 59.70
1703 59.76
1704 59.56
1705 59.80
1706 59.83
1707 59.71
1708 59.75
1709 59.70
1710 59.75
1711 59.81
1712 59.77
1713 59.74
1714 59.80
1715 59.70
1716 59.73
1717 59.77
1718 59.81
1719 59.82
1720 59.77
1721 59.87
1722 59.71
1723 59.76
1724 59.63
1725 59.75
1726 59.84
1727 59.79
1728 59.74
1729 59.71
1730 59.80
1731 59.76
1732 59.68
1733 59.78
1734 59.74
1735 59.79
1736 59.72
1737 59.74
1738 59.79
1739 59.68
1740 59.74
1741 59.82
1742 59.94
1743 59.74
1744 59.85
1745 59.78
1746 59.78
1747 59.81
1748 59.73
1749 59.78
1750 59.79
1751 59.72
1752 59.76
1753 59.68
1754 59.74
1755 59.82
1756 59.71
1757 59.74
1758 59.82
1759 59.79
1760 59.72
1761 59.80
1762 59.80
1763 59.85
1764 59.85
1765 59.72
1766 59.70
1767 59.71
1768 59.67
1769 59.83
1770 59.81
1771 59.79
1772 59.85
1773 59.79
1774 59.71
1775 59.73
1776 59.82
1777 59.74
1778 59.85
1779 59.84
1780 59.68
1781 59.70
1782 59.77
1783 59.80
1784 59.89
1785 59.90
1786 59.81
1787 59.84
1788 59.73
1789 59.81
1790 59.74
1791 59.82
1792 59.69
1793 59.72
1794 59.78
1795 59.68
1796 59.78
1797 59.85
1798 59.81
1799 59.97
1800 59.78
1801 59.95
1802 59.91
1803 59.78
1804 59.79
1805 59.75
1806 59.70
1807 59.69
1808 59.87
1809 59.93
1810 59.81
1811 59.82
1812 59.81
1813 59.70
1814 59.78
1815 59.76
1816 59.92
1817 59.74
1818 59.84
1819 59.81
1820 59.81
1821 59.75
1822 59.79
1823 59.75
1824 59.94
1825 59.90
1826 59.65
1827 59.73
1828 59.66
1829 59.87
1830 59.85
1831 59.96
1832 59.72
1833 59.88
1834 59.81
1835 59.87
1836 59.82
1837 59.84
1838 59.78
1839 59.76
1840 59.77
1841 59.88
1842 59.92
1843 59.81
1844 59.84
1845 59.76
1846 59.74
1847 59.87
1848 59.96
1849 59.81
1850 59.72
1851 59.74
1852 59.84
1853 59.95
1854 59.87
1855 59.80
1856 59.78
1857 59.74
1858 59.75
1859 59.83
1860 59.92
1861 59.85
1862 59.74
1863 59.76
1864 59.86
1865 59.89
1866 59.78
1867 59.85
1868 59.86
1869 59.71
1870 59.76
1871 59.84
1872 59.87
1873 59.87
1874 59.83
1875 59.79
1876 59.54
1877 59.88
1878 59.84
1879 59.77
1880 59.70
1881 59.88
1882 59.73
1883 59.77
1884 59.81
1885 59.72
1886 59.70
1887 59.82
1888 59.90
1889 59.78
1890 59.86
1891 59.78
1892 59.96
1893 59.94
1894 59.85
1895 59.89
1896 59.79
1897 59.85
1898 59.85
1899 59.85
1900 59.80
1901 59.91
1902 59.75
1903 59.80
1904 59.80
1905 59.83
1906 59.81
1907 59.79
1908 59.70
1909 59.81
1910 59.89
1911 59.89
1912 59.73
1913 59.76
1914 59.90
1915 59.93
1916 59.86
1917 59.87
1918 59.77
1919 59.70
1920 59.89
1921 59.82
1922 59.95
1923 59.77
1924 59.76
1925 59.94
1926 59.87
1927 59.88
1928 59.84
1929 59.71
1930 59.74
1931 59.87
1932 59.83
1933 59.79
1934 59.94
1935 59.72
1936 59.79
1937 59.87
1938 59.92
1939 59.86
1940 59.77
1941 59.76
1942 59.87
1943 59.87
1944 59.96
1945 59.93
1946 59.85
1947 59.83
1948 59.97
1949 59.87
1950 59.81
1951 59.97
1952 59.79
1953 59.87
1954 59.92
1955 59.91
1956 59.88
1957 59.90
1958 59.88
1959 59.83
1960 59.87
1961 59.85
1962 59.75
1963 59.81
1964 59.86
1965 59.92
1966 59.76
1967 59.88
1968 59.87
1969 59.76
1970 59.89
1971 59.94
1972 59.83
1973 59.79
1974 59.89
1975 59.84
1976 59.90
1977 59.95
1978 59.92
1979 59.90
1980 59.80
1981 59.88
1982 59.91
1983 59.84
1984 59.97
1985 59.83
1986 59.82
1987 59.93
1988 59.90
1989 59.90
1990 59.81
1991 59.89
1992 59.83
1993 59.85
1994 59.99
1995 60.06
1996 59.87
1997 59.85
1998 59.89
1999 59.91
2000 59.92
2001 59.90
2002 59.81
2003 59.81
2004 59.90
2005 59.91
2006 59.88
2007 59.85
2008 59.85
2009 59.85
2010 59.97
2011 59.94
2012 59.79
2013 59.80
2014 59.83
2015 59.87
2016 59.85
2017 59.87
2018 59.87
2019 59.85
2020 59.89
2021 60.01
2022 60.00
2023 59.81
2024 59.83
2025 59.81
2026 59.94
2027 59.90
2028 59.99
2029 59.93
2030 59.81
2031 59.91
2032 59.94
2033 59.90
2034 60.05
2035 59.90
2036 59.84
2037 59.85
2038 59.94
2039 59.99
2040 59.85
2041 59.94
2042 59.89
2043 59.97
2044 59.96
2045 59.94
2046 59.96
2047 59.85
2048 59.82
2049 60.01
2050 59.84
2051 60.12
2052 59.98
2053 59.86
2054 59.96
2055 59.98
2056 59.82
2057 59.78
2058 59.88
2059 59.72
2060 59.88
2061 59.94
2062 60.01
2063 59.88
2064 59.84
2065 59.83
2066 59.84
2067 59.87
2068 60.00
2069 59.98
2070 59.90
2071 59.82
2072 60.03
2073 60.00
2074 59.91
2075 60.03
2076 59.90
2077 59.91
2078 59.91
2079 59.99
2080 59.95
2081 60.03
2082 59.89
2083 59.97
2084 59.87
2085 59.93
2086 59.96
2087 59.96
2088 60.00
2089 59.88
2090 59.86
2091 59.89
2092 59.99
2093 59.97
2094 59.98
2095 59.90
2096 59.92
2097 59.94
2098 59.99
2099 59.87
2100 59.92
2101 60.02
2102 59.93
2103 59.94
2104 59.95
2105 59.94
2106 59.88
2107 59.96
2108 59.98
2109 59.94
2110 59.88
2111 59.88
2112 59.90
2113 59.91
2114 59.89
2115 59.88
2116 59.90
2117 59.88
2118 59.98
2119 59.94
2120 59.99
2121 59.99
2122 59.90
2123 59.92
2124 60.04
2125 60.05
2126 59.92
2127 59.83
2128 59.95
2129 60.05
2130 59.99
2131 59.90
2132 59.98
2133 59.94
2134 59.97
2135 60.00
2136 59.90
2137 60.05
2138 59.84
2139 59.91
2140 59.99
2141 59.92
2142 59.96
2143 59.90
2144 59.94
2145 59.83
2146 59.95
2147 59.94
2148 59.87
2149 59.94
2150 59.84
2151 59.90
2152 59.88
2153 60.05
2154 60.04
2155 59.83
2156 59.92
2157 60.01
2158 60.03
2159 59.99
2160 60.02
2161 60.03
2162 59.90
2163 59.87
2164 59.94
2165 60.10
2166 59.92
2167 59.94
2168 60.05
2169 59.93
2170 60.02
2171 59.96
2172 60.00
2173 60.03
2174 60.09
2175 59.84
2176 59.89
2177 60.03
2178 59.92
2179 59.92
2180 59.90
2181 59.91
2182 59.92
2183 60.08
2184 60.11
2185 59.95
2186 59.90
2187 59.99
2188 60.04
2189 60.14
2190 60.00
2191 60.05
2192 60.05
2193 59.94
2194 59.94
2195 60.03
2196 60.12
2197 60.01
2198 60.00
2199 60.02
2200 59.82
2201 59.92
2202 59.96
2203 60.06
2204 59.94
2205 59.94
2206 59.92
2207 59.89
2208 59.99
2209 60.05
2210 59.98
2211 59.97
2212 59.99
2213 60.02
2214 59.93
2215 59.82
2216 60.05
2217 60.05
2218 60.00
2219 60.03
2220 59.91
2221 59.96
2222 60.15
2223 60.08
2224 59.99
2225 60.06
2226 59.89
2227 59.96
2228 60.21
2229 60.11
2230 60.01
2231 59.96
2232 59.97
2233 60.03
2234 59.94
2235 60.07
2236 59.96
2237 60.08
2238 59.92
2239 60.00
2240 59.99
2241 60.06
2242 60.11
2243 60.10
2244 59.90
2245 60.05
2246 60.07
2247 59.92
2248 60.02
2249 60.14
2250 59.93
2251 60.05
2252 59.93
2253 60.08
2254 60.07
2255 60.00
2256 59.98
2257 59.96
2258 59.94
2259 60.06
2260 59.95
2261 59.99
2262 60.07
2263 60.01
2264 59.90
2265 59.96
2266 59.87
2267 60.06
2268 60.06
2269 60.02
2270 59.97
2271 60.03
2272 59.94
2273 59.96
2274 59.98
2275 60.04
2276 60.09
2277 59.97
2278 60.03
2279 59.92
2280 60.05
2281 60.19
2282 60.04
2283 60.12
2284 59.95
2285 60.01
2286 60.19
2287 59.92
2288 60.04
2289 60.06
2290 59.95
2291 59.96
2292 60.00
2293 60.12
2294 59.96
2295 59.97
2296 60.03
2297 59.92
2298 60.11
2299 60.16
2300 60.11
2301 59.94
2302 59.97
2303 60.10
2304 60.07
2305 60.00
2306 60.02
2307 60.17
2308 59.98
2309 59.99
2310 60.06
2311 60.10
2312 59.98
2313 60.10
2314 60.13
2315 59.98
2316 59.91
2317 59.98
2318 60.07
2319 60.10
2320 60.02
2321 60.04
2322 60.05
2323 59.80
2324 60.05
2325 60.05
2326 60.07
2327 60.01
2328 60.06
2329 60.11
2330 59.90
2331 59.93
2332 59.93
2333 60.14
2334 60.02
2335 59.93
2336 60.16
2337 60.10
2338 60.04
2339 60.16
2340 60.12
2341 60.05
2342 59.96
2343 60.05
2344 60.10
2345 60.17
2346 60.05
2347 60.10
2348 59.92
2349 60.03
2350 60.07
2351 60.14
2352 60.06
2353 59.99
2354 60.12
2355 60.12
2356 60.15
2357 60.15
2358 60.11
2359 60.03
2360 60.10
2361 60.03
2362 60.03
2363 60.08
2364 59.98
2365 60.22
2366 60.21
2367 59.92
2368 59.97
2369 60.00
2370 60.14
2371 60.05
2372 60.11
2373 60.19
2374 60.03
2375 60.05
2376 60.10
2377 59.97
2378 60.10
2379 60.10
2380 60.10
2381 60.01
2382 60.02
2383 60.06
2384 60.06
2385 60.10
2386 60.08
2387 60.10
2388 60.12
2389 60.09
2390 59.99
2391 59.91
2392 60.07
2393 60.07
2394 60.03
2395 60.03
2396 60.14
2397 60.01
2398 59.83
2399 59.97
2400 60.05
2401 60.15
2402 60.03
2403 59.99
2404 60.02
2405 59.95
2406 60.09
2407 60.11
2408 60.07
2409 60.03
2410 59.99
2411 60.03
2412 59.99
2413 60.06
2414 60.07
2415 60.06
2416 60.05
2417 59.95
2418 60.02
2419 60.05
2420 59.96
2421 60.19
2422 60.12
2423 60.08
2424 60.09
2425 59.99
2426 60.03
2427 60.09
2428 60.11
2429 60.10
2430 60.07
2431 59.95
2432 59.99
2433 60.10
2434 60.16
2435 60.13
2436 60.01
2437 60.21
2438 59.86
2439 60.03
2440 60.09
2441 60.13
2442 60.08
2443 60.10
2444 60.01
2445 60.08
2446 60.11
2447 60.02
2448 60.16
2449 60.09
2450 60.07
2451 60.03
2452 60.02
2453 60.17
2454 60.01
2455 60.17
2456 59.99
2457 60.16
2458 59.97
2459 60.06
2460 60.11
2461 60.04
2462 60.09
2463 60.26
2464 60.00
2465 60.07
2466 59.98
2467 60.08
2468 60.26
2469 60.28
2470 60.22
2471 60.14
2472 60.10
2473 60.01
2474 59.93
2475 60.08
2476 60.10
2477 60.16
2478 60.26
2479 60.02
2480 60.12
2481 59.93
2482 60.08
2483 60.18
2484 60.11
2485 59.97
2486 60.15
2487 60.04
2488 60.09
2489 59.96
2490 60.16
2491 60.27
2492 59.96
2493 60.08
2494 60.14
2495 60.13
2496 60.13
2497 60.07
2498 60.08
2499 60.16
2500 60.03
2501 60.08
2502 59.99
2503 60.09
2504 60.09
2505 60.16
2506 60.04
2507 59.99
2508 60.05
2509 60.03
2510 60.21
2511 60.05
2512 60.10
2513 60.12
2514 60.09
2515 60.10
2516 60.07
2517 60.00
2518 60.01
2519 60.05
2520 59.89
2521 60.10
2522 60.08
2523 59.95
2524 60.07
2525 60.09
2526 60.16
2527 60.12
2528 60.05
2529 60.04
2530 60.17
2531 60.07
2532 59.94
2533 60.02
2534 60.10
2535 60.15
2536 60.00
2537 60.04
2538 60.10
2539 60.09
2540 60.11
2541 60.06
2542 60.05
2543 60.13
2544 60.04
2545 60.08
2546 60.19
2547 60.17
2548 60.06
2549 60.17
2550 60.06
2551 60.14
2552 60.08
2553 60.09
2554 60.09
2555 60.04
2556 60.07
2557 60.12
2558 60.10
2559 60.10
2560 60.03
2561 60.14
2562 60.03
2563 60.15
2564 60.19
2565 60.16
2566 60.19
2567 60.08
2568 60.21
2569 60.14
2570 60.06
2571 60.12
2572 60.14
2573 60.14
2574 60.09
2575 60.05
2576 60.22
2577 60.18
2578 60.08
2579 60.15
2580 60.10
2581 60.14
2582 60.20
2583 60.03
2584 60.10
2585 60.08
2586 60.12
2587 60.10
2588 60.09
2589 60.23
2590 60.11
2591 60.05
2592 60.05
2593 60.18
2594 60.12
2595 59.99
2596 60.12
2597 60.15
2598 60.13
2599 60.17
2600 60.01
2601 60.01
2602 60.17
2603 60.05
2604 60.10
2605 60.19
2606 60.08
2607 59.95
2608 60.16
2609 60.10
2610 60.10
2611 60.16
2612 60.06
2613 60.18
2614 60.06
2615 60.07
2616 60.13
2617 60.14
2618 60.04
2619 60.06
2620 60.30
2621 60.23
2622 60.14
2623 60.07
2624 60.07
2625 60.11
2626 60.05
2627 60.13
2628 60.08
2629 60.15
2630 60.12
2631 60.04
2632 60.07
2633 60.07
2634 60.17
2635 60.09
2636 60.10
2637 60.27
2638 60.29
2639 60.02
2640 60.08
2641 60.04
2642 60.10
2643 60.11
2644 60.23
2645 60.13
2646 60.21
2647 60.09
2648 60.08
2649 60.11
2650 60.08
2651 60.22
2652 60.22
2653 60.22
2654 60.16
2655 60.19
2656 60.11
2657 60.17
2658 60.10
2659 60.12
2660 60.23
2661 60.07
2662 60.15
2663 60.10
2664 60.23
2665 60.21
2666 60.23
2667 60.17
2668 60.09
2669 60.18
2670 60.14
2671 60.00
2672 60.07
2673 60.11
2674 60.24
2675 60.15
2676 60.08
2677 60.21
2678 60.28
2679 60.08
2680 60.12
2681 60.13
2682 60.10
2683 60.21
2684 60.12
2685 60.14
2686 60.24
2687 60.12
2688 60.07
2689 60.14
2690 60.25
2691 60.18
2692 60.07
2693 60.08
2694 60.20
2695 60.04
2696 60.18
2697 60.13
2698 60.06
2699 60.14
2700 60.27
2701 60.14
2702 60.14
2703 60.20
2704 60.12
2705 60.05
2706 60.12
2707 60.14
2708 60.10
2709 60.23
2710 60.23
2711 60.12
2712 60.06
2713 60.11
2714 60.11
2715 60.14
2716 60.32
2717 60.17
2718 60.29
2719 60.24
2720 60.17
2721 60.15
2722 60.04
2723 60.11
2724 60.28
2725 60.08
2726 60.11
2727 60.27
2728 60.12
2729 60.14
2730 60.05
2731 60.23
2732 60.05
2733 60.17
2734 60.24
2735 60.19
2736 60.17
2737 60.21
2738 60.17
2739 60.07
2740 60.07
2741 60.05
2742 60.11
2743 60.14
2744 60.20
2745 60.23
2746 60.16
2747 60.08
2748 60.09
2749 60.14
2750 60.12
2751 60.28
2752 60.03
2753 60.27
2754 60.02
2755 60.04
2756 60.03
2757 60.08
2758 60.03
2759 60.14
2760 60.17
2761 60.23
2762 60.13
2763 60.06
2764 60.27
2765 60.19
2766 60.04
2767 60.17
2768 60.09
2769 60.28
2770 60.15
2771 60.16
2772 60.19
2773 60.13
2774 60.25
2775 60.25
2776 60.17
2777 60.10
2778 60.06
2779 60.16
2780 60.15
2781 60.28
2782 60.27
2783 60.21
2784 60.22
2785 60.18
2786 60.14
2787 60.25
2788 60.27
2789 60.28
2790 60.11
2791 60.21
2792 60.07
2793 60.16
2794 60.20
2795 60.08
2796 60.34
2797 60.24
2798 60.09
2799 60.21
2800 60.15
2801 60.14
2802 60.12
2803 60.28
2804 60.24
2805 60.30
2806 60.22
2807 60.09
2808 60.09
2809 60.19
2810 60.28
2811 60.22
2812 60.30
2813 60.17
2814 60.10
2815 60.16
2816 60.14
2817 60.15
2818 60.36
2819 60.17
2820 60.02
2821 60.17
2822 60.16
2823 60.10
2824 60.20
2825 60.23
2826 60.36
2827 60.13
2828 60.10
2829 60.16
2830 60.10
2831 60.30
2832 60.18
2833 60.18
2834 60.34
2835 60.19
2836 60.16
2837 60.14
2838 60.18
2839 60.30
2840 60.19
2841 60.19
2842 60.21
2843 60.17
2844 60.17
2845 60.24
2846 60.19
2847 60.30
2848 60.21
2849 60.27
2850 60.16
2851 60.15
2852 60.23
2853 60.15
2854 60.23
2855 60.27
2856 60.32
2857 60.14
2858 60.31
2859 60.17
2860 60.19
2861 60.24
2862 60.15
2863 60.22
2864 60.13
2865 60.31
2866 60.19
2867 60.08
2868 60.18
2869 60.19
2870 60.29
2871 60.28
2872 60.19
2873 60.30
2874 60.05
2875 60.23
2876 60.12
2877 60.17
2878 60.19
2879 60.15
2880 60.21
2881 60.21
2882 60.10
2883 60.20
2884 60.17
2885 60.27
2886 60.18
2887 60.23
2888 60.13
2889 60.17
2890 60.11
2891 60.07
2892 60.31
2893 60.27
2894 60.24
2895 60.13
2896 60.14
2897 60.28
2898 60.05
2899 60.17
2900 60.27
2901 60.19
2902 60.20
2903 60.26
2904 60.04
2905 60.12
2906 60.15
2907 60.14
2908 60.20
2909 60.34
2910 60.35
2911 60.18
2912 60.15
2913 60.16
2914 60.12
2915 60.16
2916 60.23
2917 60.16
2918 60.29
2919 60.10
2920 60.31
2921 60.17
2922 60.20
2923 60.09
2924 60.22
2925 60.30
2926 60.20
2927 60.21
2928 60.24
2929 60.09
2930 60.28
2931 60.26
2932 60.18
2933 60.16
2934 60.23
2935 60.31
2936 60.27
2937 60.08
2938 60.15
2939 60.21
2940 60.07
2941 60.11
2942 60.28
2943 60.22
2944 60.20
2945 60.17
2946 60.21
2947 60.10
2948 60.17
2949 60.16
2950 60.19
2951 60.24
2952 60.30
2953 60.11
2954 60.08
2955 60.17
2956 60.13
2957 60.20
2958 60.16
2959 60.24
2960 60.16
2961 60.23
2962 60.27
2963 60.12
2964 60.25
2965 60.23
2966 60.30
2967 60.16
2968 60.20
2969 60.14
2970 60.21
2971 60.31
2972 60.30
2973 60.22
2974 60.33
2975 60.21
2976 60.27
2977 60.20
2978 60.30
2979 60.23
2980 60.27
2981 60.33
2982 60.17
2983 60.07
2984 60.16
2985 60.33
2986 60.22
2987 60.28
2988 60.29
2989 60.28
2990 60.16
2991 60.07
2992 60.29
2993 60.16
2994 60.25
2995 60.30
2996 60.23
2997 60.23
2998 60.21
2999 60.15
3000 60.20
3001 60.13
3002 60.30
3003 60.23
3004 60.26
3005 60.32
3006 60.21
3007 60.28
3008 60.06
3009 60.27
3010 60.25
3011 60.24
3012 60.19
3013 60.28
3014 60.16
3015 60.17
3016 60.22
3017 60.18
3018 60.17
3019 60.24
3020 60.32
3021 60.11
3022 60.23
3023 60.19
3024 60.07
3025 60.28
3026 60.23
3027 60.22
3028 60.23
3029 60.26
3030 60.29
3031 60.23
3032 60.14
3033 60.09
3034 60.18
3035 60.33
3036 60.25
3037 60.21
3038 60.20
3039 60.19
3040 60.22
3041 60.15
3042 60.16
3043 60.26
3044 60.32
3045 60.24
3046 60.23
3047 60.27
3048 60.24
3049 60.17
3050 60.14
3051 60.17
3052 60.24
3053 60.45
3054 60.30
3055 60.24
3056 60.30
3057 60.15
3058 60.10
3059 60.23
3060 60.28
3061 60.28
3062 60.20
3063 60.29
3064 60.25
3065 60.27
3066 60.21
3067 60.17
3068 60.18
3069 60.35
3070 60.10
3071 60.14
3072 60.23
3073 60.25
3074 60.24
3075 60.28
3076 60.20
3077 60.27
3078 60.25
3079 60.12
3080 60.19
3081 60.37
3082 60.27
3083 60.14
3084 60.14
3085 60.27
3086 60.21
3087 60.22
3088 60.25
3089 60.11
3090 60.23
3091 60.39
3092 60.20
3093 60.18
3094 60.27
3095 60.21
3096 60.19
3097 60.23
3098 60.18
3099 60.34
3100 60.32
3101 60.12
3102 60.16
3103 60.26
3104 60.22
3105 60.28
3106 60.36
3107 60.22
3108 60.34
3109 60.32
3110 60.14
3111 60.30
3112 60.26
3113 60.14
3114 60.14
3115 60.24
3116 60.25
3117 60.28
3118 60.31
3119 60.15
3120 60.24
3121 60.16
3122 60.25
3123 60.22
3124 60.27
3125 60.21
3126 60.28
3127 60.31
3128 60.35
3129 60.34
3130 60.24
3131 60.15
3132 60.26
3133 60.24
3134 60.32
3135 60.33
3136 60.29
3137 60.30
3138 60.35
3139 60.27
3140 60.12
3141 60.31
3142 60.28
3143 60.27
3144 60.30
3145 60.24
3146 60.36
3147 60.30
3148 60.25
3149 60.21
3150 60.22
3151 60.17
3152 60.32
3153 60.21
3154 60.26
3155 60.29
3156 60.24
3157 60.19
3158 60.26
3159 60.28
3160 60.37
3161 60.14
3162 60.28
3163 60.27
3164 60.33
3165 60.23
3166 60.22
3167 60.17
3168 60.24
3169 60.20
3170 60.21
3171 60.30
3172 60.29
3173 60.25
3174 60.26
3175 60.27
3176 60.18
3177 60.22
3178 60.23
3179 60.20
3180 60.38
3181 60.37
3182 60.32
3183 60.23
3184 60.21
3185 60.30
3186 60.21
3187 60.34
3188 60.25
3189 60.21
3190 60.25
3191 60.20
3192 60.19
3193 60.21
3194 60.33
3195 60.16
3196 60.35
3197 60.16
3198 60.36
3199 60.33
3200 60.30
3201 60.30
3202 60.19
3203 60.21
3204 60.28
3205 60.21
3206 60.27
3207 60.26
3208 60.28
3209 60.33
3210 60.37
3211 60.23
3212 60.21
3213 60.22
3214 60.38
3215 60.22
3216 60.36
3217 60.33
3218 60.28
3219 60.25
3220 60.37
3221 60.25
3222 60.18
3223 60.28
3224 60.46
3225 60.37
3226 60.35
3227 60.28
3228 60.35
3229 60.31
3230 60.14
3231 60.26
3232 60.21
3233 60.24
3234 60.33
3235 60.38
3236 60.18
3237 60.32
3238 60.29
3239 60.39
3240 60.16
3241 60.23
3242 60.29
3243 60.34
3244 60.25
3245 60.26
3246 60.38
3247 60.32
3248 60.20
3249 60.21
3250 60.31
3251 60.22
3252 60.30
3253 60.20
3254 60.28
3255 60.33
3256 60.29
3257 60.32
3258 60.32
3259 60.19
3260 60.30
3261 60.21
3262 60.12
3263 60.33
3264 60.36
3265 60.27
3266 60.25
3267 60.31
3268 60.34
3269 60.38
3270 60.29
3271 60.28
3272 60.30
3273 60.32
3274 60.30
3275 60.47
3276 60.37
3277 60.26
3278 60.28
3279 60.40
3280 60.24
3281 60.21
3282 60.30
3283 60.33
3284 60.27
3285 60.24
3286 60.40
3287 60.33
3288 60.36
3289 60.11
3290 60.28
3291 60.23
3292 60.31
3293 60.42
3294 60.32
3295 60.35
3296 60.30
3297 60.30
3298 60.20
3299 60.26
3300 60.30
3301 60.25
3302 60.26
3303 60.35
3304 60.34
3305 60.28
3306 60.20
3307 60.24
3308 60.34
3309 60.16
3310 60.26
3311 60.31
3312 60.26
3313 60.33
3314 60.23
3315 60.33
3316 60.21
3317 60.43
3318 60.19
3319 60.19
3320 60.35
3321 60.42
3322 60.32
3323 60.35
3324 60.26
3325 60.19
3326 60.12
3327 60.24
3328 60.23
3329 60.32
3330 60.36
3331 60.38
3332 60.23
3333 60.24
3334 60.35
3335 60.20
3336 60.30
3337 60.22
3338 60.36
3339 60.38
3340 60.25
3341 60.19
3342 60.41
3343 60.30
3344 60.30
3345 60.17
3346 60.26
3347 60.39
3348 60.34
3349 60.26
3350 60.36
3351 60.27
3352 60.25
3353 60.32
3354 60.29
3355 60.41
3356 60.43
3357 60.22
3358 60.31
3359 60.44
3360 60.22
3361 60.28
3362 60.38
3363 60.27
3364 60.39
3365 60.34
3366 60.22
3367 60.43
3368 60.33
3369 60.24
3370 60.38
3371 60.29
3372 60.43
3373 60.36
3374 60.37
3375 60.35
3376 60.27
3377 60.23
3378 60.30
3379 60.27
3380 60.39
3381 60.24
3382 60.31
3383 60.27
3384 60.36
3385 60.29
3386 60.29
3387 60.30
3388 60.17
3389 60.43
3390 60.30
3391 60.33
3392 60.38
3393 60.29
3394 60.26
3395 60.29
3396 60.33
3397 60.34
3398 60.29
3399 60.28
3400 60.35
3401 60.24
3402 60.27
3403 60.25
3404 60.33
3405 60.25
3406 60.35
3407 60.35
3408 60.26
3409 60.41
3410 60.27
3411 60.28
3412 60.23
3413 60.40
3414 60.33
3415 60.42
3416 60.37
3417 60.38
3418 60.44
3419 60.32
3420 60.16
3421 60.23
3422 60.38
3423 60.36
3424 60.32
3425 60.33
3426 60.35
3427 60.27
3428 60.35
3429 60.24
3430 60.37
3431 60.46
3432 60.21
3433 60.34
3434 60.29
3435 60.16
3436 60.32
3437 60.29
3438 60.32
3439 60.42
3440 60.33
3441 60.44
3442 60.39
3443 60.26
3444 60.32
3445 60.24
3446 60.31
3447 60.34
3448 60.23
3449 60.35
3450 60.35
3451 60.32
3452 60.36
3453 60.32
3454 60.40
3455 60.39
3456 60.30
3457 60.38
3458 60.28
3459 60.25
3460 60.29
3461 60.34
3462 60.39
3463 60.34
3464 60.21
3465 60.21
3466 60.41
3467 60.36
3468 60.27
3469 60.32
3470 60.36
3471 60.46
3472 60.38
3473 60.25
3474 60.45
3475 60.21
3476 60.12
3477 60.25
3478 60.36
3479 60.35
3480 60.41
3481 60.27
3482 60.39
3483 60.40
3484 60.35
3485 60.19
3486 60.23
3487 60.32
3488 60.35
3489 60.34
3490 60.32
3491 60.39
3492 60.31
3493 60.21
3494 60.40
3495 60.35
3496 60.29
3497 60.42
3498 60.35
3499 60.39
3500 60.30
3501 60.26
3502 60.23
3503 60.30
3504 60.54
3505 60.42
3506 60.35
3507 60.27
3508 60.40
3509 60.24
3510 60.24
3511 60.25
3512 60.33
3513 60.53
3514 60.39
3515 60.50
3516 60.32
3517 60.21
3518 60.37
3519 60.27
3520 60.36
3521 60.39
3522 60.43
3523 60.32
3524 60.35
3525 60.43
3526 60.34
3527 60.35
3528 60.28
3529 60.36
3530 60.40
3531 60.25
3532 60.41
3533 60.45
3534 60.34
3535 60.26
3536 60.24
3537 60.41
3538 60.34
3539 60.35
3540 60.28
3541 60.26
3542 60.27
3543 60.48
3544 60.25
3545 60.25
3546 60.26
3547 60.38
3548 60.38
3549 60.41
3550 60.36
3551 60.27
3552 60.27
3553 60.34
3554 60.30
3555 60.32
3556 60.28
3557 60.40
3558 60.32
3559 60.27
3560 60.39
3561 60.35
3562 60.18
3563 60.34
3564 60.28
3565 60.25
3566 60.21
3567 60.25
3568 60.38
3569 60.38
3570 60.40
3571 60.25
3572 60.45
3573 60.32
3574 60.24
3575 60.17
3576 60.39
3577 60.36
3578 60.43
3579 60.31
3580 60.29
3581 60.41
3582 60.33
3583 60.25
3584 60.31
3585 60.36
3586 60.39
3587 60.20
3588 60.39
3589 60.41
3590 60.27
3591 60.26
3592 60.22
3593 60.39
3594 60.43
3595 60.18
3596 60.29
3597 60.33
3598 60.28
3599 60.32
3600 60.27
3601 60.45
3602 60.48
3603 60.36
3604 60.32
3605 60.30
3606 60.36
3607 60.27
3608 60.36
3609 60.34
3610 60.35
3611 60.35
3612 60.28
3613 60.33
3614 60.29
3615 60.25
3616 60.48
3617 60.23
3618 60.43
3619 60.30
3620 60.35
3621 60.21
3622 60.32
3623 60.28
3624 60.28
3625 60.42
3626 60.35
3627 60.41
3628 60.41
3629 60.26
3630 60.34
3631 60.33
3632 60.37
3633 60.30
3634 60.27
3635 60.40
3636 60.28
3637 60.34
3638 60.46
3639 60.21
3640 60.31
3641 60.37
3642 60.39
3643 60.36
3644 60.41
3645 60.41
3646 60.25
3647 60.21
3648 60.38
3649 60.34
3650 60.36
3651 60.32
3652 60.41
3653 60.28
3654 60.42
3655 60.30
3656 60.41
3657 60.27
3658 60.39
3659 60.30
3660 60.34
3661 60.23
3662 60.32
3663 60.37
3664 60.27
3665 60.32
3666 60.42
3667 60.23
3668 60.19
3669 60.20
3670 60.32
3671 60.37
3672 60.25
3673 60.50
3674 60.39
3675 60.57
3676 60.41
3677 60.34
3678 60.40
3679 60.23
3680 60.31
3681 60.41
3682 60.27
3683 60.42
3684 60.25
3685 60.31
3686 60.28
3687 60.33
3688 60.23
3689 60.40
3690 60.41
3691 60.35
3692 60.30
3693 60.29
3694 60.33
3695 60.25
3696 60.28
3697 60.22
3698 60.36
3699 60.41
3700 60.46
3701 60.49
3702 60.30
3703 60.30
3704 60.28
3705 60.24
3706 60.35
3707 60.38
3708 60.37
3709 60.46
3710 60.33
3711 60.36
3712 60.34
3713 60.32
3714 60.21
3715 60.39
3716 60.39
3717 60.39
3718 60.47
3719 60.27
3720 60.34
3721 60.39
3722 60.30
3723 60.33
3724 60.39
3725 60.38
3726 60.38
3727 60.37
3728 60.20
3729 60.38
3730 60.36
3731 60.21
3732 60.21
3733 60.38
3734 60.42
3735 60.43
3736 60.20
3737 60.30
3738 60.34
3739 60.47
3740 60.23
3741 60.41
3742 60.38
3743 60.33
3744 60.32
3745 60.39
3746 60.36
3747 60.33
3748 60.32
3749 60.42
3750 60.27
3751 60.45
3752 60.39
3753 60.38
3754 60.45
3755 60.25
3756 60.28
3757 60.28
3758 60.34
3759 60.37
3760 60.43
3761 60.20
3762 60.43
3763 60.36
3764 60.23
3765 60.32
3766 60.36
3767 60.32
3768 60.38
3769 60.39
3770 60.40
3771 60.33
3772 60.30
3773 60.34
3774 60.41
3775 60.38
3776 60.37
3777 60.25
3778 60.37
3779 60.32
3780 60.36
3781 60.39
3782 60.44
3783 60.45
3784 60.21
3785 60.28
3786 60.34
3787 60.38
3788 60.47
3789 60.44
3790 60.51
3791 60.32
3792 60.33
3793 60.38
3794 60.23
3795 60.36
3796 60.30
3797 60.45
3798 60.36
3799 60.23
3800 60.44
3801 60.43
3802 60.36
3803 60.45
3804 60.51
3805 60.45
3806 60.30
3807 60.31
3808 60.38
3809 60.39
3810 60.44
3811 60.48
3812 60.35
3813 60.32
3814 60.39
3815 60.38
3816 60.38
3817 60.41
3818 60.26
3819 60.39
3820 60.45
3821 60.35
3822 60.32
3823 60.31
3824 60.40
3825 60.29
3826 60.39
3827 60.43
3828 60.30
3829 60.28
3830 60.31
3831 60.38
3832 60.35
3833 60.44
3834 60.42
3835 60.39
3836 60.39
3837 60.19
3838 60.36
3839 60.41
3840 60.53
3841 60.42
3842 60.39
3843 60.25
3844 60.32
3845 60.27
3846 60.35
3847 60.29
3848 60.38
3849 60.36
3850 60.33
3851 60.23
3852 60.39
3853 60.33
3854 60.39
3855 60.43
3856 60.54
3857 60.28
3858 60.40
3859 60.40
3860 60.35
3861 60.35
3862 60.49
3863 60.26
3864 60.41
3865 60.30
3866 60.33
3867 60.28
3868 60.51
3869 60.43
3870 60.33
3871 60.39
3872 60.23
3873 60.34
3874 60.34
3875 60.34
3876 60.33
3877 60.33
3878 60.35
3879 60.45
3880 60.32
3881 60.34
3882 60.43
3883 60.36
3884 60.43
3885 60.34
3886 60.37
3887 60.54
3888 60.37
3889 60.25
3890 60.37
3891 60.38
3892 60.47
3893 60.32
3894 60.40
3895 60.28
3896 60.30
3897 60.20
3898 60.38
3899 60.48
3900 60.34
3901 60.35
3902 60.43
3903 60.40
3904 60.36
3905 60.21
3906 60.35
3907 60.45
3908 60.41
3909 60.40
3910 60.38
3911 60.53
3912 60.38
3913 60.34
3914 60.28
3915 60.41
3916 60.38
3917 60.46
3918 60.52
3919 60.45
3920 60.41
3921 60.25
3922 60.35
3923 60.34
3924 60.36
3925 60.48
3926 60.39
3927 60.36
3928 60.49
3929 60.45
3930 60.30
3931 60.36
3932 60.39
3933 60.38
3934 60.38
3935 60.30
3936 60.34
3937 60.34
3938 60.34
3939 60.39
3940 60.23
3941 60.36
3942 60.54
3943 60.32
3944 60.43
3945 60.34
3946 60.42
3947 60.31
3948 60.31
3949 60.33
3950 60.43
3951 60.34
3952 60.28
3953 60.44
3954 60.35
3955 60.36
3956 60.39
3957 60.24
3958 60.41
3959 60.42
3960 60.40
3961 60.26
3962 60.36
3963 60.40
3964 60.38
3965 60.35
3966 60.29
3967 60.36
3968 60.30
3969 60.33
3970 60.33
3971 60.44
3972 60.41
3973 60.33
3974 60.29
3975 60.43
3976 60.32
3977 60.37
3978 60.34
3979 60.48
3980 60.45
3981 60.34
3982 60.30
3983 60.38
3984 60.39
3985 60.39
3986 60.30
3987 60.45
3988 60.44
3989 60.30
3990 60.30
3991 60.27
3992 60.37
3993 60.23
3994 60.34
3995 60.45
3996 60.42
3997 60.45
3998 60.37
3999 60.27
4000 60.40
4001 60.21
4002 60.30
4003 60.34
4004 60.44
4005 60.51
4006 60.41
4007 60.31
4008 60.40
4009 60.37
4010 60.17
4011 60.32
4012 60.30
4013 60.46
4014 60.53
4015 60.33
4016 60.40
4017 60.40
4018 60.38
4019 60.28
4020 60.32
4021 60.36
4022 60.34
4023 60.39
4024 60.34
4025 60.38
4026 60.39
4027 60.35
4028 60.29
4029 60.32
4030 60.43
4031 60.43
4032 60.29
4033 60.47
4034 60.37
4035 60.38
4036 60.33
4037 60.33
4038 60.38
4039 60.53
4040 60.34
4041 60.43
4042 60.33
4043 60.25
4044 60.28
4045 60.40
4046 60.44
4047 60.49
4048 60.35
4049 60.36
4050 60.39
4051 60.26
4052 60.27
4053 60.34
4054 60.33
4055 60.47
4056 60.30
4057 60.40
4058 60.44
4059 60.27
4060 60.41
4061 60.35
4062 60.41
4063 60.39
4064 60.25
4065 60.45
4066 60.36
4067 60.46
4068 60.23
4069 60.36
4070 60.39
4071 60.42
4072 60.32
4073 60.43
4074 60.37
4075 60.39
4076 60.33
4077 60.35
4078 60.27
4079 60.61
4080 60.38
4081 60.39
4082 60.47
4083 60.44
4084 60.41
4085 60.29
4086 60.35
4087 60.39
4088 60.41
4089 60.45
4090 60.43
4091 60.56
4092 60.46
4093 60.27
4094 60.20
4095 60.46
4096 60.46
4097 60.48
4098 60.29
4099 60.43
4100 60.50
4101 60.34
4102 60.50
4103 60.37
4104 60.27
4105 60.36
4106 60.35
4107 60.40
4108 60.48
4109 60.41
4110 60.28
4111 60.37
4112 60.48
4113 60.42
4114 60.43
4115 60.33
4116 60.41
4117 60.50
4118 60.28
4119 60.36
4120 60.29
4121 60.41
4122 60.40
4123 60.33
4124 60.45
4125 60.45
4126 60.42
4127 60.39
4128 60.33
4129 60.31
4130 60.38
4131 60.45
4132 60.39
4133 60.37
4134 60.49
4135 60.34
4136 60.34
4137 60.33
4138 60.32
4139 60.39
4140 60.31
4141 60.36
4142 60.48
4143 60.30
4144 60.30
4145 60.38
4146 60.27
4147 60.41
4148 60.32
4149 60.29
4150 60.43
4151 60.47
4152 60.45
4153 60.35
4154 60.25
4155 60.33
4156 60.33
4157 60.28
4158 60.33
4159 60.47
4160 60.51
4161 60.47
4162 60.31
4163 60.34
4164 60.34
4165 60.38
4166 60.36
4167 60.26
4168 60.37
4169 60.44
4170 60.45
4171 60.43
4172 60.24
4173 60.39
4174 60.49
4175 60.41
4176 60.28
4177 60.33
4178 60.39
4179 60.42
4180 60.45
4181 60.42
4182 60.55
4183 60.41
4184 60.35
4185 60.26
4186 60.25
4187 60.44
4188 60.34
4189 60.36
4190 60.40
4191 60.38
4192 60.44
4193 60.39
4194 60.45
4195 60.36
4196 60.35
4197 60.43
4198 60.41
4199 60.42
4200 60.37
4201 60.44
4202 60.32
4203 60.36
4204 60.43
4205 60.31
4206 60.49
4207 60.38
4208 60.33
4209 60.32
4210 60.39
4211 60.41
4212 60.42
4213 60.41
4214 60.49
4215 60.48
4216 60.42
4217 60.35
4218 60.30
4219 60.30
4220 60.35
4221 60.32
4222 60.30
4223 60.41
4224 60.48
4225 60.45
4226 60.35
4227 60.35
4228 60.31
4229 60.48
4230 60.40
4231 60.38
4232 60.26
4233 60.36
4234 60.41
4235 60.32
4236 60.38
4237 60.56
4238 60.38
4239 60.42
4240 60.40
4241 60.41
4242 60.36
4243 60.36
4244 60.32
4245 60.49
4246 60.53
4247 60.38
4248 60.42
4249 60.38
4250 60.34
4251 60.31
4252 60.31
4253 60.41
4254 60.48
4255 60.29
4256 60.36
4257 60.37
4258 60.48
4259 60.34
4260 60.34
4261 60.31
4262 60.33
4263 60.34
4264 60.30
4265 60.39
4266 60.41
4267 60.46
4268 60.43
4269 60.36
4270 60.24
4271 60.42
4272 60.34
4273 60.26
4274 60.35
4275 60.44
4276 60.42
4277 60.39
4278 60.49
4279 60.40
4280 60.53
4281 60.43
4282 60.31
4283 60.27
4284 60.32
4285 60.42
4286 60.57
4287 60.30
4288 60.42
4289 60.44
4290 60.45
4291 60.37
4292 60.36
4293 60.30
4294 60.37
4295 60.41
4296 60.31
4297 60.28
4298 60.34
4299 60.26
4300 60.45
4301 60.43
4302 60.30
4303 60.28
4304 60.33
4305 60.41
4306 60.42
4307 60.42
4308 60.31
4309 60.36
4310 60.50
4311 60.43
4312 60.26
4313 60.39
4314 60.36
4315 60.35
4316 60.43
4317 60.39
4318 60.45
4319 60.31
4320 60.56
4321 60.44
4322 60.39
4323 60.46
4324 60.38
4325 60.31
4326 60.35
4327 60.38
4328 60.40
4329 60.34
4330 60.45
4331 60.51
4332 60.45
4333 60.48
4334 60.36
4335 60.36
4336 60.38
4337 60.37
4338 60.40
4339 60.36
4340 60.41
4341 60.45
4342 60.52
4343 60.40
4344 60.15
4345 60.36
4346 60.29
4347 60.35
4348 60.35
4349 60.43
4350 60.48
4351 60.37
4352 60.51
4353 60.34
4354 60.39
4355 60.45
4356 60.23
4357 60.30
4358 60.30
4359 60.43
4360 60.45
4361 60.45
4362 60.36
4363 60.45
4364 60.48
4365 60.32
4366 60.28
4367 60.31
4368 60.37
4369 60.45
4370 60.34
4371 60.40
4372 60.45
4373 60.37
4374 60.47
4375 60.43
4376 60.40
4377 60.38
4378 60.39
4379 60.34
4380 60.36
4381 60.53
4382 60.43
4383 60.42
4384 60.37
4385 60.39
4386 60.27
4387 60.40
4388 60.30
4389 60.44
4390 60.34
4391 60.41
4392 60.46
4393 60.45
4394 60.39
4395 60.53
4396 60.37
4397 60.43
4398 60.34
4399 60.38
4400 60.36
4401 60.43
4402 60.44
4403 60.44
4404 60.43
4405 60.57
4406 60.45
4407 60.34
4408 60.32
4409 60.46
4410 60.44
4411 60.34
4412 60.27
4413 60.43
4414 60.50
4415 60.38
4416 60.53
4417 60.23
4418 60.33
4419 60.35
4420 60.41
4421 60.44
4422 60.44
4423 60.43
4424 60.47
4425 60.44
4426 60.42
4427 60.43
4428 60.53
4429 60.48
4430 60.40
4431 60.34
4432 60.51
4433 60.34
4434 60.35
4435 60.52
4436 60.45
4437 60.48
4438 60.45
4439 60.43
4440 60.40
4441 60.35
4442 60.44
4443 60.43
4444 60.34
4445 60.34
4446 60.29
4447 60.50
4448 60.50
4449 60.31
4450 60.28
4451 60.43
4452 60.28
4453 60.39
4454 60.43
4455 60.47
4456 60.39
4457 60.19
4458 60.44
4459 60.38
4460 60.38
4461 60.40
4462 60.48
4463 60.43
4464 60.24
4465 60.40
4466 60.35
4467 60.50
4468 60.58
4469 60.44
4470 60.51
4471 60.32
4472 60.47
4473 60.34
4474 60.40
4475 60.39
4476 60.23
4477 60.38
4478 60.48
4479 60.47
4480 60.45
4481 60.50
4482 60.41
4483 60.34
4484 60.43
4485 60.36
4486 60.38
4487 60.42
4488 60.45
4489 60.50
4490 60.39
4491 60.43
4492 60.48
4493 60.43
4494 60.40
4495 60.43
4496 60.48
4497 60.48
4498 60.40
4499 60.45
4500 60.52
4501 60.30
4502 60.46
4503 60.42
4504 60.37
4505 60.31
4506 60.41
4507 60.25
4508 60.54
4509 60.46
4510 60.35
4511 60.48
4512 60.44
4513 60.41
4514 60.34
4515 60.31
4516 60.40
4517 60.45
4518 60.35
4519 60.44
4520 60.39
4521 60.40
4522 60.39
4523 60.40
4524 60.40
4525 60.41
4526 60.39
4527 60.31
4528 60.32
4529 60.36
4530 60.43
4531 60.39
4532 60.44
4533 60.40
4534 60.32
4535 60.39
4536 60.34
4537 60.44
4538 60.36
4539 60.33
4540 60.48
4541 60.42
4542 60.32
4543 60.33
4544 60.45
4545 60.29
4546 60.40
4547 60.41
4548 60.44
4549 60.54
4550 60.37
4551 60.41
4552 60.51
4553 60.58
4554 60.34
4555 60.28
4556 60.32
4557 60.37
4558 60.54
4559 60.49
4560 60.54
4561 60.52
4562 60.43
4563 60.39
4564 60.40
4565 60.46
4566 60.41
4567 60.47
4568 60.49
4569 60.47
4570 60.52
4571 60.44
4572 60.39
4573 60.29
4574 60.35
4575 60.39
4576 60.45
4577 60.43
4578 60.38
4579 60.49
4580 60.39
4581 60.38
4582 60.39
4583 60.50
4584 60.34
4585 60.41
4586 60.39
4587 60.50
4588 60.48
4589 60.34
4590 60.35
4591 60.47
4592 60.48
4593 60.41
4594 60.35
4595 60.37
4596 60.60
4597 60.52
4598 60.43
4599 60.30
4600 60.47
4601 60.36
4602 60.35
4603 60.52
4604 60.50
4605 60.47
4606 60.44
4607 60.34
4608 60.35
4609 60.37
4610 60.38
4611 60.36
4612 60.54
4613 60.49
4614 60.44
4615 60.47
4616 60.36
4617 60.45
4618 60.41
4619 60.36
4620 60.37
4621 60.49
4622 60.40
4623 60.25
4624 60.43
4625 60.43
4626 60.42
4627 60.36
4628 60.41
4629 60.46
4630 60.46
4631 60.49
4632 60.50
4633 60.39
4634 60.40
4635 60.33
4636 60.27
4637 60.39
4638 60.43
4639 60.50
4640 60.44
4641 60.36
4642 60.44
4643 60.46
4644 60.38
4645 60.33
4646 60.46
4647 60.45
4648 60.49
4649 60.43
4650 60.45
4651 60.62
4652 60.43
4653 60.31
4654 60.44
4655 60.43
4656 60.45
4657 60.49
4658 60.39
4659 60.36
4660 60.45
4661 60.50
4662 60.34
4663 60.35
4664 60.44
4665 60.46
4666 60.53
4667 60.43
4668 60.48
4669 60.50
4670 60.39
4671 60.39
4672 60.39
4673 60.45
4674 60.41
4675 60.27
4676 60.40
4677 60.46
4678 60.51
4679 60.46
4680 60.45
4681 60.42
4682 60.37
4683 60.36
4684 60.30
4685 60.48
4686 60.46
4687 60.43
4688 60.36
4689 60.49
4690 60.36
4691 60.36
4692 60.26
4693 60.33
4694 60.50
4695 60.45
4696 60.51
4697 60.52
4698 60.40
4699 60.43
4700 60.38
4701 60.34
4702 60.43
4703 60.48
4704 60.42
4705 60.45
4706 60.41
4707 60.43
4708 60.51
4709 60.33
4710 60.37
4711 60.38
4712 60.35
4713 60.46
4714 60.38
4715 60.39
4716 60.39
4717 60.34
4718 60.44
4719 60.44
4720 60.43
4721 60.35
4722 60.51
4723 60.44
4724 60.54
4725 60.33
4726 60.39
4727 60.48
4728 60.52
4729 60.50
4730 60.50
4731 60.42
4732 60.43
4733 60.47
4734 60.40
4735 60.52
4736 60.49
4737 60.50
4738 60.49
4739 60.36
4740 60.43
4741 60.34
4742 60.37
4743 60.44
4744 60.40
4745 60.53
4746 60.35
4747 60.48
4748 60.34
4749 60.57
4750 60.49
4751 60.52
4752 60.29
4753 60.54
4754 60.38
4755 60.43
4756 60.57
4757 60.51
4758 60.46
4759 60.42
4760 60.40
4761 60.43
4762 60.39
4763 60.65
4764 60.45
4765 60.44
4766 60.51
4767 60.52
4768 60.45
4769 60.46
4770 60.46
4771 60.50
4772 60.60
4773 60.54
4774 60.65
4775 60.44
4776 60.43
4777 60.44
4778 60.41
4779 60.52
4780 60.45
4781 60.43
4782 60.42
4783 60.54
4784 60.42
4785 60.36
4786 60.46
4787 60.45
4788 60.33
4789 60.61
4790 60.42
4791 60.53
4792 60.34
4793 60.41
4794 60.40
4795 60.34
4796 60.31
4797 60.46
4798 60.43
4799 60.43
4800 60.56
4801 60.60
4802 60.35
4803 60.44
4804 60.44
4805 60.43
4806 60.44
4807 60.50
4808 60.56
4809 60.59
4810 60.41
4811 60.37
4812 60.36
4813 60.41
4814 60.49
4815 60.33
4816 60.52
4817 60.45
4818 60.57
4819 60.39
4820 60.38
4821 60.48
4822 60.50
4823 60.37
4824 60.46
4825 60.50
4826 60.50
4827 60.31
4828 60.39
4829 60.40
4830 60.48
4831 60.40
4832 60.48
4833 60.43
4834 60.53
4835 60.42
4836 60.41
4837 60.43
4838 60.47
4839 60.37
4840 60.41
4841 60.47
4842 60.48
4843 60.48
4844 60.42
4845 60.39
4846 60.28
4847 60.40
4848 60.43
4849 60.43
4850 60.41
4851 60.53
4852 60.53
4853 60.39
4854 60.47
4855 60.50
4856 60.32
4857 60.36
4858 60.52
4859 60.50
4860 60.55
4861 60.38
4862 60.41
4863 60.47
4864 60.47
4865 60.37
4866 60.44
4867 60.53
4868 60.52
4869 60.38
4870 60.43
4871 60.53
4872 60.39
4873 60.48
4874 60.54
4875 60.48
4876 60.46
4877 60.44
4878 60.39
4879 60.42
4880 60.39
4881 60.39
4882 60.40
4883 60.42
4884 60.41
4885 60.49
4886 60.42
4887 60.55
4888 60.48
4889 60.50
4890 60.46
4891 60.47
4892 60.50
4893 60.45
4894 60.52
4895 60.46
4896 60.52
4897 60.36
4898 60.54
4899 60.45
4900 60.60
4901 60.47
4902 60.46
4903 60.35
4904 60.41
4905 60.43
4906 60.32
4907 60.42
4908 60.43
4909 60.53
4910 60.56
4911 60.49
4912 60.47
4913 60.57
4914 60.30
4915 60.41
4916 60.61
4917 60.45
4918 60.47
4919 60.49
4920 60.42
4921 60.41
4922 60.43
4923 60.40
4924 60.44
4925 60.47
4926 60.65
4927 60.52
4928 60.38
4929 60.46
4930 60.47
4931 60.50
4932 60.48
4933 60.46
4934 60.59
4935 60.44
4936 60.35
4937 60.48
4938 60.43
4939 60.40
4940 60.43
4941 60.41
4942 60.50
4943 60.55
4944 60.44
4945 60.40
4946 60.43
4947 60.32
4948 60.36
4949 60.62
4950 60.52
4951 60.49
4952 60.45
4953 60.46
4954 60.48
4955 60.41
4956 60.40
4957 60.50
4958 60.48
4959 60.50
4960 60.41
4961 60.40
4962 60.42
4963 60.50
4964 60.49
4965 60.48
4966 60.48
4967 60.39
4968 60.55
4969 60.43
4970 60.33
4971 60.50
4972 60.50
4973 60.40
4974 60.45
4975 60.39
4976 60.47
4977 60.52
4978 60.46
4979 60.58
4980 60.46
4981 60.42
4982 60.48
4983 60.45
4984 60.53
4985 60.56
4986 60.49
4987 60.43
4988 60.57
4989 60.44
4990 60.47
4991 60.54
4992 60.46
4993 60.46
4994 60.51
4995 60.48
4996 60.48
4997 60.52
4998 60.35
4999 60.46
5000 60.44
5001 60.51
5002 60.40
5003 60.38
5004 60.50
5005 60.46
5006 60.36
5007 60.36
5008 60.41
5009 60.48
5010 60.45
5011 60.51
5012 60.61
5013 60.44
5014 60.42
5015 60.45
5016 60.44
5017 60.50
5018 60.51
5019 60.36
5020 60.51
5021 60.52
5022 60.41
5023 60.38
5024 60.50
5025 60.48
5026 60.49
5027 60.46
5028 60.45
5029 60.52
5030 60.45
5031 60.47
5032 60.51
5033 60.47
5034 60.43
5035 60.52
5036 60.30
5037 60.43
5038 60.57
5039 60.37
5040 60.40
5041 60.48
5042 60.52
5043 60.67
5044 60.47
5045 60.52
5046 60.51
5047 60.41
5048 60.51
5049 60.46
5050 60.44
5051 60.45
5052 60.61
5053 60.44
5054 60.45
5055 60.45
5056 60.50
5057 60.38
5058 60.50
5059 60.51
5060 60.56
5061 60.40
5062 60.58
5063 60.35
5064 60.52
5065 60.43
5066 60.44
5067 60.45
5068 60.47
5069 60.51
5070 60.38
5071 60.52
5072 60.54
5073 60.53
5074 60.41
5075 60.45
5076 60.41
5077 60.53
5078 60.55
5079 60.49
5080 60.64
5081 60.53
5082 60.43
5083 60.46
5084 60.37
5085 60.52
5086 60.39
5087 60.40
5088 60.47
5089 60.52
5090 60.49
5091 60.32
5092 60.34
5093 60.52
5094 60.41
5095 60.48
5096 60.42
5097 60.36
5098 60.48
5099 60.41
5100 60.43
5101 60.50
5102 60.47
5103 60.38
5104 60.38
5105 60.40
5106 60.48
5107 60.44
5108 60.43
5109 60.36
5110 60.41
5111 60.53
5112 60.48
5113 60.44
5114 60.48
5115 60.47
5116 60.52
5117 60.32
5118 60.37
5119 60.50
5120 60.50
5121 60.35
5122 60.46
5123 60.55
5124 60.41
5125 60.41
5126 60.50
5127 60.44
5128 60.34
5129 60.51
5130 60.56
5131 60.48
5132 60.60
5133 60.47
5134 60.51
5135 60.50
5136 60.41
5137 60.26
5138 60.37
5139 60.54
5140 60.51
5141 60.50
5142 60.41
5143 60.44
5144 60.50
5145 60.57
5146 60.50
5147 60.52
5148 60.44
5149 60.41
5150 60.52
5151 60.47
5152 60.64
5153 60.62
5154 60.54
5155 60.38
5156 60.43
5157 60.50
5158 60.58
5159 60.48
5160 60.53
5161 60.62
5162 60.59
5163 60.39
5164 60.42
5165 60.41
5166 60.52
5167 60.45
5168 60.46
5169 60.54
5170 60.59
5171 60.49
5172 60.55
5173 60.61
5174 60.52
5175 60.52
5176 60.60
5177 60.57
5178 60.41
5179 60.43
5180 60.40
5181 60.45
5182 60.59
5183 60.45
5184 60.56
5185 60.45
5186 60.56
5187 60.58
5188 60.44
5189 60.41
5190 60.45
5191 60.55
5192 60.51
5193 60.50
5194 60.60
5195 60.48
5196 60.34
5197 60.45
5198 60.44
5199 60.49
5200 60.58
5201 60.41
5202 60.61
5203 60.51
5204 60.52
5205 60.41
5206 60.51
5207 60.43
5208 60.51
5209 60.54
5210 60.52
5211 60.60
5212 60.50
5213 60.50
5214 60.50
5215 60.67
5216 60.64
5217 60.47
5218 60.50
5219 60.38
5220 60.38
5221 60.37
5222 60.35
5223 60.43
5224 60.52
5225 60.36
5226 60.51
5227 60.42
5228 60.41
5229 60.36
5230 60.58
5231 60.47
5232 60.52
5233 60.53
5234 60.51
5235 60.50
5236 60.44
5237 60.52
5238 60.38
5239 60.51
5240 60.62
5241 60.41
5242 60.58
5243 60.47
5244 60.37
5245 60.39
5246 60.37
5247 60.44
5248 60.59
5249 60.49
5250 60.30
5251 60.50
5252 60.39
5253 60.39
5254 60.45
5255 60.52
5256 60.46
5257 60.40
5258 60.40
5259 60.62
5260 60.41
5261 60.39
5262 60.41
5263 60.54
5264 60.51
5265 60.46
5266 60.43
5267 60.59
5268 60.44
5269 60.52
5270 60.42
5271 60.39
5272 60.54
5273 60.54
5274 60.41
5275 60.53
5276 60.46
5277 60.47
5278 60.51
5279 60.55
5280 60.54
5281 60.44
5282 60.38
5283 60.54
5284 60.47
5285 60.50
5286 60.41
5287 60.45
5288 60.44
5289 60.55
5290 60.46
5291 60.41
5292 60.45
5293 60.41
5294 60.49
5295 60.42
5296 60.54
5297 60.51
5298 60.36
5299 60.41
5300 60.47
5301 60.41
5302 60.48
5303 60.58
5304 60.45
5305 60.51
5306 60.43
5307 60.40
5308 60.56
5309 60.38
5310 60.38
5311 60.56
5312 60.46
5313 60.51
5314 60.56
5315 60.33
5316 60.53
5317 60.46
5318 60.36
5319 60.49
5320 60.46
5321 60.57
5322 60.56
5323 60.51
5324 60.46
5325 60.49
5326 60.45
5327 60.40
5328 60.35
5329 60.50
5330 60.31
5331 60.39
5332 60.48
5333 60.32
5334 60.50
5335 60.51
5336 60.49
5337 60.51
5338 60.36
5339 60.43
5340 60.43
5341 60.41
5342 60.39
5343 60.47
5344 60.51
5345 60.56
5346 60.37
5347 60.53
5348 60.50
5349 60.44
5350 60.51
5351 60.51
5352 60.54
5353 60.39
5354 60.54
5355 60.47
5356 60.54
5357 60.47
5358 60.52
5359 60.58
5360 60.45
5361 60.42
5362 60.45
5363 60.59
5364 60.48
5365 60.52
5366 60.56
5367 60.43
5368 60.49
5369 60.40
5370 60.45
5371 60.63
5372 60.67
5373 60.49
5374 60.55
5375 60.51
5376 60.43
5377 60.38
5378 60.38
5379 60.44
5380 60.44
5381 60.43
5382 60.48
5383 60.48
5384 60.32
5385 60.61
5386 60.54
5387 60.52
5388 60.38
5389 60.56
5390 60.47
5391 60.50
5392 60.51
5393 60.52
5394 60.47
5395 60.49
5396 60.47
5397 60.47
5398 60.57
5399 60.50
5400 60.53
5401 60.56
5402 60.43
5403 60.38
5404 60.51
5405 60.51
5406 60.55
5407 60.60
5408 60.54
5409 60.52
5410 60.51
5411 60.47
5412 60.52
5413 60.54
5414 60.49
5415 60.52
5416 60.29
5417 60.48
5418 60.47
5419 60.44
5420 60.58
5421 60.55
5422 60.47
5423 60.43
5424 60.50
5425 60.43
5426 60.39
5427 60.65
5428 60.57
5429 60.36
5430 60.42
5431 60.36
5432 60.52
5433 60.59
5434 60.49
5435 60.44
5436 60.47
5437 60.48
5438 60.49
5439 60.60
5440 60.56
5441 60.42
5442 60.51
5443 60.34
5444 60.49
5445 60.42
5446 60.51
5447 60.50
5448 60.56
5449 60.59
5450 60.39
5451 60.48
5452 60.48
5453 60.58
5454 60.55
5455 60.42
5456 60.68
5457 60.43
5458 60.49
5459 60.39
5460 60.48
5461 60.42
5462 60.39
5463 60.43
5464 60.43
5465 60.51
5466 60.43
5467 60.39
5468 60.53
5469 60.38
5470 60.51
5471 60.47
5472 60.41
5473 60.58
5474 60.47
5475 60.56
5476 60.48
5477 60.42
5478 60.63
5479 60.47
5480 60.41
5481 60.59
5482 60.48
5483 60.50
5484 60.38
5485 60.49
5486 60.54
5487 60.45
5488 60.38
5489 60.34
5490 60.42
5491 60.54
5492 60.48
5493 60.56
5494 60.46
5495 60.45
5496 60.48
5497 60.48
5498 60.53
5499 60.42
5500 60.46
5501 60.47
5502 60.48
5503 60.48
5504 60.55
5505 60.55
5506 60.56
5507 60.50
5508 60.39
5509 60.50
5510 60.50
5511 60.38
5512 60.41
5513 60.34
5514 60.47
5515 60.45
5516 60.56
5517 60.43
5518 60.58
5519 60.42
5520 60.43
5521 60.51
5522 60.38
5523 60.59
5524 60.37
5525 60.49
5526 60.51
5527 60.58
5528 60.52
5529 60.40
5530 60.44
5531 60.45
5532 60.49
5533 60.44
5534 60.45
5535 60.43
5536 60.37
5537 60.49
5538 60.45
5539 60.47
5540 60.47
5541 60.47
5542 60.36
5543 60.43
5544 60.45
5545 60.56
5546 60.52
5547 60.50
5548 60.53
5549 60.52
5550 60.73
5551 60.49
5552 60.52
5553 60.43
5554 60.38
5555 60.27
5556 60.30
5557 60.45
5558 60.53
5559 60.53
5560 60.40
5561 60.39
5562 60.52
5563 60.43
5564 60.51
5565 60.52
5566 60.45
5567 60.52
5568 60.52
5569 60.51
5570 60.57
5571 60.51
5572 60.51
5573 60.57
5574 60.40
5575 60.60
5576 60.53
5577 60.46
5578 60.45
5579 60.49
5580 60.38
5581 60.48
5582 60.59
5583 60.52
5584 60.55
5585 60.48
5586 60.40
5587 60.45
5588 60.42
5589 60.63
5590 60.46
5591 60.47
5592 60.40
5593 60.48
5594 60.43
5595 60.56
5596 60.48
5597 60.64
5598 60.50
5599 60.52
5600 60.52
5601 60.46
5602 60.52
5603 60.59
5604 60.53
5605 60.39
5606 60.37
5607 60.50
5608 60.54
5609 60.53
5610 60.44
5611 60.43
5612 60.41
5613 60.48
5614 60.43
5615 60.47
5616 60.52
5617 60.34
5618 60.49
5619 60.55
5620 60.49
5621 60.52
5622 60.50
5623 60.51
5624 60.39
5625 60.35
5626 60.48
5627 60.49
5628 60.42
5629 60.63
5630 60.56
5631 60.50
5632 60.41
5633 60.48
5634 60.56
5635 60.53
5636 60.43
5637 60.51
5638 60.42
5639 60.38
5640 60.45
5641 60.56
5642 60.51
5643 60.56
5644 60.47
5645 60.48
5646 60.38
5647 60.34
5648 60.45
5649 60.59
5650 60.45
5651 60.37
5652 60.39
5653 60.35
5654 60.51
5655 60.43
5656 60.56
5657 60.46
5658 60.39
5659 60.47
5660 60.58
5661 60.61
5662 60.48
5663 60.48
5664 60.41
5665 60.45
5666 60.47
5667 60.53
5668 60.54
5669 60.47
5670 60.62
5671 60.45
5672 60.37
5673 60.35
5674 60.48
5675 60.63
5676 60.62
5677 60.38
5678 60.57
5679 60.45
5680 60.50
5681 60.55
5682 60.46
5683 60.57
5684 60.43
5685 60.41
5686 60.48
5687 60.45
5688 60.41
5689 60.44
5690 60.56
5691 60.60
5692 60.39
5693 60.53
5694 60.36
5695 60.36
5696 60.59
5697 60.55
5698 60.55
5699 60.59
5700 60.46
5701 60.59
5702 60.55
5703 60.52
5704 60.58
5705 60.61
5706 60.37
5707 60.39
5708 60.48
5709 60.48
5710 60.48
5711 60.46
5712 60.47
5713 60.39
5714 60.33
5715 60.54
5716 60.58
5717 60.54
5718 60.38
5719 60.48
5720 60.48
5721 60.37
5722 60.50
5723 60.50
5724 60.49
5725 60.36
5726 60.50
5727 60.52
5728 60.45
5729 60.47
5730 60.50
5731 60.59
5732 60.42
5733 60.46
5734 60.53
5735 60.34
5736 60.58
5737 60.59
5738 60.67
5739 60.44
5740 60.54
5741 60.53
5742 60.53
5743 60.52
5744 60.60
5745 60.59
5746 60.49
5747 60.48
5748 60.43
5749 60.41
5750 60.48
5751 60.30
5752 60.59
5753 60.49
5754 60.49
5755 60.51
5756 60.53
5757 60.51
5758 60.41
5759 60.48
5760 60.54
5761 60.47
5762 60.48
5763 60.58
5764 60.50
5765 60.58
5766 60.42
5767 60.49
5768 60.43
5769 60.38
5770 60.53
5771 60.50
5772 60.45
5773 60.45
5774 60.36
5775 60.46
5776 60.57
5777 60.54
5778 60.61
5779 60.57
5780 60.55
5781 60.42
5782 60.51
5783 60.64
5784 60.55
5785 60.54
5786 60.51
5787 60.55
5788 60.52
5789 60.48
5790 60.36
5791 60.46
5792 60.48
5793 60.45
5794 60.62
5795 60.54
5796 60.48
5797 60.50
5798 60.48
5799 60.40
5800 60.65
5801 60.51
5802 60.53
5803 60.50
5804 60.59
5805 60.42
5806 60.56
5807 60.56
5808 60.60
5809 60.41
5810 60.59
5811 60.45
5812 60.44
5813 60.43
5814 60.45
5815 60.49
5816 60.65
5817 60.44
5818 60.53
5819 60.51
5820 60.36
5821 60.43
5822 60.36
5823 60.50
5824 60.54
5825 60.50
5826 60.53
5827 60.48
5828 60.46
5829 60.55
5830 60.53
5831 60.49
5832 60.51
5833 60.49
5834 60.53
5835 60.42
5836 60.40
5837 60.40
5838 60.42
5839 60.63
5840 60.40
5841 60.44
5842 60.47
5843 60.49
5844 60.44
5845 60.38
5846 60.50
5847 60.57
5848 60.44
5849 60.43
5850 60.42
5851 60.49
5852 60.35
5853 60.43
5854 60.52
5855 60.56
5856 60.50
5857 60.55
5858 60.50
5859 60.44
5860 60.44
5861 60.50
5862 60.54
5863 60.56
5864 60.50
5865 60.47
5866 60.45
5867 60.48
5868 60.48
5869 60.51
5870 60.45
5871 60.49
5872 60.51
5873 60.45
5874 60.47
5875 60.45
5876 60.60
5877 60.42
5878 60.36
5879 60.51
5880 60.50
5881 60.51
5882 60.48
5883 60.39
5884 60.31
5885 60.44
5886 60.54
5887 60.38
5888 60.54
5889 60.41
5890 60.52
5891 60.48
5892 60.44
5893 60.49
5894 60.59
5895 60.48
5896 60.33
5897 60.38
5898 60.63
5899 60.55
5900 60.50
5901 60.60
5902 60.50
5903 60.43
5904 60.39
5905 60.32
5906 60.54
5907 60.52
5908 60.49
5909 60.56
5910 60.50
5911 60.45
5912 60.52
5913 60.54
5914 60.53
5915 60.47
5916 60.53
5917 60.61
5918 60.43
5919 60.44
5920 60.50
5921 60.58
5922 60.63
5923 60.41
5924 60.38
5925 60.45
5926 60.47
5927 60.63
5928 60.52
5929 60.56
5930 60.52
5931 60.47
5932 60.48
5933 60.57
5934 60.51
5935 60.49
5936 60.59
5937 60.52
5938 60.57
5939 60.36
5940 60.50
5941 60.48
5942 60.47
5943 60.50
5944 60.56
5945 60.64
5946 60.55
5947 60.44
5948 60.41
5949 60.49
5950 60.45
5951 60.62
5952 60.58
5953 60.52
5954 60.51
5955 60.39
5956 60.49
5957 60.52
5958 60.39
5959 60.42
5960 60.47
5961 60.57
5962 60.61
5963 60.45
5964 60.41
5965 60.54
5966 60.39
5967 60.45
5968 60.61
5969 60.42
5970 60.65
5971 60.48
5972 60.37
5973 60.52
5974 60.46
5975 60.33
5976 60.57
5977 60.49
5978 60.64
5979 60.57
5980 60.47
5981 60.46
5982 60.48
5983 60.48
5984 60.54
5985 60.43
5986 60.66
5987 60.53
5988 60.49
5989 60.44
5990 60.56
5991 60.45
5992 60.46
5993 60.57
5994 60.54
5995 60.56
5996 60.64
5997 60.42
5998 60.56
5999 60.42
6000 60.49
6001 60.46
6002 60.45
6003 60.58
6004 60.58
6005 60.57
6006 60.52
6007 60.46
6008 60.48
6009 60.48
6010 60.53
6011 60.64
6012 60.49
6013 60.45
6014 60.52
6015 60.40
6016 60.38
6017 60.46
6018 60.45
6019 60.48
6020 60.42
6021 60.52
6022 60.44
6023 60.50
6024 60.54
6025 60.44
6026 60.56
6027 60.61
6028 60.47
6029 60.45
6030 60.46
6031 60.41
6032 60.63
6033 60.51
6034 60.53
6035 60.52
6036 60.48
6037 60.45
6038 60.44
6039 60.45
6040 60.46
6041 60.54
6042 60.55
6043 60.50
6044 60.58
6045 60.47
6046 60.42
6047 60.44
6048 60.46
6049 60.40
6050 60.51
6051 60.71
6052 60.65
6053 60.59
6054 60.47
6055 60.52
6056 60.46
6057 60.47
6058 60.47
6059 60.54
6060 60.50
6061 60.52
6062 60.58
6063 60.57
6064 60.47
6065 60.50
6066 60.44
6067 60.55
6068 60.48
6069 60.62
6070 60.58
6071 60.45
6072 60.51
6073 60.52
6074 60.44
6075 60.61
6076 60.61
6077 60.53
6078 60.38
6079 60.48
6080 60.52
6081 60.46
6082 60.51
6083 60.63
6084 60.52
6085 60.54
6086 60.53
6087 60.51
6088 60.47
6089 60.54
6090 60.48
6091 60.43
6092 60.36
6093 60.53
6094 60.56
6095 60.57
6096 60.45
6097 60.38
6098 60.45
6099 60.40
6100 60.55
6101 60.60
6102 60.58
6103 60.45
6104 60.44
6105 60.56
6106 60.52
6107 60.45
6108 60.43
6109 60.50
6110 60.65
6111 60.63
6112 60.55
6113 60.40
6114 60.59
6115 60.52
6116 60.39
6117 60.50
6118 60.57
6119 60.61
6120 60.58
6121 60.47
6122 60.60
6123 60.51
6124 60.50
6125 60.54
6126 60.47
6127 60.54
6128 60.48
6129 60.53
6130 60.52
6131 60.36
6132 60.43
6133 60.50
6134 60.62
6135 60.61
6136 60.56
6137 60.58
6138 60.67
6139 60.53
6140 60.49
6141 60.43
6142 60.57
6143 60.63
6144 60.56
6145 60.42
6146 60.47
6147 60.48
6148 60.46
6149 60.45
6150 60.51
6151 60.60
6152 60.52
6153 60.32
6154 60.52
6155 60.54
6156 60.49
6157 60.48
6158 60.54
6159 60.59
6160 60.50
6161 60.42
6162 60.45
6163 60.50
6164 60.46
6165 60.38
6166 60.58
6167 60.43
6168 60.66
6169 60.40
6170 60.47
6171 60.58
6172 60.45
6173 60.45
6174 60.57
6175 60.67
6176 60.58
6177 60.44
6178 60.58
6179 60.47
6180 60.48
6181 60.49
6182 60.50
6183 60.53
6184 60.67
6185 60.40
6186 60.52
6187 60.51
6188 60.49
6189 60.44
6190 60.60
6191 60.44
6192 60.39
6193 60.39
6194 60.51
6195 60.48
6196 60.51
6197 60.50
6198 60.62
6199 60.61
6200 60.27
6201 60.45
6202 60.52
6203 60.57
6204 60.47
6205 60.42
6206 60.55
6207 60.57
6208 60.35
6209 60.48
6210 60.48
6211 60.61
6212 60.53
6213 60.54
6214 60.60
6215 60.52
6216 60.45
6217 60.46
6218 60.47
6219 60.54
6220 60.49
6221 60.52
6222 60.58
6223 60.56
6224 60.51
6225 60.52
6226 60.44
6227 60.45
6228 60.56
6229 60.44
6230 60.50
6231 60.58
6232 60.48
6233 60.53
6234 60.33
6235 60.45
6236 60.40
6237 60.54
6238 60.50
6239 60.53
6240 60.54
6241 60.50
6242 60.52
6243 60.52
6244 60.58
6245 60.46
6246 60.59
6247 60.49
6248 60.56
6249 60.54
6250 60.47
6251 60.46
6252 60.57
6253 60.50
6254 60.50
6255 60.57
6256 60.55
6257 60.52
6258 60.40
6259 60.47
6260 60.52
6261 60.45
6262 60.56
6263 60.45
6264 60.63
6265 60.50
6266 60.40
6267 60.49
6268 60.60
6269 60.59
6270 60.52
6271 60.52
6272 60.48
6273 60.53
6274 60.44
6275 60.54
6276 60.57
6277 60.50
6278 60.48
6279 60.52
6280 60.56
6281 60.56
6282 60.57
6283 60.52
6284 60.36
6285 60.49
6286 60.43
6287 60.48
6288 60.58
6289 60.58
6290 60.59
6291 60.63
6292 60.50
6293 60.52
6294 60.48
6295 60.41
6296 60.49
6297 60.54
6298 60.67
6299 60.52
6300 60.34
6301 60.51
6302 60.49
6303 60.43
6304 60.50
6305 60.51
6306 60.56
6307 60.51
6308 60.52
6309 60.45
6310 60.50
6311 60.36
6312 60.54
6313 60.47
6314 60.52
6315 60.59
6316 60.65
6317 60.47
6318 60.51
6319 60.53
6320 60.35
6321 60.48
6322 60.58
6323 60.50
6324 60.58
6325 60.43
6326 60.38
6327 60.49
6328 60.54
6329 60.52
6330 60.50
6331 60.61
6332 60.53
6333 60.60
6334 60.47
6335 60.59
6336 60.50
6337 60.38
6338 60.40
6339 60.53
6340 60.51
6341 60.64
6342 60.43
6343 60.52
6344 60.61
6345 60.58
6346 60.55
6347 60.29
6348 60.41
6349 60.64
6350 60.54
6351 60.52
6352 60.53
6353 60.63
6354 60.53
6355 60.29
6356 60.42
6357 60.35
6358 60.43
6359 60.51
6360 60.47
6361 60.56
6362 60.56
6363 60.44
6364 60.45
6365 60.56
6366 60.58
6367 60.63
6368 60.58
6369 60.64
6370 60.51
6371 60.39
6372 60.43
6373 60.47
6374 60.54
6375 60.52
6376 60.56
6377 60.52
6378 60.56
6379 60.42
6380 60.35
6381 60.55
6382 60.57
6383 60.62
6384 60.38
6385 60.65
6386 60.60
6387 60.40
6388 60.34
6389 60.49
6390 60.47
6391 60.49
6392 60.48
6393 60.59
6394 60.47
6395 60.44
6396 60.44
6397 60.53
6398 60.54
6399 60.60
6400 60.48
6401 60.52
6402 60.54
6403 60.47
6404 60.41
6405 60.39
6406 60.50
6407 60.45
6408 60.53
6409 60.41
6410 60.49
6411 60.58
6412 60.50
6413 60.39
6414 60.50
6415 60.45
6416 60.51
6417 60.57
6418 60.49
6419 60.56
6420 60.43
6421 60.43
6422 60.48
6423 60.50
6424 60.67
6425 60.58
6426 60.46
6427 60.50
6428 60.50
6429 60.47
6430 60.43
6431 60.43
6432 60.45
6433 60.57
6434 60.45
6435 60.46
6436 60.55
6437 60.47
6438 60.52
6439 60.51
6440 60.50
6441 60.44
6442 60.50
6443 60.49
6444 60.53
6445 60.52
6446 60.52
6447 60.46
6448 60.49
6449 60.52
6450 60.54
6451 60.54
6452 60.62
6453 60.41
6454 60.51
6455 60.46
6456 60.49
6457 60.52
6458 60.47
6459 60.62
6460 60.60
6461 60.44
6462 60.38
6463 60.61
6464 60.47
6465 60.54
6466 60.45
6467 60.46
6468 60.46
6469 60.49
6470 60.38
6471 60.40
6472 60.56
6473 60.54
6474 60.58
6475 60.59
6476 60.47
6477 60.44
6478 60.40
6479 60.45
6480 60.52
6481 60.48
6482 60.56
6483 60.50
6484 60.55
6485 60.57
6486 60.41
6487 60.44
6488 60.50
6489 60.52
6490 60.49
6491 60.55
6492 60.50
6493 60.47
6494 60.45
6495 60.46
6496 60.43
6497 60.45
6498 60.52
6499 60.55
6500 60.47
6501 60.44
6502 60.45
6503 60.36
6504 60.56
6505 60.51
6506 60.62
6507 60.58
6508 60.45
6509 60.50
6510 60.46
6511 60.35
6512 60.40
6513 60.47
6514 60.54
6515 60.49
6516 60.41
6517 60.50
6518 60.52
6519 60.51
6520 60.48
6521 60.59
6522 60.54
6523 60.61
6524 60.43
6525 60.43
6526 60.60
6527 60.58
6528 60.31
6529 60.48
6530 60.49
6531 60.45
6532 60.41
6533 60.53
6534 60.51
6535 60.51
6536 60.49
6537 60.46
6538 60.39
6539 60.51
6540 60.55
6541 60.55
6542 60.49
6543 60.48
6544 60.46
6545 60.34
6546 60.46
6547 60.55
6548 60.55
6549 60.58
6550 60.58
6551 60.58
6552 60.50
6553 60.44
6554 60.54
6555 60.59
6556 60.51
6557 60.41
6558 60.50
6559 60.50
6560 60.48
6561 60.47
6562 60.43
6563 60.43
6564 60.50
6565 60.45
6566 60.47
6567 60.64
6568 60.56
6569 60.65
6570 60.45
6571 60.43
6572 60.50
6573 60.55
6574 60.48
6575 60.48
6576 60.61
6577 60.50
6578 60.59
6579 60.40
6580 60.41
6581 60.42
6582 60.52
6583 60.39
6584 60.39
6585 60.51
6586 60.58
6587 60.47
6588 60.36
6589 60.52
6590 60.53
6591 60.53
6592 60.42
6593 60.50
6594 60.57
6595 60.57
6596 60.56
6597 60.51
6598 60.52
6599 60.49
6600 60.45
6601 60.50
6602 60.47
6603 60.52
6604 60.53
6605 60.48
6606 60.62
6607 60.51
6608 60.54
6609 60.41
6610 60.41
6611 60.56
6612 60.47
6613 60.55
6614 60.47
6615 60.58
6616 60.52
6617 60.54
6618 60.37
6619 60.50
6620 60.45
6621 60.52
6622 60.56
6623 60.48
6624 60.58
6625 60.48
6626 60.55
6627 60.46
6628 60.45
6629 60.51
6630 60.48
6631 60.46
6632 60.57
6633 60.47
6634 60.70
6635 60.52
6636 60.55
6637 60.48
6638 60.47
6639 60.40
6640 60.60
6641 60.55
6642 60.59
6643 60.56
6644 60.42
6645 60.36
6646 60.47
6647 60.45
6648 60.46
6649 60.50
6650 60.50
6651 60.56
6652 60.47
6653 60.47
6654 60.50
6655 60.43
6656 60.50
6657 60.40
6658 60.47
6659 60.44
6660 60.54
6661 60.43
6662 60.48
6663 60.46
6664 60.51
6665 60.52
6666 60.47
6667 60.53
6668 60.54
6669 60.46
6670 60.53
6671 60.47
6672 60.51
6673 60.49
6674 60.54
6675 60.70
6676 60.54
6677 60.60
6678 60.40
6679 60.47
6680 60.49
6681 60.56
6682 60.37
6683 60.47
6684 60.57
6685 60.59
6686 60.57
6687 60.45
6688 60.56
6689 60.50
6690 60.46
6691 60.48
6692 60.53
6693 60.45
6694 60.46
6695 60.45
6696 60.48
6697 60.61
6698 60.48
6699 60.42
6700 60.57
6701 60.51
6702 60.54
6703 60.59
6704 60.57
6705 60.49
6706 60.61
6707 60.43
6708 60.52
6709 60.36
6710 60.45
6711 60.54
6712 60.56
6713 60.50
6714 60.52
6715 60.48
6716 60.48
6717 60.48
6718 60.44
6719 60.48
6720 60.58
6721 60.46
6722 60.65
6723 60.59
6724 60.55
6725 60.45
6726 60.42
6727 60.48
6728 60.59
6729 60.59
6730 60.49
6731 60.61
6732 60.69
6733 60.46
6734 60.54
6735 60.56
6736 60.49
6737 60.53
6738 60.46
6739 60.58
6740 60.57
6741 60.56
6742 60.67
6743 60.49
6744 60.50
6745 60.48
6746 60.54
6747 60.52
6748 60.52
6749 60.52
6750 60.52
6751 60.61
6752 60.54
6753 60.43
6754 60.55
6755 60.57
6756 60.63
6757 60.57
6758 60.49
6759 60.43
6760 60.45
6761 60.49
6762 60.55
6763 60.49
6764 60.56
6765 60.52
6766 60.56
6767 60.49
6768 60.42
6769 60.56
6770 60.54
6771 60.57
6772 60.54
6773 60.60
6774 60.53
6775 60.45
6776 60.64
6777 60.54
6778 60.54
6779 60.53
6780 60.45
6781 60.51
6782 60.52
6783 60.64
6784 60.46
6785 60.43
6786 60.61
6787 60.38
6788 60.47
6789 60.53
6790 60.49
6791 60.58
6792 60.40
6793 60.38
6794 60.65
6795 60.39
6796 60.55
6797 60.57
6798 60.49
6799 60.44
6800 60.59
6801 60.54
6802 60.41
6803 60.57
6804 60.49
6805 60.51
6806 60.51
6807 60.61
6808 60.57
6809 60.52
6810 60.44
6811 60.52
6812 60.45
6813 60.45
6814 60.58
6815 60.49
6816 60.62
6817 60.56
6818 60.43
6819 60.49
6820 60.59
6821 60.48
6822 60.53
6823 60.59
6824 60.55
6825 60.47
6826 60.57
6827 60.44
6828 60.63
6829 60.58
6830 60.53
6831 60.46
6832 60.59
6833 60.59
6834 60.65
6835 60.54
6836 60.44
6837 60.50
6838 60.52
6839 60.45
6840 60.41
6841 60.43
6842 60.57
6843 60.59
6844 60.55
6845 60.53
6846 60.63
6847 60.52
6848 60.44
6849 60.52
6850 60.49
6851 60.56
6852 60.53
6853 60.72
6854 60.54
6855 60.55
6856 60.52
6857 60.44
6858 60.44
6859 60.64
6860 60.62
6861 60.52
6862 60.55
6863 60.52
6864 60.49
6865 60.49
6866 60.36
6867 60.45
6868 60.60
6869 60.59
6870 60.41
6871 60.65
6872 60.45
6873 60.50
6874 60.45
6875 60.38
6876 60.45
6877 60.56
6878 60.45
6879 60.42
6880 60.57
6881 60.58
6882 60.41
6883 60.43
6884 60.36
6885 60.59
6886 60.45
6887 60.54
6888 60.52
6889 60.45
6890 60.52
6891 60.42
6892 60.50
6893 60.50
6894 60.56
6895 60.53
6896 60.32
6897 60.60
6898 60.54
6899 60.43
6900 60.52
6901 60.62
6902 60.45
6903 60.59
6904 60.45
6905 60.56
6906 60.50
6907 60.46
6908 60.51
6909 60.61
6910 60.49
6911 60.56
6912 60.52
6913 60.46
6914 60.54
6915 60.49
6916 60.59
6917 60.52
6918 60.55
6919 60.50
6920 60.58
6921 60.67
6922 60.45
6923 60.43
6924 60.46
6925 60.62
6926 60.57
6927 60.58
6928 60.59
6929 60.49
6930 60.46
6931 60.40
6932 60.68
6933 60.57
6934 60.49
6935 60.54
6936 60.54
6937 60.39
6938 60.50
6939 60.56
6940 60.53
6941 60.64
6942 60.56
6943 60.56
6944 60.47
6945 60.48
6946 60.42
6947 60.56
6948 60.49
6949 60.54
6950 60.45
6951 60.42
6952 60.58
6953 60.39
6954 60.43
6955 60.41
6956 60.59
6957 60.54
6958 60.58
6959 60.41
6960 60.60
6961 60.54
6962 60.47
6963 60.48
6964 60.59
6965 60.60
6966 60.54
6967 60.45
6968 60.40
6969 60.50
6970 60.52
6971 60.36
6972 60.57
6973 60.58
6974 60.45
6975 60.48
6976 60.49
6977 60.53
6978 60.43
6979 60.49
6980 60.62
6981 60.45
6982 60.48
6983 60.36
6984 60.67
6985 60.52
6986 60.46
6987 60.55
6988 60.53
6989 60.58
6990 60.49
6991 60.39
6992 60.56
6993 60.47
6994 60.54
6995 60.39
6996 60.41
6997 60.45
6998 60.54
6999 60.40
7000 60.40
7001 60.48
7002 60.54
7003 60.41
7004 60.56
7005 60.53
7006 60.51
7007 60.47
7008 60.48
7009 60.54
7010 60.48
7011 60.51
7012 60.40
7013 60.61
7014 60.56
7015 60.49
7016 60.53
7017 60.52
7018 60.60
7019 60.43
7020 60.50
7021 60.49
7022 60.48
7023 60.64
7024 60.44
7025 60.58
7026 60.56
7027 60.48
7028 60.52
7029 60.43
7030 60.47
7031 60.55
7032 60.56
7033 60.62
7034 60.60
7035 60.43
7036 60.58
7037 60.35
7038 60.47
7039 60.47
7040 60.45
7041 60.53
7042 60.52
7043 60.56
7044 60.54
7045 60.36
7046 60.45
7047 60.42
7048 60.54
7049 60.64
7050 60.59
7051 60.60
7052 60.48
7053 60.42
7054 60.51
7055 60.47
7056 60.54
7057 60.58
7058 60.48
7059 60.54
7060 60.47
7061 60.41
7062 60.38
7063 60.45
7064 60.46
7065 60.63
7066 60.52
7067 60.49
7068 60.52
7069 60.48
7070 60.39
7071 60.41
7072 60.39
7073 60.56
7074 60.52
7075 60.41
7076 60.58
7077 60.67
7078 60.52
7079 60.41
7080 60.54
7081 60.51
7082 60.58
7083 60.47
7084 60.57
7085 60.62
7086 60.60
7087 60.45
7088 60.53
7089 60.45
7090 60.54
7091 60.49
7092 60.51
7093 60.52
7094 60.49
7095 60.52
7096 60.50
7097 60.44
7098 60.41
7099 60.47
7100 60.46
7101 60.46
7102 60.53
7103 60.62
7104 60.46
7105 60.42
7106 60.44
7107 60.62
7108 60.41
7109 60.45
7110 60.51
7111 60.55
7112 60.43
7113 60.51
7114 60.41
7115 60.35
7116 60.42
7117 60.45
7118 60.52
7119 60.52
7120 60.51
7121 60.47
7122 60.38
7123 60.43
7124 60.48
7125 60.48
7126 60.45
7127 60.40
7128 60.56
7129 60.49
7130 60.48
7131 60.48
7132 60.54
7133 60.47
7134 60.38
7135 60.45
7136 60.49
7137 60.47
7138 60.62
7139 60.50
7140 60.47
7141 60.51
7142 60.39
7143 60.43
7144 60.41
7145 60.46
7146 60.50
7147 60.57
7148 60.48
7149 60.43
7150 60.50
7151 60.53
7152 60.49
7153 60.45
7154 60.54
7155 60.51
7156 60.45
7157 60.39
7158 60.50
7159 60.44
7160 60.45
7161 60.46
7162 60.53
7163 60.45
7164 60.50
7165 60.51
7166 60.45
7167 60.50
7168 60.37
7169 60.45
7170 60.41
7171 60.55
7172 60.43
7173 60.50
7174 60.54
7175 60.51
7176 60.47
7177 60.48
7178 60.50
7179 60.48
7180 60.47
7181 60.41
7182 60.55
7183 60.46
7184 60.47
7185 60.36
7186 60.56
7187 60.39
7188 60.58
7189 60.50
7190 60.49
7191 60.52
7192 60.54
7193 60.41
7194 60.41
7195 60.40
7196 60.51
7197 60.45
7198 60.55
7199 60.57
7200 60.45
7201 60.48
7202 60.56
7203 60.39
7204 60.61
7205 60.54
7206 60.59
7207 60.53
7208 60.47
7209 60.45
7210 60.40
7211 60.49
7212 60.62
7213 60.50
7214 60.44
7215 60.55
7216 60.49
7217 60.48
7218 60.40
7219 60.47
7220 60.54
7221 60.61
7222 60.37
7223 60.56
7224 60.29
7225 60.38
7226 60.59
7227 60.52
7228 60.61
7229 60.51
7230 60.48
7231 60.56
7232 60.44
7233 60.47
7234 60.52
7235 60.50
7236 60.56
7237 60.40
7238 60.54
7239 60.42
7240 60.47
7241 60.53
7242 60.41
7243 60.64
7244 60.60
7245 60.47
7246 60.46
7247 60.57
7248 60.39
7249 60.54
7250 60.51
7251 60.61
7252 60.65
7253 60.43
7254 60.52
7255 60.47
7256 60.45
7257 60.47
7258 60.48
7259 60.58
7260 60.39
7261 60.39
7262 60.50
7263 60.43
7264 60.44
7265 60.37
7266 60.63
7267 60.52
7268 60.41
7269 60.46
7270 60.54
7271 60.51
7272 60.50
7273 60.48
7274 60.58
7275 60.42
7276 60.50
7277 60.38
7278 60.52
7279 60.55
7280 60.50
7281 60.60
7282 60.50
7283 60.46
7284 60.51
7285 60.48
7286 60.61
7287 60.67
7288 60.48
7289 60.43
7290 60.51
7291 60.48
7292 60.47
7293 60.50
7294 60.46
7295 60.54
7296 60.53
7297 60.50
7298 60.45
7299 60.41
7300 60.49
7301 60.41
7302 60.58
7303 60.49
7304 60.44
7305 60.50
7306 60.63
7307 60.49
7308 60.50
7309 60.46
7310 60.50
7311 60.56
7312 60.45
7313 60.38
7314 60.59
7315 60.44
7316 60.30
7317 60.42
7318 60.41
7319 60.50
7320 60.58
7321 60.60
7322 60.61
7323 60.52
7324 60.45
7325 60.53
7326 60.49
7327 60.48
7328 60.52
7329 60.44
7330 60.61
7331 60.47
7332 60.37
7333 60.43
7334 60.44
7335 60.51
7336 60.52
7337 60.39
7338 60.49
7339 60.42
7340 60.42
7341 60.56
7342 60.55
7343 60.54
7344 60.60
7345 60.45
7346 60.43
7347 60.50
7348 60.52
7349 60.43
7350 60.43
7351 60.50
7352 60.55
7353 60.37
7354 60.49
7355 60.43
7356 60.47
7357 60.47
7358 60.61
7359 60.51
7360 60.37
7361 60.40
7362 60.35
7363 60.43
7364 60.40
7365 60.44
7366 60.54
7367 60.41
7368 60.43
7369 60.54
7370 60.48
7371 60.47
7372 60.50
7373 60.44
7374 60.35
7375 60.41
7376 60.42
7377 60.58
7378 60.57
7379 60.53
7380 60.50
7381 60.55
7382 60.47
7383 60.45
7384 60.61
7385 60.45
7386 60.49
7387 60.59
7388 60.60
7389 60.51
7390 60.47
7391 60.48
7392 60.46
7393 60.50
7394 60.43
7395 60.53
7396 60.50
7397 60.39
7398 60.40
7399 60.59
7400 60.62
7401 60.58
7402 60.41
7403 60.47
7404 60.51
7405 60.45
7406 60.47
7407 60.45
7408 60.50
7409 60.51
7410 60.45
7411 60.45
7412 60.50
7413 60.47
7414 60.49
7415 60.42
7416 60.52
7417 60.51
7418 60.38
7419 60.42
7420 60.43
7421 60.47
7422 60.50
7423 60.56
7424 60.52
7425 60.44
7426 60.48
7427 60.40
7428 60.46
7429 60.49
7430 60.52
7431 60.48
7432 60.51
7433 60.48
7434 60.48
7435 60.44
7436 60.50
7437 60.42
7438 60.48
7439 60.43
7440 60.57
7441 60.48
7442 60.37
7443 60.54
7444 60.41
7445 60.46
7446 60.47
7447 60.52
7448 60.49
7449 60.56
7450 60.50
7451 60.47
7452 60.42
7453 60.43
7454 60.31
7455 60.41
7456 60.63
7457 60.48
7458 60.41
7459 60.43
7460 60.35
7461 60.47
7462 60.49
7463 60.56
7464 60.59
7465 60.58
7466 60.45
7467 60.42
7468 60.45
7469 60.42
7470 60.38
7471 60.41
7472 60.55
7473 60.50
7474 60.41
7475 60.42
7476 60.47
7477 60.47
7478 60.48
7479 60.51
7480 60.43
7481 60.54
7482 60.53
7483 60.43
7484 60.55
7485 60.39
7486 60.48
7487 60.49
7488 60.48
7489 60.54
7490 60.51
7491 60.25
7492 60.30
7493 60.47
7494 60.38
7495 60.52
7496 60.53
7497 60.39
7498 60.48
7499 60.42
7500 60.42
7501 60.47
7502 60.47
7503 60.58
7504 60.46
7505 60.54
7506 60.43
7507 60.37
7508 60.52
7509 60.45
7510 60.46
7511 60.51
7512 60.52
7513 60.57
7514 60.38
7515 60.51
7516 60.50
7517 60.61
7518 60.56
7519 60.41
7520 60.49
7521 60.52
7522 60.43
7523 60.44
7524 60.41
7525 60.49
7526 60.48
7527 60.43
7528 60.42
7529 60.44
7530 60.50
7531 60.53
7532 60.52
7533 60.45
7534 60.48
7535 60.49
7536 60.52
7537 60.52
7538 60.52
7539 60.56
7540 60.49
7541 60.41
7542 60.40
7543 60.56
7544 60.51
7545 60.50
7546 60.47
7547 60.58
7548 60.39
7549 60.45
7550 60.48
7551 60.50
7552 60.39
7553 60.45
7554 60.50
7555 60.48
7556 60.36
7557 60.40
7558 60.39
7559 60.52
7560 60.54
7561 60.58
7562 60.57
7563 60.59
7564 60.40
7565 60.55
7566 60.45
7567 60.53
7568 60.41
7569 60.47
7570 60.46
7571 60.46
7572 60.56
7573 60.27
7574 60.65
7575 60.45
7576 60.48
7577 60.57
7578 60.44
7579 60.52
7580 60.43
7581 60.41
7582 60.41
7583 60.41
7584 60.45
7585 60.45
7586 60.52
7587 60.63
7588 60.51
7589 60.39
7590 60.43
7591 60.48
7592 60.39
7593 60.43
7594 60.46
7595 60.46
7596 60.36
7597 60.43
7598 60.49
7599 60.43
7600 60.44
7601 60.56
7602 60.49
7603 60.44
7604 60.43
7605 60.41
7606 60.45
7607 60.66
7608 60.58
7609 60.46
7610 60.49
7611 60.56
7612 60.45
7613 60.37
7614 60.46
7615 60.44
7616 60.56
7617 60.54
7618 60.45
7619 60.54
7620 60.46
7621 60.44
7622 60.41
7623 60.45
7624 60.54
7625 60.39
7626 60.45
7627 60.48
7628 60.50
7629 60.52
7630 60.36
7631 60.44
7632 60.52
7633 60.51
7634 60.50
7635 60.48
7636 60.50
7637 60.58
7638 60.43
7639 60.38
7640 60.57
7641 60.43
7642 60.47
7643 60.44
7644 60.53
7645 60.53
7646 60.40
7647 60.45
7648 60.38
7649 60.56
7650 60.51
7651 60.45
7652 60.56
7653 60.43
7654 60.48
7655 60.41
7656 60.49
7657 60.45
7658 60.45
7659 60.47
7660 60.41
7661 60.56
7662 60.48
7663 60.39
7664 60.46
7665 60.50
7666 60.40
7667 60.44
7668 60.63
7669 60.47
7670 60.46
7671 60.48
7672 60.40
7673 60.43
7674 60.51
7675 60.47
7676 60.49
7677 60.45
7678 60.55
7679 60.52
7680 60.35
7681 60.43
7682 60.38
7683 60.40
7684 60.54
7685 60.46
7686 60.38
7687 60.38
7688 60.39
7689 60.50
7690 60.54
7691 60.44
7692 60.37
7693 60.54
7694 60.50
7695 60.50
7696 60.40
7697 60.50
7698 60.54
7699 60.53
7700 60.55
7701 60.54
7702 60.41
7703 60.43
7704 60.45
7705 60.48
7706 60.56
7707 60.48
7708 60.48
7709 60.52
7710 60.42
7711 60.43
7712 60.34
7713 60.43
7714 60.47
7715 60.37
7716 60.47
7717 60.53
7718 60.64
7719 60.35
7720 60.45
7721 60.53
7722 60.38
7723 60.55
7724 60.52
7725 60.49
7726 60.71
7727 60.56
7728 60.53
7729 60.47
7730 60.48
7731 60.51
7732 60.48
7733 60.48
7734 60.42
7735 60.48
7736 60.43
7737 60.52
7738 60.47
7739 60.36
7740 60.39
7741 60.43
7742 60.53
7743 60.56
7744 60.45
7745 60.36
7746 60.38
7747 60.40
7748 60.52
7749 60.27
7750 60.50
7751 60.39
7752 60.62
7753 60.53
7754 60.36
7755 60.38
7756 60.33
7757 60.41
7758 60.55
7759 60.39
7760 60.37
7761 60.45
7762 60.57
7763 60.36
7764 60.34
7765 60.56
7766 60.50
7767 60.50
7768 60.50
7769 60.51
7770 60.48
7771 60.53
7772 60.35
7773 60.56
7774 60.52
7775 60.40
7776 60.54
7777 60.60
7778 60.48
7779 60.45
7780 60.38
7781 60.48
7782 60.41
7783 60.38
7784 60.38
7785 60.49
7786 60.44
7787 60.49
7788 60.36
7789 60.42
7790 60.41
7791 60.56
7792 60.53
7793 60.43
7794 60.48
7795 60.50
7796 60.40
7797 60.40
7798 60.57
7799 60.37
7800 60.48
7801 60.39
7802 60.60
7803 60.53
7804 60.38
7805 60.44
7806 60.49
7807 60.39
7808 60.42
7809 60.34
7810 60.38
7811 60.57
7812 60.56
7813 60.38
7814 60.46
7815 60.44
7816 60.44
7817 60.43
7818 60.47
7819 60.47
7820 60.43
7821 60.45
7822 60.52
7823 60.53
7824 60.38
7825 60.50
7826 60.39
7827 60.45
7828 60.52
7829 60.39
7830 60.42
7831 60.48
7832 60.38
7833 60.46
7834 60.30
7835 60.42
7836 60.60
7837 60.55
7838 60.42
7839 60.46
7840 60.41
7841 60.48
7842 60.48
7843 60.37
7844 60.42
7845 60.63
7846 60.44
7847 60.61
7848 60.49
7849 60.41
7850 60.49
7851 60.49
7852 60.54
7853 60.48
7854 60.51
7855 60.55
7856 60.43
7857 60.54
7858 60.67
7859 60.50
7860 60.44
7861 60.45
7862 60.36
7863 60.39
7864 60.41
7865 60.37
7866 60.38
7867 60.52
7868 60.54
7869 60.34
7870 60.38
7871 60.52
7872 60.45
7873 60.48
7874 60.43
7875 60.55
7876 60.47
7877 60.41
7878 60.42
7879 60.40
7880 60.41
7881 60.49
7882 60.51
7883 60.53
7884 60.53
7885 60.42
7886 60.46
7887 60.36
7888 60.41
7889 60.51
7890 60.52
7891 60.50
7892 60.41
7893 60.45
7894 60.45
7895 60.54
7896 60.51
7897 60.45
7898 60.58
7899 60.43
7900 60.41
7901 60.39
7902 60.47
7903 60.39
7904 60.48
7905 60.47
7906 60.47
7907 60.48
7908 60.57
7909 60.52
7910 60.50
7911 60.42
7912 60.52
7913 60.46
7914 60.47
7915 60.43
7916 60.47
7917 60.48
7918 60.40
7919 60.43
7920 60.45
7921 60.48
7922 60.50
7923 60.55
7924 60.47
7925 60.43
7926 60.42
7927 60.37
7928 60.51
7929 60.40
7930 60.45
7931 60.45
7932 60.53
7933 60.54
7934 60.50
7935 60.36
7936 60.43
7937 60.45
7938 60.45
7939 60.47
7940 60.48
7941 60.47
7942 60.57
7943 60.50
7944 60.46
7945 60.46
7946 60.46
7947 60.39
7948 60.34
7949 60.45
7950 60.58
7951 60.45
7952 60.41
7953 60.54
7954 60.43
7955 60.52
7956 60.49
7957 60.60
7958 60.49
7959 60.51
7960 60.43
7961 60.42
7962 60.34
7963 60.36
7964 60.41
7965 60.47
7966 60.55
7967 60.50
7968 60.43
7969 60.30
7970 60.46
7971 60.41
7972 60.33
7973 60.49
7974 60.48
7975 60.59
7976 60.40
7977 60.58
7978 60.46
7979 60.30
7980 60.30
7981 60.55
7982 60.61
7983 60.42
7984 60.55
7985 60.61
7986 60.45
7987 60.47
7988 60.50
7989 60.38
7990 60.45
7991 60.53
7992 60.49
7993 60.46
7994 60.51
7995 60.57
7996 60.53
7997 60.48
7998 60.34
7999 60.40
8000 60.39
8001 60.54
8002 60.57
8003 60.43
8004 60.54
8005 60.43
8006 60.38
8007 60.45
8008 60.44
8009 60.46
8010 60.36
8011 60.53
8012 60.45
8013 60.51
8014 60.46
8015 60.54
8016 60.38
8017 60.34
8018 60.54
8019 60.47
8020 60.41
8021 60.44
8022 60.54
8023 60.45
8024 60.36
8025 60.38
8026 60.50
8027 60.47
8028 60.34
8029 60.42
8030 60.59
8031 60.47
8032 60.38
8033 60.46
8034 60.44
8035 60.61
8036 60.30
8037 60.52
8038 60.47
8039 60.49
8040 60.40
8041 60.29
8042 60.41
8043 60.55
8044 60.49
8045 60.43
8046 60.45
8047 60.53
8048 60.44
8049 60.47
8050 60.45
8051 60.50
8052 60.45
8053 60.47
8054 60.45
8055 60.58
8056 60.56
8057 60.44
8058 60.43
8059 60.41
8060 60.42
8061 60.38
8062 60.46
8063 60.32
8064 60.41
8065 60.42
8066 60.50
8067 60.33
8068 60.47
8069 60.44
8070 60.51
8071 60.43
8072 60.45
8073 60.44
8074 60.47
8075 60.54
8076 60.42
8077 60.41
8078 60.47
8079 60.41
8080 60.46
8081 60.38
8082 60.45
8083 60.49
8084 60.58
8085 60.47
8086 60.60
8087 60.59
8088 60.45
8089 60.44
8090 60.35
8091 60.54
8092 60.50
8093 60.51
8094 60.47
8095 60.45
8096 60.54
8097 60.59
8098 60.45
8099 60.42
8100 60.45
8101 60.49
8102 60.38
8103 60.37
8104 60.53
8105 60.50
8106 60.38
8107 60.37
8108 60.46
8109 60.43
8110 60.41
8111 60.51
8112 60.56
8113 60.47
8114 60.46
8115 60.37
8116 60.45
8117 60.42
8118 60.47
8119 60.35
8120 60.38
8121 60.50
8122 60.43
8123 60.33
8124 60.48
8125 60.53
8126 60.49
8127 60.47
8128 60.52
8129 60.53
8130 60.50
8131 60.41
8132 60.45
8133 60.53
8134 60.53
8135 60.39
8136 60.45
8137 60.48
8138 60.61
8139 60.48
8140 60.44
8141 60.51
8142 60.46
8143 60.32
8144 60.43
8145 60.48
8146 60.43
8147 60.39
8148 60.40
8149 60.37
8150 60.40
8151 60.48
8152 60.45
8153 60.39
8154 60.57
8155 60.52
8156 60.37
8157 60.46
8158 60.51
8159 60.57
8160 60.41
8161 60.54
8162 60.53
8163 60.44
8164 60.45
8165 60.37
8166 60.57
8167 60.41
8168 60.44
8169 60.41
8170 60.52
8171 60.35
8172 60.35
8173 60.40
8174 60.56
8175 60.54
8176 60.41
8177 60.52
8178 60.45
8179 60.33
8180 60.40
8181 60.33
8182 60.34
8183 60.37
8184 60.36
8185 60.40
8186 60.50
8187 60.47
8188 60.50
8189 60.29
8190 60.55
8191 60.37
8192 60.42
8193 60.41
8194 60.54
8195 60.45
8196 60.49
8197 60.53
8198 60.53
8199 60.34
8200 60.34
8201 60.41
8202 60.33
8203 60.52
8204 60.54
8205 60.50
8206 60.38
8207 60.37
8208 60.44
8209 60.44
8210 60.27
8211 60.50
8212 60.38
8213 60.52
8214 60.46
8215 60.45
8216 60.55
8217 60.48
8218 60.45
8219 60.49
8220 60.56
8221 60.42
8222 60.49
8223 60.59
8224 60.30
8225 60.49
8226 60.43
8227 60.47
8228 60.38
8229 60.58
8230 60.49
8231 60.44
8232 60.45
8233 60.51
8234 60.39
8235 60.44
8236 60.36
8237 60.34
8238 60.39
8239 60.46
8240 60.57
8241 60.38
8242 60.50
8243 60.44
8244 60.44
8245 60.43
8246 60.52
8247 60.45
8248 60.47
8249 60.41
8250 60.53
8251 60.54
8252 60.50
8253 60.41
8254 60.43
8255 60.45
8256 60.38
8257 60.46
8258 60.51
8259 60.40
8260 60.47
8261 60.43
8262 60.42
8263 60.52
8264 60.50
8265 60.50
8266 60.48
8267 60.54
8268 60.46
8269 60.43
8270 60.46
8271 60.43
8272 60.59
8273 60.51
8274 60.47
8275 60.44
8276 60.46
8277 60.39
8278 60.28
8279 60.42
8280 60.57
8281 60.48
8282 60.64
8283 60.45
8284 60.52
8285 60.41
8286 60.38
8287 60.42
8288 60.51
8289 60.52
8290 60.41
8291 60.40
8292 60.40
8293 60.46
8294 60.40
8295 60.49
8296 60.37
8297 60.54
8298 60.42
8299 60.39
8300 60.43
8301 60.62
8302 60.38
8303 60.38
8304 60.40
8305 60.42
8306 60.48
8307 60.51
8308 60.46
8309 60.44
8310 60.42
8311 60.48
8312 60.45
8313 60.40
8314 60.41
8315 60.57
8316 60.39
8317 60.58
8318 60.53
8319 60.49
8320 60.43
8321 60.38
8322 60.41
8323 60.48
8324 60.34
8325 60.48
8326 60.31
8327 60.50
8328 60.57
8329 60.50
8330 60.36
8331 60.48
8332 60.38
8333 60.39
8334 60.37
8335 60.47
8336 60.52
8337 60.52
8338 60.56
8339 60.41
8340 60.39
8341 60.52
8342 60.42
8343 60.40
8344 60.41
8345 60.47
8346 60.44
8347 60.42
8348 60.47
8349 60.56
8350 60.49
8351 60.45
8352 60.49
8353 60.41
8354 60.45
8355 60.45
8356 60.51
8357 60.50
8358 60.43
8359 60.41
8360 60.33
8361 60.35
8362 60.39
8363 60.45
8364 60.47
8365 60.40
8366 60.51
8367 60.49
8368 60.32
8369 60.30
8370 60.50
8371 60.41
8372 60.45
8373 60.46
8374 60.52
8375 60.41
8376 60.48
8377 60.36
8378 60.30
8379 60.36
8380 60.51
8381 60.40
8382 60.47
8383 60.46
8384 60.45
8385 60.45
8386 60.50
8387 60.34
8388 60.46
8389 60.36
8390 60.39
8391 60.57
8392 60.50
8393 60.39
8394 60.48
8395 60.39
8396 60.27
8397 60.43
8398 60.52
8399 60.39
8400 60.45
8401 60.48
8402 60.50
8403 60.43
8404 60.43
8405 60.35
8406 60.42
8407 60.53
8408 60.45
8409 60.44
8410 60.55
8411 60.37
8412 60.42
8413 60.45
8414 60.42
8415 60.32
8416 60.41
8417 60.47
8418 60.50
8419 60.30
8420 60.41
8421 60.35
8422 60.45
8423 60.42
8424 60.48
8425 60.40
8426 60.56
8427 60.43
8428 60.39
8429 60.48
8430 60.59
8431 60.39
8432 60.45
8433 60.47
8434 60.54
8435 60.46
8436 60.40
8437 60.46
8438 60.40
8439 60.47
8440 60.39
8441 60.38
8442 60.51
8443 60.47
8444 60.51
8445 60.49
8446 60.38
8447 60.37
8448 60.41
8449 60.28
8450 60.57
8451 60.48
8452 60.38
8453 60.47
8454 60.44
8455 60.34
8456 60.36
8457 60.34
8458 60.51
8459 60.46
8460 60.48
8461 60.33
8462 60.32
8463 60.48
8464 60.41
8465 60.46
8466 60.39
8467 60.47
8468 60.41
8469 60.45
8470 60.47
8471 60.34
8472 60.36
8473 60.48
8474 60.50
8475 60.48
8476 60.55
8477 60.41
8478 60.34
8479 60.41
8480 60.34
8481 60.40
8482 60.50
8483 60.38
8484 60.54
8485 60.61
8486 60.36
8487 60.48
8488 60.37
8489 60.30
8490 60.36
8491 60.46
8492 60.46
8493 60.46
8494 60.39
8495 60.41
8496 60.43
8497 60.47
8498 60.42
8499 60.43
8500 60.45
8501 60.69
8502 60.54
8503 60.40
8504 60.32
8505 60.36
8506 60.36
8507 60.41
8508 60.52
8509 60.46
8510 60.49
8511 60.44
8512 60.46
8513 60.38
8514 60.44
8515 60.47
8516 60.41
8517 60.45
8518 60.39
8519 60.42
8520 60.41
8521 60.27
8522 60.22
8523 59.99
8524 58.96
8525 56.90
8526 44.89
8527 37.86
8528 33.77
8529 30.58
8530 27.79
8531 25.59
8532 23.99
8533 22.51
8534 21.08
8535 19.89
8536 19.05
8537 18.22
8538 17.26
8539 16.62
8540 16.07
8541 15.52
8542 15.34
8543 14.24
8544 13.68
8545 13.33
8546 12.73
8547 12.59
8548 12.32
8549 12.17
8550 12.16
8551 11.63
8552 11.13
8553 10.95
8554 10.70
8555 10.47
8556 10.29
8557 10.34
8558 10.45
8559 9.93
8560 9.64
