1 22.05
2 22.08
3 22.11
4 22.15
5 22.11
6 22.07
7 22.01
8 22.02
9 21.61
10 21.11
11 20.70
12 20.35
13 19.99
14 19.64
15 19.28
16 18.93
17 18.70
18 18.40
19 18.10
20 17.99
21 17.76
22 17.41
23 17.33
24 17.44
25 17.83
26 19.88
27 40.84
28 53.80
29 57.63
30 58.77
31 59.41
32 59.49
33 59.60
34 59.59
35 59.56
36 59.54
37 59.64
38 59.68
39 59.65
40 59.71
41 59.54
42 59.63
43 59.46
44 59.54
45 59.57
46 59.57
47 59.52
48 59.63
49 59.43
50 59.59
51 59.52
52 59.32
53 59.49
54 59.37
55 59.36
56 59.40
57 59.33
58 59.33
59 59.35
60 59.29
61 59.16
62 59.06
63 59.07
64 59.18
65 58.98
66 59.04
67 58.99
68 59.11
69 58.97
70 58.82
71 58.82
72 58.68
73 58.72
74 58.71
75 58.77
76 58.77
77 58.74
78 58.63
79 58.59
80 58.49
81 58.60
82 58.50
83 58.51
84 58.50
85 58.50
86 58.43
87 58.44
88 58.38
89 58.20
90 58.37
91 58.27
92 58.27
93 58.22
94 58.22
95 58.27
96 58.19
97 58.02
98 58.04
99 57.96
100 57.92
101 57.99
102 58.06
103 57.99
104 58.11
105 58.02
106 57.98
107 57.99
108 57.88
109 57.99
110 57.89
111 58.07
112 57.98
113 58.02
114 57.92
115 58.02
116 58.07
117 57.97
118 57.91
119 57.90
120 57.94
121 57.98
122 57.95
123 58.06
124 57.93
125 58.04
126 57.97
127 57.83
128 57.89
129 58.05
130 57.97
131 58.02
132 57.99
133 57.96
134 58.00
135 58.13
136 57.94
137 57.99
138 58.03
139 57.95
140 57.86
141 57.96
142 57.99
143 57.95
144 57.86
145 57.96
146 58.07
147 57.98
148 57.97
149 57.98
150 57.91
151 57.87
152 57.86
153 57.94
154 57.92
155 57.95
156 57.96
157 58.06
158 57.94
159 57.81
160 57.95
161 57.96
162 58.02
163 57.92
164 57.98
165 57.94
166 57.99
167 57.81
168 57.94
169 57.98
170 57.88
171 57.90
172 57.86
173 57.95
174 57.95
175 57.74
176 57.94
177 58.02
178 57.96
179 57.87
180 57.84
181 58.06
182 57.84
183 57.85
184 57.89
185 57.99
186 57.90
187 57.94
188 57.93
189 57.92
190 57.95
191 57.82
192 57.90
193 57.89
194 57.99
195 57.94
196 57.85
197 57.89
198 57.88
199 57.99
200 57.97
201 58.06
202 57.99
203 57.92
204 57.91
205 57.99
206 57.84
207 58.02
208 57.97
209 58.12
210 57.99
211 57.94
212 57.92
213 58.00
214 57.97
215 57.91
216 57.99
217 58.05
218 57.99
219 57.90
220 57.92
221 57.90
222 58.03
223 58.08
224 58.02
225 57.94
226 58.02
227 57.99
228 57.95
229 57.95
230 58.01
231 57.97
232 58.06
233 58.05
234 58.08
235 58.14
236 57.97
237 57.90
238 57.94
239 57.94
240 58.06
241 58.08
242 58.09
243 58.17
244 57.95
245 57.98
246 58.02
247 57.93
248 58.01
249 58.15
250 58.13
251 57.95
252 57.96
253 57.90
254 58.15
255 58.01
256 58.18
257 58.17
258 58.11
259 58.15
260 58.00
261 58.08
262 58.09
263 58.08
264 58.17
265 58.03
266 58.18
267 58.11
268 58.05
269 58.04
270 58.18
271 58.09
272 58.00
273 58.19
274 58.11
275 58.21
276 58.11
277 58.10
278 58.08
279 58.03
280 58.15
281 58.02
282 58.24
283 58.23
284 58.10
285 58.22
286 58.05
287 58.20
288 58.24
289 58.13
290 58.10
291 58.13
292 58.37
293 58.25
294 58.31
295 58.20
296 58.23
297 58.19
298 58.16
299 58.05
300 58.12
301 58.28
302 58.21
303 58.15
304 58.37
305 58.26
306 58.24
307 58.28
308 58.20
309 58.30
310 58.35
311 58.18
312 58.29
313 58.20
314 58.29
315 58.21
316 58.22
317 58.45
318 58.31
319 58.25
320 58.20
321 58.35
322 58.24
323 58.28
324 58.25
325 58.30
326 58.29
327 58.25
328 58.19
329 58.32
330 58.19
331 58.32
332 58.35
333 58.26
334 58.25
335 58.33
336 58.30
337 58.29
338 58.24
339 58.29
340 58.41
341 58.40
342 58.32
343 58.25
344 58.33
345 58.47
346 58.22
347 58.32
348 58.45
349 58.39
350 58.41
351 58.41
352 58.40
353 58.32
354 58.34
355 58.46
356 58.38
357 58.38
358 58.32
359 58.47
360 58.50
361 58.37
362 58.49
363 58.41
364 58.39
365 58.36
366 58.35
367 58.49
368 58.36
369 58.46
370 58.48
371 58.52
372 58.40
373 58.26
374 58.32
375 58.52
376 58.50
377 58.33
378 58.49
379 58.54
380 58.41
381 58.40
382 58.49
383 58.42
384 58.58
385 58.48
386 58.47
387 58.41
388 58.56
389 58.41
390 58.48
391 58.58
392 58.51
393 58.40
394 58.46
395 58.47
396 58.57
397 58.58
398 58.56
399 58.54
400 58.48
401 58.51
402 58.59
403 58.43
404 58.41
405 58.57
406 58.63
407 58.58
408 58.48
409 58.55
410 58.59
411 58.46
412 58.44
413 58.54
414 58.64
415 58.48
416 58.50
417 58.53
418 58.60
419 58.49
420 58.56
421 58.63
422 58.55
423 58.62
424 58.55
425 58.65
426 58.62
427 58.63
428 58.60
429 58.73
430 58.74
431 58.61
432 58.56
433 58.70
434 58.63
435 58.66
436 58.63
437 58.68
438 58.69
439 58.56
440 58.69
441 58.68
442 58.77
443 58.79
444 58.73
445 58.74
446 58.58
447 58.64
448 58.69
449 58.74
450 58.68
451 58.83
452 58.57
453 58.77
454 58.56
455 58.61
456 58.63
457 58.71
458 58.77
459 58.75
460 58.73
461 58.82
462 58.64
463 58.66
464 58.75
465 58.80
466 58.87
467 58.56
468 58.73
469 58.81
470 58.72
471 58.68
472 58.79
473 58.73
474 58.75
475 58.77
476 58.79
477 58.77
478 58.75
479 58.83
480 58.74
481 58.69
482 58.70
483 58.77
484 58.84
485 58.83
486 58.87
487 58.80
488 58.72
489 58.80
490 58.89
491 58.82
492 58.71
493 58.81
494 58.79
495 58.80
496 58.71
497 58.85
498 58.76
499 58.80
500 58.89
501 58.89
502 58.76
503 58.83
504 58.75
505 58.87
506 58.88
507 58.91
508 58.89
509 58.87
510 58.80
511 58.97
512 58.86
513 58.89
514 58.82
515 58.85
516 58.92
517 58.82
518 58.95
519 58.82
520 58.87
521 58.88
522 58.91
523 58.88
524 58.79
525 58.76
526 58.84
527 58.89
528 58.89
529 58.87
530 58.92
531 58.93
532 58.91
533 58.89
534 58.85
535 58.96
536 59.03
537 58.90
538 58.94
539 58.83
540 58.92
541 58.83
542 58.82
543 58.95
544 58.86
545 58.88
546 58.91
547 59.02
548 58.89
549 58.89
550 59.05
551 58.95
552 58.98
553 58.95
554 58.88
555 58.98
556 58.97
557 58.95
558 58.97
559 58.97
560 58.86
561 58.93
562 59.02
563 58.93
564 58.91
565 58.96
566 58.97
567 59.06
568 59.17
569 59.08
570 58.93
571 58.93
572 59.01
573 58.96
574 58.91
575 58.98
576 59.08
577 59.12
578 59.01
579 59.11
580 59.02
581 58.91
582 59.01
583 59.00
584 59.07
585 59.05
586 58.95
587 59.00
588 58.97
589 59.00
590 58.99
591 58.96
592 59.07
593 59.03
594 59.16
595 59.04
596 59.04
597 59.04
598 59.07
599 59.07
600 59.21
601 59.01
602 58.95
603 59.15
604 59.09
605 59.11
606 59.01
607 59.01
608 59.07
609 59.08
610 59.16
611 59.00
612 59.02
613 59.12
614 59.09
615 59.07
616 59.01
617 59.03
618 59.18
619 59.09
620 59.03
621 59.20
622 59.03
623 59.15
624 59.18
625 59.20
626 59.20
627 59.06
628 59.15
629 59.20
630 59.07
631 58.99
632 59.08
633 59.05
634 59.15
635 59.12
636 59.14
637 59.09
638 59.19
639 59.16
640 59.18
641 58.99
642 59.12
643 59.05
644 59.05
645 59.03
646 59.07
647 59.06
648 59.13
649 59.15
650 59.23
651 59.18
652 59.19
653 59.13
654 59.16
655 59.22
656 59.14
657 59.10
658 59.07
659 59.22
660 59.04
661 59.11
662 59.11
663 59.20
664 59.10
665 59.12
666 59.20
667 59.16
668 59.09
669 59.21
670 59.19
671 59.10
672 59.09
673 59.23
674 59.18
675 59.26
676 59.18
677 59.11
678 59.05
679 59.16
680 59.36
681 59.16
682 59.17
683 59.09
684 59.18
685 59.24
686 59.26
687 59.21
688 59.14
689 59.19
690 59.27
691 59.24
692 59.16
693 59.16
694 59.22
695 59.13
696 59.36
697 59.11
698 59.20
699 59.25
700 59.12
701 59.20
702 59.15
703 59.23
704 59.18
705 59.19
706 59.18
707 59.25
708 59.31
709 59.29
710 59.20
711 59.19
712 59.17
713 59.31
714 59.22
715 59.20
716 59.18
717 59.23
718 59.26
719 59.29
720 59.26
721 59.10
722 59.25
723 59.22
724 59.23
725 59.27
726 59.23
727 59.23
728 59.22
729 59.35
730 59.33
731 59.17
732 59.26
733 59.13
734 59.24
735 59.24
736 59.31
737 59.28
738 59.22
739 59.27
740 59.14
741 59.18
742 59.37
743 59.23
744 59.17
745 59.23
746 59.32
747 59.29
748 59.23
749 59.22
750 59.23
751 59.20
752 59.27
753 59.24
754 59.23
755 59.23
756 59.31
757 59.25
758 59.32
759 59.27
760 59.28
761 59.22
762 59.25
763 59.29
764 59.37
765 59.30
766 59.42
767 59.23
768 59.29
769 59.18
770 59.21
771 59.23
772 59.23
773 59.34
774 59.32
775 59.29
776 59.28
777 59.23
778 59.26
779 59.30
780 59.30
781 59.30
782 59.30
783 59.18
784 59.37
785 59.28
786 59.21
787 59.29
788 59.30
789 59.20
790 59.32
791 59.30
792 59.22
793 59.25
794 59.30
795 59.20
796 59.25
797 59.25
798 59.26
799 59.22
800 59.31
801 59.40
802 59.31
803 59.24
804 59.25
805 59.22
806 59.25
807 59.24
808 59.43
809 59.30
810 59.37
811 59.34
812 59.19
813 59.34
814 59.17
815 59.32
816 59.25
817 59.33
818 59.25
819 59.33
820 59.29
821 59.27
822 59.38
823 59.29
824 59.27
825 59.22
826 59.34
827 59.25
828 59.23
829 59.38
830 59.22
831 59.29
832 59.31
833 59.25
834 59.37
835 59.18
836 59.22
837 59.24
838 59.24
839 59.26
840 59.20
841 59.29
842 59.29
843 59.40
844 59.33
845 59.16
846 59.38
847 59.26
848 59.31
849 59.28
850 59.31
851 59.34
852 59.21
853 59.30
854 59.28
855 59.27
856 59.25
857 59.26
858 59.47
859 59.30
860 59.24
861 59.24
862 59.38
863 59.40
864 59.35
865 59.41
866 59.53
867 59.25
868 59.20
869 59.23
870 59.35
871 59.36
872 59.36
873 59.39
874 59.38
875 59.22
876 59.28
877 59.30
878 59.38
879 59.38
880 59.28
881 59.47
882 59.23
883 59.24
884 59.21
885 59.45
886 59.37
887 59.32
888 59.34
889 59.41
890 59.33
891 59.25
892 59.29
893 59.29
894 59.40
895 59.45
896 59.40
897 59.34
898 59.31
899 59.25
900 59.27
901 59.28
902 59.33
903 59.38
904 59.38
905 59.37
906 59.43
907 59.32
908 59.32
909 59.25
910 59.28
911 59.39
912 59.39
913 59.34
914 59.36
915 59.32
916 59.30
917 59.39
918 59.50
919 59.43
920 59.35
921 59.27
922 59.35
923 59.19
924 59.28
925 59.38
926 59.45
927 59.32
928 59.33
929 59.36
930 59.40
931 59.43
932 59.27
933 59.26
934 59.28
935 59.38
936 59.47
937 59.29
938 59.43
939 59.44
940 59.25
941 59.26
942 59.38
943 59.50
944 59.38
945 59.28
946 59.47
947 59.36
948 59.35
949 59.31
950 59.31
951 59.38
952 59.39
953 59.33
954 59.28
955 59.52
956 59.34
957 59.26
958 59.40
959 59.38
960 59.45
961 59.38
962 59.23
963 59.40
964 59.38
965 59.22
966 59.27
967 59.40
968 59.40
969 59.38
970 59.34
971 59.31
972 59.43
973 59.23
974 59.32
975 59.40
976 59.32
977 59.36
978 59.31
979 59.37
980 59.40
981 59.27
982 59.36
983 59.32
984 59.38
985 59.37
986 59.40
987 59.38
988 59.30
989 59.32
990 59.33
991 59.35
992 59.36
993 59.43
994 59.27
995 59.45
996 59.42
997 59.30
998 59.25
999 59.35
1000 59.38
1001 59.43
1002 59.28
1003 59.20
1004 59.29
1005 59.44
1006 59.44
1007 59.32
1008 59.40
1009 59.37
1010 59.31
1011 59.36
1012 59.27
1013 59.31
1014 59.36
1015 59.41
1016 59.54
1017 59.44
1018 59.31
1019 59.31
1020 59.32
1021 59.31
1022 59.41
1023 59.50
1024 59.31
1025 59.33
1026 59.34
1027 59.43
1028 59.19
1029 59.32
1030 59.42
1031 59.38
1032 59.40
1033 59.34
1034 59.32
1035 59.41
1036 59.38
1037 59.27
1038 59.38
1039 59.40
1040 59.32
1041 59.35
1042 59.34
1043 59.34
1044 59.40
1045 59.22
1046 59.36
1047 59.42
1048 59.37
1049 59.32
1050 59.30
1051 59.49
1052 59.47
1053 59.30
1054 59.37
1055 59.51
1056 59.31
1057 59.33
1058 59.36
1059 59.41
1060 59.54
1061 59.39
1062 59.38
1063 59.42
1064 59.37
1065 59.34
1066 59.33
1067 59.44
1068 59.42
1069 59.37
1070 59.44
1071 59.45
1072 59.44
1073 59.35
1074 59.44
1075 59.34
1076 59.52
1077 59.54
1078 59.34
1079 59.49
1080 59.36
1081 59.40
1082 59.39
1083 59.38
1084 59.42
1085 59.36
1086 59.36
1087 59.41
1088 59.45
1089 59.22
1090 59.31
1091 59.29
1092 59.38
1093 59.43
1094 59.22
1095 59.36
1096 59.35
1097 59.39
1098 59.33
1099 59.36
1100 59.35
1101 59.38
1102 59.40
1103 59.39
1104 59.45
1105 59.34
1106 59.31
1107 59.33
1108 59.52
1109 59.40
1110 59.54
1111 59.35
1112 59.39
1113 59.44
1114 59.39
1115 59.27
1116 59.45
1117 59.34
1118 59.46
1119 59.29
1120 59.37
1121 59.33
1122 59.45
1123 59.29
1124 59.36
1125 59.48
1126 59.43
1127 59.41
1128 59.28
1129 59.49
1130 59.43
1131 59.31
1132 59.36
1133 59.41
1134 59.43
1135 59.45
1136 59.42
1137 59.45
1138 59.47
1139 59.33
1140 59.32
1141 59.38
1142 59.44
1143 59.34
1144 59.42
1145 59.45
1146 59.36
1147 59.26
1148 59.34
1149 59.31
1150 59.46
1151 59.49
1152 59.49
1153 59.45
1154 59.38
1155 59.45
1156 59.43
1157 59.48
1158 59.41
1159 59.41
1160 59.44
1161 59.34
1162 59.35
1163 59.43
1164 59.41
1165 59.43
1166 59.44
1167 59.49
1168 59.50
1169 59.28
1170 59.43
1171 59.30
1172 59.31
1173 59.53
1174 59.29
1175 59.27
1176 59.41
1177 59.40
1178 59.33
1179 59.41
1180 59.38
1181 59.41
1182 59.43
1183 59.36
1184 59.46
1185 59.28
1186 59.36
1187 59.42
1188 59.47
1189 59.41
1190 59.42
1191 59.37
1192 59.38
1193 59.32
1194 59.42
1195 59.41
1196 59.43
1197 59.34
1198 59.25
1199 59.38
1200 59.43
1201 59.42
1202 59.45
1203 59.36
1204 59.54
1205 59.31
1206 59.39
1207 59.41
1208 59.48
1209 59.51
1210 59.43
1211 59.52
1212 59.37
1213 59.42
1214 59.41
1215 59.48
1216 59.42
1217 59.34
1218 59.45
1219 59.34
1220 59.35
1221 59.51
1222 59.47
1223 59.44
1224 59.45
1225 59.37
1226 59.37
1227 59.39
1228 59.37
1229 59.49
1230 59.52
1231 59.44
1232 59.40
1233 59.41
1234 59.41
1235 59.44
1236 59.40
1237 59.61
1238 59.54
1239 59.40
1240 59.28
1241 59.30
1242 59.47
1243 59.42
1244 59.50
1245 59.55
1246 59.48
1247 59.38
1248 59.45
1249 59.40
1250 59.59
1251 59.42
1252 59.49
1253 59.56
1254 59.29
1255 59.37
1256 59.34
1257 59.51
1258 59.62
1259 59.54
1260 59.41
1261 59.39
1262 59.49
1263 59.35
1264 59.43
1265 59.42
1266 59.47
1267 59.41
1268 59.41
1269 59.48
1270 59.41
1271 59.50
1272 59.38
1273 59.56
1274 59.44
1275 59.45
1276 59.52
1277 59.38
1278 59.39
1279 59.49
1280 59.57
1281 59.44
1282 59.47
1283 59.28
1284 59.55
1285 59.41
1286 59.31
1287 59.45
1288 59.41
1289 59.54
1290 59.40
1291 59.37
1292 59.56
1293 59.43
1294 59.38
1295 59.36
1296 59.41
1297 59.52
1298 59.38
1299 59.42
1300 59.42
1301 59.38
1302 59.49
1303 59.39
1304 59.52
1305 59.38
1306 59.38
1307 59.47
1308 59.50
1309 59.38
1310 59.49
1311 59.37
1312 59.49
1313 59.56
1314 59.36
1315 59.32
1316 59.39
1317 59.45
1318 59.35
1319 59.49
1320 59.47
1321 59.49
1322 59.46
1323 59.50
1324 59.45
1325 59.42
1326 59.47
1327 59.53
1328 59.57
1329 59.43
1330 59.41
1331 59.33
1332 59.42
1333 59.50
1334 59.32
1335 59.57
1336 59.40
1337 59.45
1338 59.33
1339 59.51
1340 59.52
1341 59.47
1342 59.36
1343 59.54
1344 59.50
1345 59.42
1346 59.53
1347 59.50
1348 59.41
1349 59.49
1350 59.55
1351 59.65
1352 59.57
1353 59.47
1354 59.38
1355 59.39
1356 59.48
1357 59.53
1358 59.41
1359 59.57
1360 59.42
1361 59.50
1362 59.37
1363 59.43
1364 59.52
1365 59.50
1366 59.45
1367 59.51
1368 59.46
1369 59.44
1370 59.49
1371 59.56
1372 59.52
1373 59.47
1374 59.44
1375 59.52
1376 59.47
1377 59.44
1378 59.40
1379 59.56
1380 59.50
1381 59.54
1382 59.56
1383 59.48
1384 59.41
1385 59.46
1386 59.45
1387 59.56
1388 59.48
1389 59.51
1390 59.50
1391 59.50
1392 59.54
1393 59.61
1394 59.53
1395 59.45
1396 59.50
1397 59.43
1398 59.52
1399 59.47
1400 59.51
1401 59.52
1402 59.58
1403 59.58
1404 59.43
1405 59.43
1406 59.39
1407 59.03
1408 58.85
1409 57.81
1410 49.73
1411 43.50
1412 39.47
1413 36.42
1414 34.07
1415 32.20
1416 30.64
1417 28.95
1418 28.36
1419 28.36
1420 28.49
1421 28.62
1422 28.73
1423 28.82
1424 28.83
1425 28.82
1426 28.82
1427 28.82
1428 28.84
1429 28.82
1430 28.76
1431 28.77
1432 28.74
1433 28.67
1434 28.61
1435 28.64
1436 28.43
1437 28.46
1438 28.35
1439 28.17
1440 28.14
1441 28.04
1442 28.08
1443 27.85
1444 27.80
1445 27.72
1446 27.60
1447 27.52
1448 27.51
1449 27.41
1450 27.48
1451 27.31
1452 27.16
1453 27.17
1454 27.16
1455 26.93
1456 26.89
1457 26.85
1458 26.85
1459 26.77
1460 26.69
1461 26.51
1462 26.49
1463 26.44
1464 26.30
1465 26.29
1466 26.10
1467 26.10
1468 26.03
1469 25.94
1470 25.96
