1 15.28
2 14.72
3 13.35
4 12.19
5 11.13
6 10.31
7 9.44
8 8.89
9 8.34
10 7.98
11 7.46
12 7.13
13 7.03
14 7.78
15 8.86
16 22.59
17 46.66
18 55.19
19 58.23
20 59.34
21 59.61
22 59.70
23 59.84
24 59.92
25 59.99
26 59.88
27 59.97
28 59.92
29 59.90
30 59.99
31 59.91
32 59.98
33 60.07
34 59.88
35 59.88
36 59.84
37 59.78
38 59.87
39 59.90
40 59.93
41 59.69
42 59.74
43 59.77
44 59.71
45 59.68
46 59.71
47 59.70
48 59.61
49 59.54
50 59.55
51 59.59
52 59.47
53 59.56
54 59.48
55 59.43
56 59.34
57 59.33
58 59.31
59 59.31
60 59.20
61 59.30
62 59.33
63 59.15
64 59.19
65 59.15
66 59.06
67 59.04
68 59.01
69 59.07
70 59.07
71 58.98
72 59.02
73 58.97
74 58.80
75 58.78
76 58.84
77 58.88
78 58.77
79 58.77
80 58.79
81 58.70
82 58.64
83 58.72
84 58.74
85 58.71
86 58.64
87 58.64
88 58.57
89 58.62
90 58.57
91 58.55
92 58.49
93 58.52
94 58.57
95 58.48
96 58.41
97 58.33
98 58.28
99 58.30
100 58.34
101 58.15
102 58.23
103 58.13
104 58.17
105 58.19
106 58.11
107 58.08
108 58.05
109 57.96
110 57.95
111 57.96
112 57.91
113 57.93
114 57.87
115 57.85
116 57.74
117 57.81
118 57.76
119 57.68
120 57.78
121 57.69
122 57.65
123 57.63
124 57.55
125 57.59
126 57.66
127 57.61
128 57.69
129 57.70
130 57.64
131 57.57
132 57.60
133 57.58
134 57.69
135 57.61
136 57.55
137 57.62
138 57.66
139 57.45
140 57.53
141 57.59
142 57.64
143 57.53
144 57.62
145 57.65
146 57.49
147 57.52
148 57.55
149 57.58
150 57.57
151 57.48
152 57.61
153 57.60
154 57.53
155 57.48
156 57.55
157 57.52
158 57.51
159 57.57
160 57.51
161 57.47
162 57.43
163 57.61
164 57.58
165 57.59
166 57.51
167 57.50
168 57.49
169 57.47
170 57.41
171 57.58
172 57.60
173 57.61
174 57.57
175 57.53
176 57.57
177 57.48
178 57.57
179 57.55
180 57.63
181 57.64
182 57.48
183 57.52
184 57.60
185 57.57
186 57.52
187 57.56
188 57.61
189 57.62
190 57.62
191 57.48
192 57.55
193 57.50
194 57.59
195 57.58
196 57.59
197 57.60
198 57.57
199 57.45
200 57.56
201 57.57
202 57.58
203 57.58
204 57.53
205 57.60
206 57.57
207 57.63
208 57.67
209 57.55
210 57.63
211 57.57
212 57.62
213 57.60
214 57.55
215 57.69
216 57.53
217 57.58
218 57.63
219 57.62
220 57.73
221 57.60
222 57.71
223 57.71
224 57.72
225 57.62
226 57.71
227 57.71
228 57.60
229 57.62
230 57.66
231 57.59
232 57.66
233 57.63
234 57.68
235 57.59
236 57.53
237 57.56
238 57.71
239 57.67
240 57.73
241 57.79
242 57.73
243 57.68
244 57.55
245 57.72
246 57.80
247 57.77
248 57.64
249 57.75
250 57.78
251 57.79
252 57.71
253 57.81
254 57.87
255 57.73
256 57.67
257 57.72
258 57.65
259 57.67
260 57.67
261 57.81
262 57.86
263 57.81
264 57.81
265 57.75
266 57.81
267 57.81
268 57.77
269 57.90
270 57.82
271 57.76
272 57.81
273 57.86
274 57.89
275 57.80
276 57.85
277 57.80
278 57.85
279 57.73
280 57.84
281 57.86
282 57.90
283 57.86
284 57.89
285 57.96
286 57.90
287 57.83
288 57.96
289 57.94
290 57.98
291 57.89
292 57.88
293 57.85
294 57.81
295 57.94
296 57.96
297 58.01
298 57.88
299 57.86
300 57.95
301 57.89
302 57.96
303 58.02
304 57.97
305 58.02
306 57.95
307 58.02
308 58.01
309 57.96
310 58.07
311 58.10
312 57.98
313 57.96
314 57.97
315 58.04
316 58.08
317 58.07
318 58.08
319 58.13
320 57.99
321 58.03
322 58.10
323 58.04
324 58.08
325 58.09
326 58.08
327 58.06
328 58.02
329 58.04
330 58.15
331 58.20
332 58.10
333 58.17
334 58.12
335 58.01
336 58.17
337 58.15
338 58.15
339 58.18
340 58.08
341 58.22
342 58.12
343 58.22
344 58.27
345 58.18
346 58.21
347 58.24
348 58.20
349 58.15
350 58.12
351 58.25
352 58.32
353 58.34
354 58.10
355 58.18
356 58.35
357 58.20
358 58.17
359 58.33
360 58.28
361 58.17
362 58.17
363 58.25
364 58.33
365 58.36
366 58.38
367 58.42
368 58.31
369 58.29
370 58.27
371 58.27
372 58.43
373 58.36
374 58.47
375 58.48
376 58.26
377 58.30
378 58.31
379 58.38
380 58.35
381 58.33
382 58.40
383 58.37
384 58.34
385 58.50
386 58.34
387 58.46
388 58.38
389 58.36
390 58.46
391 58.45
392 58.41
393 58.49
394 58.46
395 58.57
396 58.56
397 58.40
398 58.40
399 58.47
400 58.54
401 58.54
402 58.56
403 58.36
404 58.47
405 58.40
406 58.66
407 58.53
408 58.49
409 58.66
410 58.55
411 58.55
412 58.47
413 58.56
414 58.55
415 58.54
416 58.59
417 58.56
418 58.63
419 58.57
420 58.52
421 58.69
422 58.69
423 58.65
424 58.67
425 58.67
426 58.66
427 58.47
428 58.54
429 58.71
430 58.67
431 58.66
432 58.63
433 58.68
434 58.45
435 58.64
436 58.62
437 58.70
438 58.68
439 58.70
440 58.76
441 58.66
442 58.69
443 58.64
444 58.74
445 58.80
446 58.61
447 58.69
448 58.67
449 58.69
450 58.70
451 58.76
452 58.85
453 58.83
454 58.72
455 58.91
456 58.73
457 58.78
458 58.79
459 58.83
460 58.84
461 58.74
462 58.73
463 58.93
464 58.90
465 58.77
466 58.91
467 58.88
468 58.72
469 58.80
470 58.87
471 58.78
472 58.87
473 58.85
474 58.88
475 58.89
476 58.84
477 58.85
478 58.87
479 58.94
480 58.96
481 58.95
482 58.89
483 58.91
484 58.82
485 58.90
486 59.00
487 58.91
488 58.86
489 59.02
490 58.92
491 58.86
492 58.99
493 58.98
494 58.96
495 58.87
496 58.94
497 59.05
498 58.92
499 59.04
500 58.98
501 58.93
502 59.18
503 58.94
504 58.93
505 58.97
506 58.98
507 58.88
508 59.04
509 59.02
510 59.11
511 59.09
512 58.99
513 58.98
514 59.00
515 58.99
516 59.07
517 59.13
518 59.28
519 59.05
520 59.13
521 59.18
522 59.02
523 59.13
524 59.04
525 59.15
526 59.15
527 59.13
528 59.10
529 59.14
530 59.17
531 59.20
532 59.22
533 59.20
534 59.13
535 59.08
536 59.19
537 59.15
538 59.28
539 59.15
540 59.23
541 59.20
542 59.13
543 59.22
544 59.22
545 59.25
546 59.28
547 59.29
548 59.33
549 59.20
550 59.20
551 59.16
552 59.36
553 59.29
554 59.26
555 59.33
556 59.13
557 59.22
558 59.41
559 59.31
560 59.34
561 59.15
562 59.21
563 59.15
564 59.22
565 59.35
566 59.32
567 59.38
568 59.23
569 59.19
570 59.32
571 59.45
572 59.39
573 59.34
574 59.49
575 59.32
576 59.31
577 59.30
578 59.41
579 59.34
580 59.35
581 59.34
582 59.43
583 59.36
584 59.36
585 59.32
586 59.39
587 59.43
588 59.38
589 59.47
590 59.33
591 59.41
592 59.38
593 59.43
594 59.54
595 59.32
596 59.45
597 59.42
598 59.42
599 59.38
600 59.39
601 59.53
602 59.59
603 59.43
604 59.37
605 59.29
606 59.45
607 59.45
608 59.45
609 59.49
610 59.38
611 59.51
612 59.45
613 59.44
614 59.38
615 59.56
616 59.49
617 59.58
618 59.50
619 59.49
620 59.37
621 59.53
622 59.62
623 59.56
624 59.51
625 59.61
626 59.43
627 59.56
628 59.57
629 59.50
630 59.54
631 59.60
632 59.66
633 59.52
634 59.50
635 59.51
636 59.56
637 59.71
638 59.61
639 59.61
640 59.67
641 59.64
642 59.54
643 59.64
644 59.63
645 59.65
646 59.68
647 59.65
648 59.50
649 59.62
650 59.72
651 59.71
652 59.63
653 59.65
654 59.75
655 59.60
656 59.70
657 59.56
658 59.71
659 59.79
660 59.66
661 59.68
662 59.68
663 59.59
664 59.60
665 59.58
666 59.70
667 59.75
668 59.68
669 59.68
670 59.68
671 59.67
672 59.72
673 59.74
674 59.70
675 59.69
676 59.77
677 59.69
678 59.64
679 59.65
680 59.71
681 59.71
682 59.75
683 59.68
684 59.67
685 59.74
686 59.81
687 59.77
688 59.74
689 59.76
690 59.79
691 59.75
692 59.79
693 59.82
694 59.88
695 59.80
696 59.79
697 59.79
698 59.83
699 59.86
700 59.75
701 59.79
702 59.85
703 59.79
704 59.90
705 59.77
706 59.77
707 59.91
708 59.89
709 59.80
710 59.95
711 59.85
712 59.82
713 59.80
714 59.91
715 59.78
716 59.87
717 59.88
718 59.85
719 59.89
720 59.84
721 59.80
722 59.84
723 59.81
724 59.84
725 59.93
726 59.88
727 59.84
728 59.92
729 59.85
730 59.99
731 59.87
732 60.07
733 59.84
734 59.91
735 59.90
736 59.77
737 59.88
738 59.96
739 59.92
740 59.90
741 59.90
742 59.80
743 59.97
744 60.03
745 59.97
746 60.03
747 59.97
748 59.88
749 59.86
750 59.94
751 59.88
752 59.97
753 59.94
754 59.96
755 59.92
756 59.93
757 59.84
758 59.92
759 60.03
760 59.99
761 59.95
762 60.05
763 59.97
764 59.99
765 59.92
766 59.88
767 60.08
768 59.90
769 59.96
770 60.06
771 59.99
772 59.96
773 59.86
774 60.05
775 60.03
776 60.05
777 59.97
778 60.07
779 59.96
780 59.93
781 59.98
782 59.99
783 60.08
784 60.05
785 60.05
786 60.07
787 59.96
788 59.85
789 60.03
790 60.02
791 60.09
792 60.05
793 59.93
794 60.05
795 60.07
796 59.95
797 60.03
798 60.15
799 60.05
800 59.96
801 60.07
802 60.15
803 60.06
804 60.12
805 60.08
806 60.07
807 60.14
808 59.95
809 60.02
810 60.03
811 59.97
812 60.17
813 60.03
814 60.13
815 60.06
816 60.01
817 60.05
818 60.06
819 59.95
820 60.04
821 60.14
822 60.18
823 60.00
824 60.17
825 60.21
826 60.14
827 60.08
828 60.18
829 60.21
830 60.11
831 60.01
832 60.19
833 60.09
834 60.14
835 60.11
836 60.19
837 60.22
838 60.14
839 59.96
840 60.17
841 60.17
842 60.17
843 60.09
844 60.12
845 60.11
846 60.02
847 60.22
848 60.12
849 60.32
850 60.23
851 60.12
852 60.19
853 60.08
854 60.11
855 60.24
856 60.21
857 60.32
858 60.10
859 60.12
860 60.18
861 60.12
862 60.27
863 60.03
864 60.32
865 60.18
866 60.30
867 60.19
868 60.10
869 60.20
870 60.19
871 60.20
872 60.23
873 60.16
874 60.16
875 60.15
876 60.21
877 60.30
878 60.31
879 60.18
880 60.16
881 60.12
882 60.21
883 60.31
884 60.15
885 60.24
886 60.25
887 60.25
888 60.14
889 60.25
890 60.28
891 60.30
892 60.15
893 60.21
894 60.28
895 60.23
896 60.28
897 60.36
898 60.26
899 60.22
900 60.34
901 60.26
902 60.34
903 60.24
904 60.37
905 60.19
906 60.17
907 60.18
908 60.25
909 60.28
910 60.31
911 60.28
912 60.23
913 60.19
914 60.14
915 60.28
916 60.36
917 60.35
918 60.41
919 60.34
920 60.16
921 60.23
922 60.34
923 60.43
924 60.36
925 60.19
926 60.37
927 60.21
928 60.32
929 60.33
930 60.39
931 60.30
932 60.35
933 60.23
934 60.19
935 60.21
936 60.30
937 60.39
938 60.39
939 60.25
940 60.35
941 60.21
942 60.32
943 60.31
944 60.40
945 60.33
946 60.36
947 60.34
948 60.34
949 60.34
950 60.30
951 60.31
952 60.35
953 60.36
954 60.21
955 60.28
956 60.43
957 60.27
958 60.28
959 60.43
960 60.27
961 60.28
962 60.29
963 60.39
964 60.35
965 60.33
966 60.33
967 60.25
968 60.35
969 60.33
970 60.33
971 60.45
972 60.20
973 60.33
974 60.41
975 60.43
976 60.42
977 60.36
978 60.37
979 60.31
980 60.34
981 60.29
982 60.39
983 60.37
984 60.47
985 60.41
986 60.21
987 60.38
988 60.34
989 60.44
990 60.52
991 60.33
992 60.45
993 60.41
994 60.36
995 60.22
996 60.39
997 60.33
998 60.43
999 60.40
1000 60.45
1001 60.26
1002 60.46
1003 60.34
1004 60.53
1005 60.36
1006 60.27
1007 60.27
1008 60.25
1009 60.38
1010 60.35
1011 60.32
1012 60.40
1013 60.35
1014 60.37
1015 60.38
1016 60.50
1017 60.49
1018 60.38
1019 60.45
1020 60.34
1021 60.30
1022 60.40
1023 60.39
1024 60.47
1025 60.30
1026 60.33
1027 60.41
1028 60.28
1029 60.36
1030 60.47
1031 60.47
1032 60.39
1033 60.45
1034 60.40
1035 60.34
1036 60.30
1037 60.40
1038 60.48
1039 60.43
1040 60.29
1041 60.41
1042 60.36
1043 60.37
1044 60.38
1045 60.47
1046 60.48
1047 60.38
1048 60.39
1049 60.33
1050 60.35
1051 60.50
1052 60.35
1053 60.36
1054 60.44
1055 60.44
1056 60.36
1057 60.42
1058 60.49
1059 60.29
1060 60.30
1061 60.42
1062 60.36
1063 60.39
1064 60.41
1065 60.50
1066 60.40
1067 60.54
1068 60.53
1069 60.23
1070 60.43
1071 60.41
1072 60.51
1073 60.40
1074 60.41
1075 60.49
1076 60.33
1077 60.42
1078 60.39
1079 60.44
1080 60.45
1081 60.32
1082 60.45
1083 60.37
1084 60.38
1085 60.38
1086 60.47
1087 60.36
1088 60.43
1089 60.44
1090 60.46
1091 60.31
1092 60.47
1093 60.46
1094 60.45
1095 60.33
1096 60.60
1097 60.39
1098 60.39
1099 60.34
1100 60.58
1101 60.45
1102 60.36
1103 60.41
1104 60.47
1105 60.44
1106 60.52
1107 60.49
1108 60.48
1109 60.34
1110 60.35
1111 60.33
1112 60.41
1113 60.44
1114 60.45
1115 60.41
1116 60.41
1117 60.35
1118 60.49
1119 60.43
1120 60.50
1121 60.41
1122 60.38
1123 60.44
1124 60.39
1125 60.39
1126 60.50
1127 60.52
1128 60.50
1129 60.47
1130 60.30
1131 60.50
1132 60.34
1133 60.48
1134 60.43
1135 60.52
1136 60.38
1137 60.45
1138 60.50
1139 60.45
1140 60.41
1141 60.47
1142 60.41
1143 60.46
1144 60.39
1145 60.39
1146 60.44
1147 60.49
1148 60.43
1149 60.63
1150 60.51
1151 60.37
1152 60.43
1153 60.31
1154 60.39
1155 60.50
1156 60.48
1157 60.37
1158 60.44
1159 60.32
1160 60.50
1161 60.45
1162 60.49
1163 60.52
1164 60.41
1165 60.48
1166 60.47
1167 60.39
1168 60.50
1169 60.49
1170 60.43
1171 60.52
1172 60.44
1173 60.37
1174 60.44
1175 60.38
1176 60.46
1177 60.38
1178 60.47
1179 60.37
1180 60.44
1181 60.40
1182 60.39
1183 60.56
1184 60.46
1185 60.37
1186 60.38
1187 60.36
1188 60.42
1189 60.58
1190 60.43
1191 60.45
1192 60.34
1193 60.53
1194 60.34
1195 60.45
1196 60.42
1197 60.43
1198 60.42
1199 60.36
1200 60.39
1201 60.46
1202 60.51
1203 60.43
1204 60.41
1205 60.38
1206 60.34
1207 60.39
1208 60.54
1209 60.37
1210 60.32
1211 60.35
1212 60.48
1213 60.47
1214 60.36
1215 60.54
1216 60.45
1217 60.41
1218 60.40
1219 60.47
1220 60.50
1221 60.52
1222 60.56
1223 60.36
1224 60.49
1225 60.45
1226 60.39
1227 60.48
1228 60.53
1229 60.38
1230 60.43
1231 60.53
1232 60.45
1233 60.39
1234 60.45
1235 60.56
1236 60.40
1237 60.37
1238 60.40
1239 60.32
1240 60.41
1241 60.50
1242 60.52
1243 60.41
1244 60.46
1245 60.43
1246 60.53
1247 60.43
1248 60.47
1249 60.47
1250 60.45
1251 60.41
1252 60.38
1253 60.45
1254 60.42
1255 60.54
1256 60.52
1257 60.47
1258 60.37
1259 60.35
1260 60.44
1261 60.50
1262 60.41
1263 60.49
1264 60.46
1265 60.46
1266 60.57
1267 60.45
1268 60.48
1269 60.38
1270 60.39
1271 60.43
1272 60.41
1273 60.42
1274 60.48
1275 60.47
1276 60.42
1277 60.41
1278 60.43
1279 60.37
1280 60.44
1281 60.46
1282 60.49
1283 60.28
1284 60.38
1285 60.41
1286 60.41
1287 60.45
1288 60.49
1289 60.42
1290 60.41
1291 60.45
1292 60.47
1293 60.47
1294 60.41
1295 60.42
1296 60.40
1297 60.42
1298 60.41
1299 60.43
1300 60.40
1301 60.43
1302 60.42
1303 60.43
1304 60.45
1305 60.52
1306 60.37
1307 60.50
1308 60.47
1309 60.46
1310 60.40
1311 60.44
1312 60.43
1313 60.36
1314 60.40
1315 60.41
1316 60.52
1317 60.58
1318 60.39
1319 60.33
1320 60.51
1321 60.28
1322 60.48
1323 60.46
1324 60.44
1325 60.35
1326 60.43
1327 60.41
1328 60.45
1329 60.39
1330 60.45
1331 60.43
1332 60.37
1333 60.50
1334 60.58
1335 60.38
1336 60.47
1337 60.41
1338 60.37
1339 60.44
1340 60.46
1341 60.44
1342 60.43
1343 60.37
1344 60.45
1345 60.45
1346 60.32
1347 60.43
1348 60.52
1349 60.42
1350 60.39
1351 60.43
1352 60.43
1353 60.47
1354 60.41
1355 60.42
1356 60.44
1357 60.41
1358 60.44
1359 60.45
1360 60.43
1361 60.43
1362 60.33
1363 60.30
1364 60.41
1365 60.40
1366 60.43
1367 60.41
1368 60.32
1369 60.48
1370 60.41
1371 60.42
1372 60.35
1373 60.30
1374 60.38
1375 60.39
1376 60.37
1377 60.41
1378 60.37
1379 60.44
1380 60.33
1381 60.44
1382 60.41
1383 60.34
1384 60.42
1385 60.29
1386 60.58
1387 60.39
1388 60.40
1389 60.46
1390 60.38
1391 60.44
1392 60.42
1393 60.51
1394 60.30
1395 60.41
1396 60.41
1397 60.38
1398 60.42
1399 60.60
1400 60.29
1401 60.46
1402 60.38
1403 60.47
1404 60.38
1405 60.45
1406 60.41
1407 60.31
1408 60.34
1409 60.43
1410 60.49
1411 60.43
1412 60.39
1413 60.39
1414 60.32
1415 60.32
1416 60.50
1417 60.40
1418 60.38
1419 60.29
1420 60.38
1421 60.31
1422 60.36
1423 60.39
1424 60.39
1425 60.30
1426 60.30
1427 60.49
1428 60.56
1429 60.47
1430 60.46
1431 60.46
1432 60.25
1433 60.39
1434 60.47
1435 60.45
1436 60.33
1437 60.50
1438 60.27
1439 60.44
1440 60.44
1441 60.45
1442 60.36
1443 60.34
1444 60.34
1445 60.37
1446 60.32
1447 60.39
1448 60.38
1449 60.37
1450 60.29
1451 60.37
1452 60.45
1453 60.39
1454 60.43
1455 60.43
1456 60.39
1457 60.36
1458 60.35
1459 60.45
1460 60.29
1461 60.30
1462 60.33
1463 60.27
1464 60.37
1465 60.45
1466 60.45
1467 60.38
1468 60.48
1469 60.38
1470 60.32
1471 60.43
1472 60.42
1473 60.35
1474 60.32
1475 60.37
1476 60.46
1477 60.44
1478 60.36
1479 60.39
1480 60.26
1481 60.42
1482 60.33
1483 60.41
1484 60.45
1485 60.30
1486 60.43
1487 60.24
1488 60.28
1489 60.38
1490 60.45
1491 60.31
1492 60.45
1493 60.37
1494 60.28
1495 60.47
1496 60.41
1497 60.43
1498 60.33
1499 60.41
1500 60.30
1501 60.49
1502 60.34
1503 60.43
1504 60.43
1505 60.28
1506 60.42
1507 60.45
1508 60.43
1509 60.36
1510 60.39
1511 60.26
1512 60.25
1513 60.34
1514 60.47
1515 60.26
1516 60.29
1517 60.33
1518 60.46
1519 60.44
1520 60.36
1521 60.38
1522 60.24
1523 60.32
1524 60.39
1525 60.30
1526 60.37
1527 60.34
1528 60.33
1529 60.36
1530 60.32
1531 60.30
1532 60.37
1533 60.30
1534 60.39
1535 60.47
1536 60.30
1537 60.37
1538 60.36
1539 60.43
1540 60.23
1541 60.42
1542 60.38
1543 60.36
1544 60.36
1545 60.32
1546 60.29
1547 60.34
1548 60.43
1549 60.39
1550 60.34
1551 60.22
1552 60.37
1553 60.32
1554 60.40
1555 60.34
1556 60.43
1557 60.25
1558 60.28
1559 60.32
1560 60.29
1561 60.35
1562 60.25
1563 60.31
1564 60.20
1565 60.42
1566 60.41
1567 60.27
1568 60.34
1569 60.47
1570 60.35
1571 60.28
1572 60.39
1573 60.43
1574 60.30
1575 60.23
1576 60.26
1577 60.21
1578 60.27
1579 60.40
1580 60.42
1581 60.28
1582 60.24
1583 60.31
1584 60.28
1585 60.25
1586 60.41
1587 60.43
1588 60.37
1589 60.36
1590 60.31
1591 60.36
1592 60.40
1593 60.31
1594 60.40
1595 60.31
1596 60.30
1597 60.31
1598 60.37
1599 60.36
1600 60.37
1601 60.36
1602 60.36
1603 60.38
1604 60.30
1605 60.34
1606 60.43
1607 60.37
1608 60.24
1609 60.40
1610 60.22
1611 60.37
1612 60.37
1613 60.43
1614 60.25
1615 60.28
1616 60.35
1617 60.44
1618 60.37
1619 60.30
1620 60.32
1621 60.29
1622 60.25
1623 60.28
1624 60.36
1625 60.32
1626 60.36
1627 60.34
1628 60.28
1629 60.28
1630 60.43
1631 60.43
1632 60.40
1633 60.31
1634 60.33
1635 60.26
1636 60.30
1637 60.32
1638 60.36
1639 60.40
1640 60.33
1641 60.26
1642 60.37
1643 60.34
1644 60.32
1645 60.46
1646 60.34
1647 60.42
1648 60.32
1649 60.37
1650 60.35
1651 60.43
1652 60.29
1653 60.45
1654 60.25
1655 60.30
1656 60.41
1657 60.30
1658 60.27
1659 60.30
1660 60.40
1661 60.39
1662 60.36
1663 60.33
1664 60.27
1665 60.33
1666 60.47
1667 60.33
1668 60.44
1669 60.43
1670 60.26
1671 60.26
1672 60.35
1673 60.32
1674 60.35
1675 60.47
1676 60.34
1677 60.38
1678 60.35
1679 60.34
1680 60.38
1681 60.35
1682 60.30
1683 60.31
1684 60.32
1685 60.39
1686 60.36
1687 60.45
1688 60.25
1689 60.23
1690 60.36
1691 60.30
1692 60.27
1693 60.32
1694 60.48
1695 60.22
1696 60.26
1697 60.30
1698 60.45
1699 60.38
1700 60.45
1701 60.41
1702 60.33
1703 60.27
1704 60.36
1705 60.34
1706 60.34
1707 60.22
1708 60.18
1709 60.26
1710 60.28
1711 60.30
1712 60.35
1713 60.33
1714 60.38
1715 60.30
1716 60.37
1717 60.22
1718 60.39
1719 60.34
1720 60.34
1721 60.39
1722 60.26
1723 60.38
1724 60.43
1725 60.32
1726 60.38
1727 60.38
1728 60.34
1729 60.26
1730 60.31
1731 60.25
1732 60.19
1733 60.41
1734 60.26
1735 60.26
1736 60.25
1737 60.44
1738 60.27
1739 60.31
1740 60.35
1741 60.29
1742 60.26
1743 60.31
1744 60.38
1745 60.50
1746 60.28
1747 60.27
1748 60.23
1749 60.33
1750 60.29
1751 60.36
1752 60.36
1753 60.28
1754 60.30
1755 60.36
1756 60.40
1757 60.43
1758 60.39
1759 60.39
1760 60.28
1761 60.24
1762 60.35
1763 60.32
1764 60.33
1765 60.24
1766 60.42
1767 60.16
1768 60.30
1769 60.27
1770 60.35
1771 60.28
1772 60.22
1773 60.36
1774 60.22
1775 60.29
1776 60.39
1777 60.37
1778 60.32
1779 60.35
1780 60.30
1781 60.30
1782 60.28
1783 60.40
1784 60.39
1785 60.42
1786 60.25
1787 60.28
1788 60.46
1789 60.29
1790 60.24
1791 60.45
1792 60.34
1793 60.23
1794 60.25
1795 60.45
1796 60.43
1797 60.23
1798 60.41
1799 60.33
1800 60.30
1801 60.34
1802 60.36
1803 60.28
1804 60.22
1805 60.32
1806 60.33
1807 60.33
1808 60.34
1809 60.46
1810 60.28
1811 60.37
1812 60.38
1813 60.36
1814 60.30
1815 60.26
1816 60.36
1817 60.38
1818 60.29
1819 60.28
1820 60.41
1821 60.36
1822 60.16
1823 60.36
1824 60.33
1825 60.39
1826 60.37
1827 60.33
1828 60.40
1829 60.21
1830 60.32
1831 60.24
1832 60.29
1833 60.34
1834 60.41
1835 60.43
1836 60.29
1837 60.22
1838 60.34
1839 60.34
1840 60.23
1841 60.27
1842 60.36
1843 60.33
1844 60.31
1845 60.33
1846 60.36
1847 60.27
1848 60.35
1849 60.30
1850 60.33
1851 60.35
1852 60.34
1853 60.33
1854 60.34
1855 60.23
1856 60.26
1857 60.18
1858 60.32
1859 60.39
1860 60.38
1861 60.28
1862 60.32
1863 60.32
1864 60.27
1865 60.33
1866 60.37
1867 60.31
1868 60.28
1869 60.35
1870 60.24
1871 60.51
1872 60.34
1873 60.37
1874 60.38
1875 60.30
1876 60.27
1877 60.34
1878 60.45
1879 60.33
1880 60.28
1881 60.28
1882 60.27
1883 60.30
1884 60.30
1885 60.35
1886 60.23
1887 60.36
1888 60.38
1889 60.38
1890 60.34
1891 60.33
1892 60.34
1893 60.20
1894 60.34
1895 60.27
1896 60.36
1897 60.27
1898 60.27
1899 60.24
1900 60.29
1901 60.33
1902 60.34
1903 60.42
1904 60.23
1905 60.34
1906 60.36
1907 60.23
1908 60.28
1909 60.36
1910 60.32
1911 60.30
1912 60.25
1913 60.23
1914 60.26
1915 60.46
1916 60.45
1917 60.38
1918 60.33
1919 60.33
1920 60.35
1921 60.45
1922 60.37
1923 60.39
1924 60.30
1925 60.35
1926 60.37
1927 60.45
1928 60.40
1929 60.25
1930 60.36
1931 60.22
1932 60.27
1933 60.36
1934 60.32
1935 60.45
1936 60.31
1937 60.25
1938 60.37
1939 60.30
1940 60.31
1941 60.28
1942 60.32
1943 60.21
1944 60.33
1945 60.22
1946 60.30
1947 60.30
1948 60.26
1949 60.38
1950 60.25
1951 60.29
1952 60.36
1953 60.37
1954 60.32
1955 60.35
1956 60.27
1957 60.24
1958 60.24
1959 60.33
1960 60.41
1961 60.28
1962 60.26
1963 60.28
1964 60.41
1965 60.33
1966 60.33
1967 60.41
1968 60.27
1969 60.30
1970 60.35
1971 60.34
1972 60.30
1973 60.36
1974 60.28
1975 60.30
1976 60.37
1977 60.43
1978 60.40
1979 60.27
1980 60.33
1981 60.26
1982 60.45
1983 60.40
1984 60.34
1985 60.21
1986 60.25
1987 60.36
1988 60.16
1989 60.40
1990 60.24
1991 60.32
1992 60.21
1993 60.32
1994 60.28
1995 60.50
1996 60.32
1997 60.38
1998 60.30
1999 60.26
2000 60.29
2001 60.46
2002 60.36
2003 60.27
2004 60.28
2005 60.39
2006 60.24
2007 60.42
2008 60.36
2009 60.33
2010 60.30
2011 60.38
2012 60.29
2013 60.46
2014 60.30
2015 60.38
2016 60.33
2017 60.36
2018 60.35
2019 60.39
2020 60.25
2021 60.34
2022 60.26
2023 60.39
2024 60.43
2025 60.38
2026 60.37
2027 60.27
2028 60.42
2029 60.44
2030 60.36
2031 60.28
2032 60.40
2033 60.24
2034 60.40
2035 60.26
2036 60.32
2037 60.36
2038 60.44
2039 60.30
2040 60.33
2041 60.38
2042 60.33
2043 60.34
2044 60.34
2045 60.32
2046 60.15
2047 60.38
2048 60.39
2049 60.37
2050 60.25
2051 60.29
2052 60.38
2053 60.29
2054 60.29
2055 60.38
2056 60.44
2057 60.24
2058 60.32
2059 60.41
2060 60.39
2061 60.29
2062 60.08
2063 60.19
2064 60.39
2065 60.30
2066 60.41
2067 60.35
2068 60.32
2069 60.21
2070 60.21
2071 60.37
2072 60.31
2073 60.36
2074 60.36
2075 60.26
2076 60.30
2077 60.39
2078 60.37
2079 60.38
2080 60.34
2081 60.32
2082 60.23
2083 60.33
2084 60.35
2085 60.34
2086 60.24
2087 60.39
2088 60.28
2089 60.40
2090 60.32
2091 60.28
2092 60.26
2093 60.19
2094 60.31
2095 60.32
2096 60.33
2097 60.42
2098 60.33
2099 60.29
2100 60.34
2101 60.25
2102 60.44
2103 60.29
2104 60.35
2105 60.17
2106 60.31
2107 60.36
2108 60.36
2109 60.28
2110 60.41
2111 60.27
2112 60.37
2113 60.32
2114 60.39
2115 60.43
2116 60.33
2117 60.32
2118 60.37
2119 60.29
2120 60.32
2121 60.35
2122 60.35
2123 60.34
2124 60.39
2125 60.32
2126 60.28
2127 60.35
2128 60.54
2129 60.32
2130 60.26
2131 60.31
2132 60.41
2133 60.32
2134 60.26
2135 60.34
2136 60.27
2137 60.28
2138 60.35
2139 60.36
2140 60.24
2141 60.30
2142 60.41
2143 60.44
2144 60.39
2145 60.38
2146 60.43
2147 60.25
2148 60.40
2149 60.31
2150 60.38
2151 60.40
2152 60.23
2153 60.39
2154 60.21
2155 60.28
2156 60.31
2157 60.41
2158 60.30
2159 60.31
2160 60.32
2161 60.23
2162 60.33
2163 60.37
2164 60.47
2165 60.28
2166 60.27
2167 60.38
2168 60.45
2169 60.35
2170 60.33
2171 60.34
2172 60.32
2173 60.32
2174 60.35
2175 60.34
2176 60.47
2177 60.29
2178 60.38
2179 60.26
2180 60.27
2181 60.31
2182 60.28
2183 60.32
2184 60.14
2185 60.24
2186 60.27
2187 60.37
2188 60.36
2189 60.43
2190 60.28
2191 60.22
2192 60.34
2193 60.43
2194 60.34
2195 60.46
2196 60.42
2197 60.26
2198 60.25
2199 60.29
2200 60.42
2201 60.34
2202 60.35
2203 60.35
2204 60.30
2205 60.34
2206 60.32
2207 60.43
2208 60.18
2209 60.30
2210 60.32
2211 60.34
2212 60.34
2213 60.28
2214 60.41
2215 60.28
2216 60.28
2217 60.34
2218 60.41
2219 60.30
2220 60.44
2221 60.42
2222 60.41
2223 60.25
2224 60.31
2225 60.44
2226 60.36
2227 60.38
2228 60.32
2229 60.34
2230 60.32
2231 60.41
2232 60.35
2233 60.38
2234 60.31
2235 60.40
2236 60.24
2237 60.30
2238 60.45
2239 60.39
2240 60.45
2241 60.29
2242 60.30
2243 60.29
2244 60.28
2245 60.46
2246 60.50
2247 60.40
2248 60.25
2249 60.36
2250 60.43
2251 60.36
2252 60.21
2253 60.46
2254 60.41
2255 60.27
2256 60.31
2257 60.32
2258 60.35
2259 60.45
2260 60.36
2261 60.45
2262 60.27
2263 60.41
2264 60.31
2265 60.27
2266 60.41
2267 60.29
2268 60.36
2269 60.32
2270 60.34
2271 60.37
2272 60.39
2273 60.52
2274 60.25
2275 60.24
2276 60.29
2277 60.38
2278 60.28
2279 60.44
2280 60.45
2281 60.30
2282 60.23
2283 60.27
2284 60.19
2285 60.19
2286 60.34
2287 60.35
2288 60.48
2289 60.35
2290 60.30
2291 60.16
2292 60.39
2293 60.27
2294 60.22
2295 60.34
2296 60.47
2297 60.40
2298 60.35
2299 60.31
2300 60.30
2301 60.32
2302 60.35
2303 60.37
2304 60.33
2305 60.28
2306 60.38
2307 60.30
2308 60.25
2309 60.41
2310 60.34
2311 60.25
2312 60.43
2313 60.34
2314 60.39
2315 60.39
2316 60.39
2317 60.37
2318 60.36
2319 60.50
2320 60.21
2321 60.33
2322 60.38
2323 60.33
2324 60.46
2325 60.36
2326 60.38
2327 60.41
2328 60.35
2329 60.39
2330 60.17
2331 60.36
2332 60.35
2333 60.35
2334 60.35
2335 60.42
2336 60.45
2337 60.40
2338 60.46
2339 60.22
2340 60.41
2341 60.38
2342 60.29
2343 60.31
2344 60.39
2345 60.41
2346 60.46
2347 60.41
2348 60.40
2349 60.29
2350 60.30
2351 60.37
2352 60.32
2353 60.34
2354 60.41
2355 60.40
2356 60.34
2357 60.31
2358 60.30
2359 60.26
2360 60.41
2361 60.31
2362 60.38
2363 60.48
2364 60.31
2365 60.37
2366 60.40
2367 60.38
2368 60.26
2369 60.34
2370 60.36
2371 60.48
2372 60.46
2373 60.32
2374 60.36
2375 60.45
2376 60.32
2377 60.30
2378 60.27
2379 60.47
2380 60.40
2381 60.31
2382 60.28
2383 60.36
2384 60.22
2385 60.22
2386 60.43
2387 60.34
2388 60.43
2389 60.34
2390 60.43
2391 60.37
2392 60.35
2393 60.21
2394 60.41
2395 60.37
2396 60.31
2397 60.38
2398 60.35
2399 60.38
2400 60.36
2401 60.30
2402 60.20
2403 60.27
2404 60.39
2405 60.38
2406 60.36
2407 60.22
2408 60.48
2409 60.29
2410 60.39
2411 60.23
2412 60.30
2413 60.35
2414 60.46
2415 60.33
2416 60.35
2417 60.40
2418 60.43
2419 60.34
2420 60.36
2421 60.37
2422 60.37
2423 60.52
2424 60.47
2425 60.40
2426 60.45
2427 60.43
2428 60.38
2429 60.38
2430 60.35
2431 60.38
2432 60.49
2433 60.35
2434 60.32
2435 60.51
2436 60.40
2437 60.37
2438 60.25
2439 60.41
2440 60.39
2441 60.37
2442 60.40
2443 60.50
2444 60.41
2445 60.28
2446 60.37
2447 60.35
2448 60.42
2449 60.38
2450 60.39
2451 60.38
2452 60.41
2453 60.41
2454 60.27
2455 60.38
2456 60.34
2457 60.32
2458 60.32
2459 60.33
2460 60.39
2461 60.38
2462 60.36
2463 60.41
2464 60.36
2465 60.31
2466 60.40
2467 60.32
2468 60.30
2469 60.34
2470 60.48
2471 60.41
2472 60.40
2473 60.37
2474 60.45
2475 60.38
2476 60.38
2477 60.39
2478 60.31
2479 60.34
2480 60.43
2481 60.48
2482 60.34
2483 60.39
2484 60.36
2485 60.39
2486 60.39
2487 60.42
2488 60.37
2489 60.48
2490 60.41
2491 60.31
2492 60.45
2493 60.30
2494 60.38
2495 60.34
2496 60.45
2497 60.40
2498 60.51
2499 60.37
2500 60.40
2501 60.40
2502 60.35
2503 60.29
2504 60.38
2505 60.47
2506 60.45
2507 60.38
2508 60.36
2509 60.44
2510 60.45
2511 60.35
2512 60.35
2513 60.27
2514 60.23
2515 60.25
2516 60.31
2517 60.36
2518 60.42
2519 60.43
2520 60.42
2521 60.38
2522 60.39
2523 60.46
2524 60.34
2525 60.28
2526 60.39
2527 60.39
2528 60.48
2529 60.44
2530 60.46
2531 60.32
2532 60.40
2533 60.25
2534 60.36
2535 60.39
2536 60.40
2537 60.39
2538 60.54
2539 60.37
2540 60.48
2541 60.38
2542 60.49
2543 60.47
2544 60.33
2545 60.42
2546 60.44
2547 60.45
2548 60.42
2549 60.43
2550 60.38
2551 60.45
2552 60.34
2553 60.40
2554 60.30
2555 60.35
2556 60.33
2557 60.34
2558 60.32
2559 60.47
2560 60.56
2561 60.31
2562 60.38
2563 60.32
2564 60.25
2565 60.37
2566 60.36
2567 60.34
2568 60.33
2569 60.64
2570 60.39
2571 60.34
2572 60.26
2573 60.34
2574 60.33
2575 60.25
2576 60.34
2577 60.48
2578 60.43
2579 60.47
2580 60.39
2581 60.49
2582 60.32
2583 60.46
2584 60.46
2585 60.38
2586 60.45
2587 60.31
2588 60.43
2589 60.39
2590 60.47
2591 60.55
2592 60.30
2593 60.35
2594 60.47
2595 60.34
2596 60.40
2597 60.38
2598 60.34
2599 60.54
2600 60.39
2601 60.42
2602 60.43
2603 60.35
2604 60.33
2605 60.49
2606 60.32
2607 60.34
2608 60.44
2609 60.39
2610 60.56
2611 60.47
2612 60.36
2613 60.31
2614 60.47
2615 60.44
2616 60.25
2617 60.45
2618 60.33
2619 60.44
2620 60.41
2621 60.40
2622 60.44
2623 60.48
2624 60.37
2625 60.46
2626 60.35
2627 60.43
2628 60.46
2629 60.40
2630 60.48
2631 60.34
2632 60.43
2633 60.55
2634 60.36
2635 60.39
2636 60.42
2637 60.39
2638 60.45
2639 60.48
2640 60.36
2641 60.43
2642 60.45
2643 60.47
2644 60.37
2645 60.28
2646 60.32
2647 60.27
2648 60.30
2649 60.44
2650 60.40
2651 60.45
2652 60.43
2653 60.48
2654 60.46
2655 60.38
2656 60.40
2657 60.35
2658 60.41
2659 60.28
2660 60.49
2661 60.40
2662 60.56
2663 60.51
2664 60.36
2665 60.52
2666 60.44
2667 60.29
2668 60.44
2669 60.47
2670 60.43
2671 60.36
2672 60.26
2673 60.15
2674 60.16
2675 60.09
2676 60.10
2677 60.09
2678 59.79
2679 58.76
2680 57.65
2681 56.74
2682 55.68
2683 49.15
2684 39.50
2685 32.67
2686 28.57
2687 25.63
2688 23.84
2689 22.87
2690 23.00
2691 23.19
2692 23.57
2693 23.75
2694 24.01
2695 24.07
2696 24.15
2697 24.31
2698 24.39
2699 24.38
2700 24.52
2701 24.59
2702 24.56
2703 24.65
2704 24.70
2705 24.66
2706 24.72
2707 24.71
2708 24.77
2709 24.67
2710 24.75
2711 24.75
2712 24.82
2713 24.73
2714 24.71
2715 24.76
2716 24.70
2717 24.59
2718 24.68
2719 24.64
2720 24.68
2721 24.62
2722 24.57
2723 24.56
2724 24.62
2725 24.49
2726 24.48
2727 24.40
2728 24.46
2729 24.35
2730 24.40
2731 24.45
2732 24.49
2733 24.39
2734 24.38
2735 24.28
2736 24.25
2737 24.24
2738 24.19
2739 24.26
2740 24.22
