1 21.50
2 21.34
3 21.04
4 20.90
5 20.62
6 20.47
7 20.38
8 20.22
9 20.14
10 20.04
11 19.81
12 19.81
13 19.72
14 19.66
15 19.56
16 19.56
17 19.66
18 20.31
19 20.89
20 41.70
21 61.61
22 72.26
23 77.54
24 79.55
25 80.22
26 80.35
27 80.43
28 80.56
29 80.43
30 80.52
31 80.58
32 80.56
33 80.39
34 80.36
35 80.38
36 80.28
37 80.28
38 80.17
39 80.21
40 80.33
41 80.26
42 80.15
43 80.07
44 80.10
45 80.09
46 80.07
47 79.97
48 79.89
49 79.93
50 79.81
51 79.82
52 79.72
53 79.63
54 79.57
55 79.73
56 79.57
57 79.46
58 79.42
59 79.39
60 79.45
61 79.32
62 79.19
63 79.15
64 79.10
65 79.00
66 78.87
67 78.92
68 78.98
69 79.02
70 78.92
71 79.03
72 78.95
73 78.80
74 78.95
75 78.85
76 78.82
77 78.91
78 78.82
79 79.05
80 78.82
81 78.76
82 78.73
83 78.75
84 78.95
85 78.76
86 78.70
87 78.80
88 78.90
89 78.87
90 78.82
91 78.65
92 78.91
93 78.90
94 78.89
95 78.80
96 78.96
97 78.82
98 78.75
99 78.72
100 78.60
101 78.76
102 78.82
103 78.85
104 78.81
105 78.75
106 78.71
107 78.75
108 78.77
109 78.81
110 78.77
111 78.70
112 78.90
113 78.81
114 78.74
115 78.68
116 78.77
117 78.85
118 78.81
119 78.70
120 78.70
121 78.80
122 78.62
123 78.57
124 78.78
125 78.75
126 78.78
127 78.67
128 78.80
129 78.67
130 78.59
131 78.63
132 78.67
133 78.70
134 78.68
135 78.72
136 78.74
137 78.76
138 78.69
139 78.57
140 78.63
141 78.72
142 78.84
143 78.73
144 78.76
145 78.81
146 78.58
147 78.44
148 78.59
149 78.74
150 78.79
151 78.74
152 78.67
153 78.76
154 78.70
155 78.67
156 78.70
157 78.76
158 78.69
159 78.90
160 78.65
161 78.77
162 78.90
163 78.80
164 78.60
165 78.70
166 78.68
167 78.76
168 78.85
169 78.70
170 78.74
171 78.85
172 78.64
173 78.57
174 78.69
175 78.86
176 78.67
177 78.70
178 78.75
179 78.78
180 78.84
181 78.80
182 78.72
183 78.77
184 78.79
185 78.65
186 78.83
187 78.75
188 78.78
189 78.94
190 78.68
191 78.66
192 78.75
193 78.77
194 78.84
195 78.87
196 78.93
197 78.79
198 78.80
199 78.76
200 78.69
201 78.86
202 78.86
203 78.72
204 78.79
205 78.97
206 78.81
207 78.82
208 78.87
209 78.74
210 78.87
211 78.64
212 78.65
213 78.90
214 78.83
215 78.88
216 78.85
217 78.79
218 78.79
219 78.93
220 78.75
221 78.75
222 78.85
223 78.93
224 78.89
225 78.89
226 78.72
227 78.92
228 78.76
229 78.76
230 78.82
231 78.93
232 78.84
233 78.98
234 78.88
235 79.15
236 78.99
237 78.87
238 78.78
239 78.90
240 78.84
241 79.10
242 78.89
243 79.06
244 79.00
245 78.83
246 78.90
247 78.98
248 79.00
249 79.17
250 78.96
251 78.98
252 78.98
253 78.95
254 78.86
255 79.00
256 79.02
257 78.88
258 78.97
259 78.91
260 78.90
261 78.90
262 78.97
263 79.07
264 79.00
265 79.04
266 79.02
267 78.91
268 79.10
269 78.91
270 78.92
271 78.92
272 79.03
273 79.05
274 79.02
275 78.88
276 79.13
277 79.05
278 78.92
279 79.04
280 79.19
281 79.14
282 79.13
283 79.00
284 79.10
285 78.93
286 79.03
287 79.23
288 79.15
289 79.10
290 78.95
291 79.02
292 79.12
293 79.16
294 79.05
295 79.11
296 79.13
297 79.31
298 79.18
299 79.04
300 79.07
301 79.14
302 79.08
303 79.12
304 79.05
305 79.22
306 79.17
307 79.10
308 79.12
309 79.08
310 79.05
311 79.20
312 79.28
313 79.22
314 79.15
315 79.11
316 79.07
317 79.13
318 79.05
319 79.11
320 79.22
321 79.39
322 79.23
323 79.23
324 79.08
325 79.21
326 79.25
327 79.16
328 79.18
329 79.30
330 79.28
331 79.20
332 79.18
333 79.25
334 79.32
335 79.19
336 79.25
337 79.32
338 79.46
339 79.28
340 79.16
341 79.23
342 79.24
343 79.27
344 79.27
345 79.28
346 79.41
347 79.23
348 79.23
349 79.28
350 79.33
351 79.18
352 79.34
353 79.26
354 79.47
355 79.22
356 79.18
357 79.37
358 79.20
359 79.16
360 79.25
361 79.49
362 79.31
363 79.31
364 79.30
365 79.35
366 79.25
367 79.41
368 79.40
369 79.45
370 79.40
371 79.40
372 79.36
373 79.47
374 79.50
375 79.49
376 79.58
377 79.40
378 79.46
379 79.49
380 79.40
381 79.60
382 79.38
383 79.53
384 79.44
385 79.38
386 79.30
387 79.37
388 79.42
389 79.56
390 79.51
391 79.52
392 79.56
393 79.36
394 79.52
395 79.37
396 79.36
397 79.59
398 79.61
399 79.43
400 79.49
401 79.61
402 79.38
403 79.49
404 79.51
405 79.58
406 79.63
407 79.50
408 79.61
409 79.56
410 79.51
411 79.50
412 79.56
413 79.50
414 79.55
415 79.44
416 79.70
417 79.56
418 79.50
419 79.52
420 79.64
421 79.46
422 79.56
423 79.55
424 79.62
425 79.54
426 79.60
427 79.50
428 79.61
429 79.63
430 79.60
431 79.54
432 79.57
433 79.58
434 79.66
435 79.53
436 79.76
437 79.52
438 79.51
439 79.59
440 79.50
441 79.61
442 79.56
443 79.58
444 79.71
445 79.72
446 79.57
447 79.57
448 79.79
449 79.61
450 79.71
451 79.71
452 79.77
453 79.59
454 79.61
455 79.49
456 79.56
457 79.64
458 79.65
459 79.68
460 79.73
461 79.65
462 79.75
463 79.64
464 79.54
465 79.53
466 79.56
467 79.74
468 79.74
469 79.88
470 79.72
471 79.73
472 79.70
473 79.68
474 79.61
475 79.75
476 79.79
477 79.83
478 79.55
479 79.69
480 79.73
481 79.69
482 79.75
483 79.82
484 79.74
485 79.75
486 79.62
487 79.81
488 79.82
489 79.54
490 79.76
491 79.77
492 79.91
493 79.66
494 79.73
495 79.69
496 79.85
497 79.88
498 79.71
499 79.92
500 79.84
501 79.79
502 79.71
503 79.71
504 79.69
505 79.65
506 79.84
507 79.78
508 79.90
509 79.92
510 79.81
511 79.70
512 79.82
513 79.94
514 79.79
515 79.90
516 79.92
517 79.88
518 79.87
519 79.82
520 79.85
521 79.83
522 79.86
523 79.89
524 79.93
525 79.95
526 80.01
527 79.91
528 79.70
529 79.84
530 79.85
531 79.82
532 79.86
533 79.96
534 79.92
535 80.01
536 79.86
537 79.77
538 79.87
539 79.84
540 79.91
541 79.73
542 79.86
543 79.97
544 79.90
545 79.89
546 79.82
547 80.00
548 79.83
549 79.83
550 79.98
551 79.93
552 80.09
553 79.89
554 79.90
555 80.03
556 79.97
557 79.95
558 79.83
559 80.05
560 79.97
561 79.97
562 79.99
563 79.87
564 79.84
565 79.77
566 79.92
567 79.97
568 80.05
569 79.99
570 79.87
571 79.93
572 79.88
573 79.81
574 80.08
575 79.90
576 80.10
577 80.07
578 80.00
579 80.13
580 79.95
581 80.05
582 80.15
583 80.15
584 80.07
585 80.15
586 79.94
587 80.12
588 80.00
589 79.95
590 80.21
591 80.05
592 80.01
593 79.98
594 80.02
595 79.97
596 80.05
597 79.87
598 80.04
599 80.06
600 80.01
601 80.03
602 80.21
603 80.01
604 80.11
605 79.90
606 79.99
607 80.09
608 80.10
609 80.07
610 80.02
611 80.02
612 80.10
613 79.99
614 80.04
615 80.25
616 80.14
617 80.02
618 79.98
619 80.20
620 80.15
621 80.08
622 80.22
623 80.17
624 79.90
625 80.01
626 80.07
627 80.24
628 80.13
629 80.10
630 80.14
631 80.15
632 80.11
633 80.03
634 80.11
635 80.17
636 80.17
637 80.14
638 80.20
639 80.09
640 80.04
641 80.22
642 80.27
643 80.22
644 80.10
645 80.16
646 80.03
647 80.10
648 79.99
649 80.10
650 80.16
651 80.14
652 80.10
653 80.33
654 80.12
655 80.19
656 80.28
657 80.15
658 80.14
659 80.06
660 80.23
661 80.04
662 80.08
663 80.33
664 80.23
665 80.16
666 80.20
667 80.07
668 80.13
669 80.20
670 80.25
671 80.24
672 80.30
673 80.10
674 80.24
675 80.20
676 80.26
677 80.23
678 80.26
679 80.32
680 80.23
681 80.11
682 80.22
683 80.14
684 80.23
685 80.26
686 80.18
687 80.30
688 80.27
689 80.27
690 80.26
691 80.19
692 80.33
693 80.27
694 80.09
695 80.32
696 80.13
697 80.23
698 80.28
699 80.17
700 80.44
701 80.33
702 80.20
703 80.16
704 80.33
705 80.16
706 80.21
707 80.21
708 80.36
709 80.32
710 80.19
711 80.28
712 80.24
713 80.18
714 80.32
715 80.43
716 80.27
717 80.22
718 80.32
719 80.27
720 80.21
721 80.31
722 80.44
723 80.36
724 80.29
725 80.18
726 80.20
727 80.47
728 80.53
729 80.42
730 80.49
731 80.36
732 80.33
733 80.39
734 80.30
735 80.47
736 80.54
737 80.38
738 80.39
739 80.33
740 80.33
741 80.17
742 80.31
743 80.32
744 80.24
745 80.39
746 80.46
747 80.43
748 80.26
749 80.39
750 80.35
751 80.42
752 80.32
753 80.16
754 80.37
755 80.53
756 80.25
757 80.36
758 80.36
759 80.40
760 80.40
761 80.39
762 80.43
763 80.46
764 80.32
765 80.29
766 80.32
767 80.55
768 80.51
769 80.54
770 80.54
771 80.51
772 80.38
773 80.48
774 80.29
775 80.47
776 80.41
777 80.42
778 80.55
779 80.40
780 80.36
781 80.43
782 80.42
783 80.33
784 80.43
785 80.45
786 80.54
787 80.52
788 80.39
789 80.46
790 80.61
791 80.56
792 80.36
793 80.33
794 80.36
795 80.47
796 80.34
797 80.41
798 80.60
799 80.54
800 80.44
801 80.33
802 80.54
803 80.40
804 80.43
805 80.46
806 80.49
807 80.41
808 80.38
809 80.35
810 80.55
811 80.47
812 80.46
813 80.54
814 80.53
815 80.46
816 80.41
817 80.52
818 80.59
819 80.44
820 80.66
821 80.64
822 80.58
823 80.36
824 80.43
825 80.48
826 80.57
827 80.53
828 80.41
829 80.67
830 80.62
831 80.49
832 80.52
833 80.59
834 80.61
835 80.67
836 80.59
837 80.52
838 80.59
839 80.43
840 80.40
841 80.61
842 80.67
843 80.54
844 80.66
845 80.69
846 80.67
847 80.51
848 80.60
849 80.57
850 80.49
851 80.66
852 80.62
853 80.73
854 80.55
855 80.51
856 80.49
857 80.64
858 80.62
859 80.33
860 80.69
861 80.65
862 80.54
863 80.52
864 80.79
865 80.62
866 80.59
867 80.58
868 80.67
869 80.60
870 80.47
871 80.64
872 80.57
873 80.59
874 80.71
875 80.43
876 80.58
877 80.59
878 80.59
879 80.44
880 80.73
881 80.69
882 80.66
883 80.64
884 80.63
885 80.59
886 80.60
887 80.51
888 80.56
889 80.72
890 80.60
891 80.48
892 80.56
893 80.53
894 80.49
895 80.85
896 80.75
897 80.69
898 80.64
899 80.58
900 80.69
901 80.57
902 80.49
903 80.69
904 80.69
905 80.54
906 80.62
907 80.64
908 80.76
909 80.68
910 80.66
911 80.77
912 80.55
913 80.69
914 80.62
915 80.72
916 80.79
917 80.64
918 80.69
919 80.71
920 80.53
921 80.63
922 80.69
923 80.73
924 80.88
925 80.78
926 80.76
927 80.73
928 80.68
929 80.80
930 80.59
931 80.65
932 80.77
933 80.88
934 80.76
935 80.81
936 80.76
937 80.76
938 80.73
939 80.59
940 80.76
941 80.81
942 80.79
943 80.71
944 80.82
945 80.76
946 80.64
947 80.74
948 80.61
949 80.74
950 80.72
951 80.68
952 80.67
953 80.75
954 80.68
955 80.74
956 80.70
957 80.88
958 80.73
959 80.78
960 80.69
961 80.86
962 80.83
963 80.65
964 80.80
965 80.74
966 80.81
967 80.75
968 80.81
969 80.83
970 80.80
971 80.70
972 80.64
973 80.71
974 80.76
975 80.82
976 80.74
977 80.83
978 80.82
979 80.64
980 80.69
981 80.80
982 80.87
983 80.83
984 80.89
985 80.92
986 80.77
987 80.77
988 80.69
989 80.85
990 80.88
991 80.75
992 80.84
993 80.83
994 80.68
995 80.90
996 80.78
997 80.77
998 80.83
999 80.84
1000 80.83
1001 80.91
1002 80.80
1003 80.95
1004 80.80
1005 80.85
1006 80.84
1007 80.75
1008 80.85
1009 80.75
1010 80.72
1011 80.83
1012 80.88
1013 80.85
1014 80.86
1015 80.77
1016 80.80
1017 80.79
1018 80.90
1019 80.76
1020 80.89
1021 80.81
1022 80.80
1023 80.83
1024 80.89
1025 80.81
1026 80.82
1027 81.04
1028 80.82
1029 80.87
1030 80.83
1031 80.90
1032 80.97
1033 80.70
1034 80.84
1035 81.11
1036 81.05
1037 80.84
1038 80.82
1039 80.87
1040 80.85
1041 80.80
1042 80.78
1043 80.95
1044 80.89
1045 80.90
1046 80.95
1047 80.85
1048 80.93
1049 80.85
1050 80.94
1051 81.16
1052 80.89
1053 80.84
1054 80.83
1055 81.01
1056 81.01
1057 80.87
1058 80.90
1059 81.09
1060 80.83
1061 80.73
1062 80.85
1063 80.97
1064 81.08
1065 80.90
1066 81.09
1067 80.88
1068 80.73
1069 80.94
1070 80.93
1071 81.12
1072 81.10
1073 81.04
1074 80.92
1075 80.96
1076 80.88
1077 80.76
1078 80.88
1079 80.99
1080 81.06
1081 80.87
1082 80.92
1083 80.70
1084 80.77
1085 80.87
1086 80.92
1087 81.06
1088 80.98
1089 80.71
1090 80.97
1091 81.02
1092 80.85
1093 80.88
1094 81.04
1095 81.00
1096 81.01
1097 80.89
1098 80.91
1099 81.01
1100 80.90
1101 80.89
1102 80.91
1103 81.11
1104 81.08
1105 80.90
1106 80.90
1107 80.92
1108 80.85
1109 80.95
1110 81.01
1111 81.09
1112 81.03
1113 80.95
1114 80.88
1115 81.08
1116 80.89
1117 80.98
1118 80.99
1119 81.11
1120 81.00
1121 80.93
1122 81.01
1123 81.11
1124 81.07
1125 81.09
1126 81.07
1127 80.95
1128 80.98
1129 81.09
1130 80.91
1131 80.98
1132 80.90
1133 80.93
1134 80.96
1135 81.13
1136 80.96
1137 80.93
1138 80.96
1139 80.98
1140 81.01
1141 81.01
1142 81.12
1143 80.94
1144 81.02
1145 80.96
1146 81.00
1147 81.05
1148 81.10
1149 81.07
1150 81.21
1151 81.09
1152 81.01
1153 81.17
1154 81.01
1155 81.08
1156 81.05
1157 81.08
1158 81.14
1159 81.05
1160 81.09
1161 81.03
1162 81.10
1163 81.22
1164 80.96
1165 81.15
1166 80.99
1167 81.01
1168 80.96
1169 81.09
1170 81.12
1171 80.93
1172 80.94
1173 81.11
1174 81.00
1175 81.08
1176 81.16
1177 81.16
1178 81.23
1179 81.10
1180 80.99
1181 81.06
1182 81.17
1183 81.01
1184 81.18
1185 81.16
1186 81.09
1187 81.10
1188 81.06
1189 81.15
1190 80.98
1191 81.11
1192 81.25
1193 81.10
1194 81.06
1195 81.04
1196 81.08
1197 81.24
1198 81.13
1199 81.13
1200 81.09
1201 81.00
1202 81.14
1203 81.09
1204 81.23
1205 81.15
1206 81.20
1207 81.14
1208 81.22
1209 81.01
1210 80.97
1211 81.09
1212 81.24
1213 81.22
1214 81.27
1215 81.22
1216 81.08
1217 81.16
1218 81.11
1219 81.22
1220 81.19
1221 81.14
1222 81.06
1223 81.27
1224 81.15
1225 81.17
1226 81.08
1227 81.24
1228 81.25
1229 81.16
1230 81.09
1231 81.35
1232 81.17
1233 81.01
1234 81.06
1235 81.13
1236 81.10
1237 81.13
1238 81.19
1239 81.15
1240 81.19
1241 81.07
1242 81.34
1243 81.24
1244 81.19
1245 81.22
1246 81.21
1247 81.25
1248 81.03
1249 81.04
1250 81.01
1251 81.13
1252 81.30
1253 81.24
1254 81.09
1255 81.27
1256 81.18
1257 81.06
1258 81.16
1259 81.05
1260 81.16
1261 81.18
1262 81.21
1263 81.26
1264 81.13
1265 81.13
1266 81.14
1267 81.14
1268 81.16
1269 81.22
1270 81.16
1271 81.17
1272 81.09
1273 80.91
1274 81.11
1275 81.20
1276 81.26
1277 81.27
1278 81.14
1279 81.04
1280 81.25
1281 81.12
1282 81.24
1283 81.25
1284 81.38
1285 81.25
1286 81.26
1287 81.20
1288 81.25
1289 81.21
1290 81.18
1291 81.25
1292 81.24
1293 81.25
1294 81.23
1295 81.22
1296 81.09
1297 81.25
1298 81.22
1299 81.28
1300 81.14
1301 81.30
1302 81.35
1303 81.20
1304 81.23
1305 81.35
1306 81.18
1307 81.25
1308 81.18
1309 81.40
1310 81.28
1311 81.27
1312 81.16
1313 81.30
1314 81.23
1315 81.17
1316 81.31
1317 81.12
1318 81.41
1319 81.26
1320 81.23
1321 81.29
1322 81.13
1323 81.21
1324 81.17
1325 81.30
1326 81.42
1327 81.30
1328 81.29
1329 81.27
1330 81.27
1331 81.33
1332 81.24
1333 81.46
1334 81.40
1335 81.41
1336 81.25
1337 81.06
1338 81.42
1339 81.28
1340 81.19
1341 81.21
1342 81.32
1343 81.24
1344 81.30
1345 81.30
1346 81.30
1347 81.42
1348 81.22
1349 81.22
1350 81.30
1351 81.26
1352 81.38
1353 81.41
1354 81.17
1355 81.41
1356 81.31
1357 81.31
1358 81.24
1359 81.14
1360 81.21
1361 81.25
1362 81.19
1363 81.35
1364 81.23
1365 81.38
1366 81.36
1367 81.27
1368 81.32
1369 81.28
1370 81.45
1371 81.40
1372 81.32
1373 81.24
1374 81.39
1375 81.42
1376 81.40
1377 81.21
1378 81.18
1379 81.23
1380 81.07
1381 81.41
1382 81.33
1383 81.30
1384 81.49
1385 81.33
1386 81.31
1387 81.47
1388 81.24
1389 81.32
1390 81.36
1391 81.43
1392 81.41
1393 81.50
1394 81.37
1395 81.46
1396 81.32
1397 81.32
1398 81.44
1399 81.30
1400 81.43
1401 81.31
1402 81.49
1403 81.40
1404 81.32
1405 81.48
1406 81.26
1407 81.36
1408 81.38
1409 81.48
1410 81.50
1411 81.49
1412 81.48
1413 81.40
1414 81.35
1415 81.29
1416 81.28
1417 81.38
1418 81.42
1419 81.39
1420 81.40
1421 81.60
1422 81.43
1423 81.41
1424 81.39
1425 81.27
1426 81.33
1427 81.47
1428 81.35
1429 81.44
1430 81.49
1431 81.36
1432 81.34
1433 81.46
1434 81.38
1435 81.49
1436 81.40
1437 81.28
1438 81.42
1439 81.48
1440 81.42
1441 81.46
1442 81.35
1443 81.52
1444 81.47
1445 81.51
1446 81.39
1447 81.48
1448 81.48
1449 81.44
1450 81.30
1451 81.54
1452 81.38
1453 81.42
1454 81.57
1455 81.46
1456 81.44
1457 81.38
1458 81.44
1459 81.51
1460 81.32
1461 81.41
1462 81.41
1463 81.42
1464 81.64
1465 81.43
1466 81.33
1467 81.44
1468 81.32
1469 81.47
1470 81.43
1471 81.50
1472 81.39
1473 81.39
1474 81.38
1475 81.33
1476 81.49
1477 81.53
1478 81.37
1479 81.45
1480 81.55
1481 81.45
1482 81.37
1483 81.37
1484 81.47
1485 81.57
1486 81.56
1487 81.48
1488 81.60
1489 81.48
1490 81.34
1491 81.36
1492 81.35
1493 81.44
1494 81.46
1495 81.71
1496 81.48
1497 81.62
1498 81.44
1499 81.33
1500 81.48
1501 81.37
1502 81.40
1503 81.32
1504 81.56
1505 81.61
1506 81.62
1507 81.55
1508 81.35
1509 81.36
1510 81.46
1511 81.29
1512 81.39
1513 81.57
1514 81.62
1515 81.46
1516 81.43
1517 81.48
1518 81.60
1519 81.47
1520 81.63
1521 81.44
1522 81.46
1523 81.56
1524 81.41
1525 81.49
1526 81.45
1527 81.26
1528 81.37
1529 81.45
1530 81.51
1531 81.61
1532 81.54
1533 81.47
1534 81.37
1535 81.68
1536 81.41
1537 81.51
1538 81.56
1539 81.46
1540 81.56
1541 81.59
1542 81.53
1543 81.44
1544 81.50
1545 81.47
1546 81.36
1547 81.77
1548 81.69
1549 81.73
1550 81.55
1551 81.47
1552 81.65
1553 81.45
1554 81.57
1555 81.70
1556 81.64
1557 81.61
1558 81.56
1559 81.49
1560 81.75
1561 81.52
1562 81.53
1563 81.57
1564 81.58
1565 81.56
1566 81.67
1567 81.48
1568 81.55
1569 81.56
1570 81.56
1571 81.66
1572 81.57
1573 81.65
1574 81.50
1575 81.45
1576 81.56
1577 81.50
1578 81.59
1579 81.67
1580 81.62
1581 81.61
1582 81.56
1583 81.56
1584 81.77
1585 81.46
1586 81.32
1587 81.43
1588 81.67
1589 81.59
1590 81.60
1591 81.51
1592 81.56
1593 81.51
1594 81.45
1595 81.62
1596 81.75
1597 81.70
1598 81.49
1599 81.64
1600 81.54
1601 81.63
1602 81.46
1603 81.63
1604 81.62
1605 81.62
1606 81.58
1607 81.61
1608 81.55
1609 81.50
1610 81.55
1611 81.59
1612 81.59
1613 81.57
1614 81.63
1615 81.49
1616 81.57
1617 81.59
1618 81.67
1619 81.44
1620 81.63
1621 81.71
1622 81.64
1623 81.78
1624 81.64
1625 81.61
1626 81.52
1627 81.55
1628 81.67
1629 81.70
1630 81.64
1631 81.52
1632 81.58
1633 81.77
1634 81.57
1635 81.48
1636 81.68
1637 81.60
1638 81.61
1639 81.41
1640 81.59
1641 81.67
1642 81.67
1643 81.58
1644 81.65
1645 81.66
1646 81.57
1647 81.55
1648 81.66
1649 81.59
1650 81.73
1651 81.71
1652 81.61
1653 81.70
1654 81.62
1655 81.58
1656 81.60
1657 81.67
1658 81.80
1659 81.62
1660 81.72
1661 81.82
1662 81.71
1663 81.56
1664 81.61
1665 81.78
1666 81.60
1667 81.64
1668 81.73
1669 81.77
1670 81.62
1671 81.60
1672 81.77
1673 81.70
1674 81.48
1675 81.61
1676 81.73
1677 81.75
1678 81.60
1679 81.62
1680 81.70
1681 81.54
1682 81.70
1683 81.68
1684 81.74
1685 81.65
1686 81.52
1687 81.76
1688 81.66
1689 81.70
1690 81.70
1691 81.66
1692 81.73
1693 81.64
1694 81.74
1695 81.69
1696 81.65
1697 81.70
1698 81.66
1699 81.63
1700 81.75
1701 81.63
1702 81.64
1703 81.81
1704 81.72
1705 81.78
1706 81.69
1707 81.66
1708 81.71
1709 81.76
1710 81.56
1711 81.74
1712 81.80
1713 81.69
1714 81.60
1715 81.67
1716 81.68
1717 81.65
1718 81.72
1719 81.83
1720 81.96
1721 81.65
1722 81.62
1723 81.62
1724 81.62
1725 81.86
1726 81.48
1727 81.83
1728 81.70
1729 81.82
1730 81.93
1731 81.64
1732 81.80
1733 81.57
1734 81.46
1735 81.64
1736 81.69
1737 81.83
1738 81.63
1739 81.71
1740 81.62
1741 81.61
1742 81.75
1743 81.61
1744 81.83
1745 81.74
1746 81.66
1747 81.69
1748 81.66
1749 81.78
1750 81.60
1751 81.72
1752 81.82
1753 81.70
1754 81.64
1755 81.61
1756 81.70
1757 81.83
1758 81.68
1759 81.85
1760 81.92
1761 81.74
1762 81.76
1763 81.98
1764 81.84
1765 81.78
1766 81.72
1767 81.68
1768 82.06
1769 81.72
1770 81.65
1771 81.80
1772 81.82
1773 81.79
1774 81.75
1775 81.85
1776 81.77
1777 81.78
1778 81.80
1779 81.81
1780 81.64
1781 81.70
1782 81.75
1783 81.74
1784 81.89
1785 81.81
1786 81.85
1787 81.78
1788 81.64
1789 81.84
1790 81.78
1791 81.64
1792 81.85
1793 81.83
1794 81.84
1795 81.77
1796 81.65
1797 81.79
1798 81.83
1799 81.72
1800 81.70
1801 81.78
1802 81.78
1803 81.81
1804 81.72
1805 81.78
1806 81.71
1807 81.71
1808 81.80
1809 81.73
1810 81.86
1811 81.88
1812 81.88
1813 81.62
1814 81.72
1815 81.80
1816 81.75
1817 81.69
1818 81.73
1819 82.03
1820 81.77
1821 81.83
1822 81.82
1823 81.83
1824 81.74
1825 81.86
1826 81.82
1827 81.72
1828 81.81
1829 81.89
1830 81.92
1831 81.68
1832 81.87
1833 81.91
1834 81.75
1835 81.69
1836 81.75
1837 81.84
1838 81.86
1839 81.69
1840 81.95
1841 81.80
1842 81.80
1843 81.69
1844 81.75
1845 81.83
1846 81.75
1847 82.03
1848 81.93
1849 81.97
1850 81.72
1851 81.77
1852 81.81
1853 81.81
1854 81.94
1855 81.98
1856 81.81
1857 81.80
1858 81.79
1859 81.79
1860 81.83
1861 81.86
1862 81.86
1863 81.75
1864 81.84
1865 81.83
1866 81.83
1867 82.06
1868 81.78
1869 81.88
1870 81.74
1871 82.01
1872 81.75
1873 81.71
1874 81.75
1875 81.91
1876 81.83
1877 81.88
1878 81.80
1879 81.83
1880 81.90
1881 81.78
1882 81.88
1883 81.80
1884 81.89
1885 81.91
1886 81.80
1887 81.69
1888 81.87
1889 81.77
1890 81.78
1891 81.86
1892 81.85
1893 82.02
1894 81.98
1895 81.86
1896 81.79
1897 81.91
1898 81.69
1899 81.88
1900 81.85
1901 82.00
1902 81.97
1903 81.76
1904 81.95
1905 81.77
1906 81.95
1907 81.80
1908 81.95
1909 81.94
1910 81.85
1911 81.82
1912 81.74
1913 81.73
1914 81.77
1915 81.85
1916 81.83
1917 81.91
1918 81.97
1919 81.86
1920 81.90
1921 81.83
1922 81.74
1923 81.83
1924 81.97
1925 81.96
1926 81.91
1927 81.68
1928 81.85
1929 81.90
1930 81.89
1931 81.89
1932 81.97
1933 81.94
1934 81.83
1935 81.90
1936 81.87
1937 82.01
1938 81.98
1939 81.97
1940 81.99
1941 81.89
1942 81.87
1943 81.78
1944 81.99
1945 82.00
1946 81.96
1947 81.76
1948 81.96
1949 81.94
1950 81.84
1951 81.91
1952 81.80
1953 81.95
1954 82.05
1955 81.99
1956 82.07
1957 81.98
1958 81.96
1959 81.96
1960 81.80
1961 81.80
1962 82.01
1963 82.05
1964 81.99
1965 81.95
1966 81.99
1967 81.88
1968 81.83
1969 81.98
1970 81.91
1971 81.91
1972 81.98
1973 81.98
1974 82.04
1975 81.96
1976 81.80
1977 81.95
1978 82.02
1979 81.96
1980 81.70
1981 81.85
1982 81.97
1983 81.95
1984 81.80
1985 81.92
1986 81.95
1987 81.88
1988 81.83
1989 82.02
1990 81.86
1991 81.94
1992 81.81
1993 81.93
1994 82.00
1995 82.01
1996 82.03
1997 81.98
1998 82.00
1999 82.06
2000 81.87
2001 81.88
2002 81.81
2003 82.04
2004 82.11
2005 81.97
2006 82.09
2007 81.98
2008 81.96
2009 81.84
2010 81.98
2011 81.86
2012 82.05
2013 81.92
2014 82.05
2015 82.03
2016 81.98
2017 81.89
2018 81.91
2019 81.97
2020 82.15
2021 81.94
2022 81.92
2023 82.10
2024 81.92
2025 81.88
2026 82.01
2027 81.98
2028 82.10
2029 81.80
2030 82.06
2031 81.93
2032 81.96
2033 81.91
2034 82.02
2035 82.05
2036 81.99
2037 82.02
2038 82.02
2039 81.99
2040 81.99
2041 81.79
2042 81.96
2043 81.95
2044 82.03
2045 82.04
2046 81.96
2047 81.95
2048 81.79
2049 81.96
2050 82.02
2051 81.96
2052 82.04
2053 81.93
2054 82.12
2055 81.98
2056 81.97
2057 82.02
2058 82.16
2059 81.92
2060 82.03
2061 82.03
2062 81.89
2063 81.96
2064 82.04
2065 82.04
2066 82.07
2067 82.01
2068 81.89
2069 81.94
2070 82.08
2071 81.92
2072 81.91
2073 81.98
2074 81.99
2075 81.95
2076 82.01
2077 81.94
2078 81.88
2079 81.96
2080 82.15
2081 82.07
2082 82.05
2083 81.91
2084 82.00
2085 82.07
2086 82.12
2087 81.99
2088 81.98
2089 82.22
2090 82.07
2091 81.86
2092 81.95
2093 82.11
2094 81.98
2095 82.10
2096 82.00
2097 82.07
2098 81.91
2099 81.84
2100 81.91
2101 82.13
2102 82.04
2103 82.15
2104 82.11
2105 82.08
2106 82.09
2107 81.98
2108 82.06
2109 82.05
2110 82.02
2111 82.19
2112 82.05
2113 82.10
2114 82.00
2115 82.06
2116 82.07
2117 82.01
2118 82.17
2119 82.05
2120 81.95
2121 82.16
2122 81.92
2123 82.01
2124 82.06
2125 82.04
2126 82.02
2127 82.14
2128 82.19
2129 82.10
2130 82.14
2131 81.97
2132 82.04
2133 81.91
2134 82.05
2135 81.96
2136 81.87
2137 82.10
2138 81.99
2139 82.03
2140 82.00
2141 82.09
2142 82.05
2143 81.99
2144 81.95
2145 82.00
2146 82.09
2147 81.96
2148 82.06
2149 82.08
2150 82.00
2151 81.89
2152 81.83
2153 82.12
2154 81.86
2155 82.14
2156 82.07
2157 82.11
2158 82.01
2159 82.07
2160 81.99
2161 82.11
2162 82.04
2163 82.00
2164 82.21
2165 82.07
2166 81.98
2167 82.08
2168 82.05
2169 82.15
2170 82.05
2171 82.15
2172 82.08
2173 82.06
2174 82.05
2175 81.92
2176 82.04
2177 82.09
2178 82.02
2179 82.04
2180 82.20
2181 82.11
2182 82.01
2183 82.09
2184 82.14
2185 81.97
2186 81.99
2187 82.28
2188 82.09
2189 82.02
2190 82.06
2191 82.05
2192 82.12
2193 82.05
2194 82.15
2195 82.04
2196 82.04
2197 82.09
2198 82.11
2199 82.07
2200 82.12
2201 81.91
2202 82.18
2203 82.17
2204 82.22
2205 82.04
2206 82.04
2207 82.12
2208 82.06
2209 82.15
2210 82.04
2211 82.01
2212 82.11
2213 82.03
2214 82.11
2215 82.15
2216 82.12
2217 82.12
2218 81.95
2219 82.12
2220 81.94
2221 81.99
2222 82.01
2223 82.17
2224 82.19
2225 82.03
2226 82.00
2227 82.10
2228 82.11
2229 82.09
2230 82.24
2231 82.18
2232 82.17
2233 81.91
2234 82.00
2235 82.12
2236 82.02
2237 82.19
2238 82.07
2239 82.08
2240 82.15
2241 82.04
2242 82.04
2243 82.05
2244 82.12
2245 82.23
2246 82.13
2247 81.99
2248 82.10
2249 82.06
2250 82.24
2251 82.18
2252 81.96
2253 82.26
2254 82.09
2255 82.23
2256 82.16
2257 82.21
2258 82.11
2259 82.10
2260 82.25
2261 82.15
2262 82.05
2263 82.12
2264 82.13
2265 82.16
2266 82.09
2267 82.23
2268 81.98
2269 82.13
2270 82.18
2271 82.13
2272 82.02
2273 82.20
2274 82.01
2275 82.23
2276 82.18
2277 82.07
2278 82.18
2279 82.21
2280 82.03
2281 82.03
2282 82.00
2283 82.24
2284 82.02
2285 82.12
2286 82.26
2287 82.01
2288 81.97
2289 82.18
2290 82.02
2291 82.11
2292 82.00
2293 82.12
2294 82.17
2295 82.10
2296 81.95
2297 82.22
2298 82.10
2299 82.12
2300 82.09
2301 82.16
2302 82.14
2303 82.19
2304 82.24
2305 82.13
2306 82.11
2307 82.04
2308 82.22
2309 82.07
2310 82.29
2311 82.15
2312 82.18
2313 82.10
2314 82.02
2315 82.35
2316 82.21
2317 82.26
2318 82.27
2319 82.22
2320 82.07
2321 82.17
2322 82.23
2323 82.28
2324 82.16
2325 82.01
2326 82.18
2327 82.13
2328 82.08
2329 82.24
2330 82.17
2331 82.08
2332 82.01
2333 81.99
2334 82.10
2335 82.09
2336 82.12
2337 82.33
2338 82.24
2339 82.14
2340 82.02
2341 82.21
2342 82.04
2343 82.15
2344 82.24
2345 82.25
2346 82.17
2347 82.10
2348 82.10
2349 82.16
2350 82.17
2351 82.15
2352 82.29
2353 82.10
2354 82.13
2355 82.13
2356 82.12
2357 82.15
2358 82.12
2359 82.26
2360 82.18
2361 82.23
2362 82.03
2363 82.14
2364 82.17
2365 82.36
2366 82.07
2367 82.31
2368 82.07
2369 81.99
2370 82.28
2371 82.14
2372 82.31
2373 82.28
2374 82.05
2375 82.19
2376 82.10
2377 82.11
2378 82.27
2379 82.30
2380 82.19
2381 82.17
2382 82.17
2383 82.21
2384 82.14
2385 82.14
2386 82.23
2387 82.28
2388 82.23
2389 82.13
2390 82.15
2391 82.15
2392 82.29
2393 82.27
2394 82.25
2395 82.12
2396 82.29
2397 82.29
2398 82.23
2399 82.22
2400 82.26
2401 82.10
2402 82.16
2403 82.21
2404 82.17
2405 82.21
2406 82.18
2407 82.04
2408 82.18
2409 82.31
2410 82.11
2411 82.15
2412 82.12
2413 82.11
2414 82.12
2415 82.03
2416 82.12
2417 82.15
2418 82.23
2419 82.25
2420 82.23
2421 82.12
2422 82.15
2423 82.07
2424 82.35
2425 82.18
2426 82.29
2427 82.18
2428 81.98
2429 82.15
2430 82.18
2431 82.22
2432 82.22
2433 82.19
2434 82.29
2435 82.06
2436 82.20
2437 82.07
2438 82.24
2439 82.20
2440 82.23
2441 82.04
2442 82.02
2443 82.17
2444 82.33
2445 82.26
2446 82.39
2447 82.26
2448 82.19
2449 82.16
2450 82.14
2451 82.28
2452 82.14
2453 82.25
2454 82.20
2455 82.10
2456 82.13
2457 82.29
2458 82.14
2459 82.27
2460 82.21
2461 82.09
2462 82.13
2463 82.10
2464 82.12
2465 82.17
2466 82.23
2467 82.25
2468 82.21
2469 82.10
2470 82.20
2471 82.28
2472 82.25
2473 82.05
2474 82.19
2475 82.35
2476 82.05
2477 82.16
2478 82.35
2479 82.26
2480 82.22
2481 82.19
2482 82.14
2483 82.07
2484 82.16
2485 82.29
2486 82.27
2487 82.18
2488 82.18
2489 82.30
2490 82.09
2491 82.21
2492 82.03
2493 82.20
2494 82.18
2495 82.25
2496 82.11
2497 82.19
2498 82.14
2499 82.16
2500 82.15
2501 82.41
2502 82.23
2503 82.18
2504 82.02
2505 82.34
2506 82.32
2507 82.13
2508 82.49
2509 82.19
2510 82.27
2511 82.09
2512 82.13
2513 82.32
2514 82.25
2515 82.28
2516 82.31
2517 82.17
2518 82.07
2519 82.13
2520 82.20
2521 82.29
2522 82.33
2523 82.14
2524 82.32
2525 82.22
2526 82.20
2527 82.23
2528 82.18
2529 82.23
2530 82.45
2531 82.12
2532 82.18
2533 82.23
2534 81.99
2535 82.09
2536 82.25
2537 82.26
2538 82.26
2539 82.27
2540 82.32
2541 82.29
2542 82.19
2543 82.21
2544 82.23
2545 82.20
2546 82.27
2547 82.25
2548 82.24
2549 82.20
2550 82.18
2551 82.29
2552 82.20
2553 82.32
2554 82.12
2555 82.19
2556 82.34
2557 82.22
2558 82.14
2559 82.29
2560 82.19
2561 82.26
2562 82.16
2563 82.18
2564 82.33
2565 82.28
2566 82.18
2567 82.27
2568 82.13
2569 82.31
2570 82.22
2571 82.31
2572 82.31
2573 82.18
2574 82.23
2575 82.35
2576 82.33
2577 82.21
2578 82.26
2579 82.24
2580 82.34
2581 82.37
2582 82.18
2583 82.35
2584 82.24
2585 82.24
2586 82.29
2587 82.18
2588 82.31
2589 82.23
2590 82.34
2591 82.22
2592 82.31
2593 82.03
2594 82.12
2595 82.40
2596 82.32
2597 82.35
2598 82.31
2599 82.17
2600 82.28
2601 82.13
2602 82.30
2603 82.23
2604 82.42
2605 82.34
2606 82.20
2607 82.14
2608 82.14
2609 82.12
2610 82.35
2611 82.25
2612 82.20
2613 82.26
2614 82.31
2615 82.24
2616 82.26
2617 82.22
2618 82.28
2619 82.21
2620 82.33
2621 82.05
2622 82.31
2623 82.14
2624 82.16
2625 82.16
2626 82.31
2627 82.34
2628 82.42
2629 82.24
2630 82.40
2631 82.25
2632 82.09
2633 82.28
2634 82.26
2635 82.33
2636 82.23
2637 82.35
2638 82.26
2639 82.27
2640 82.28
2641 82.21
2642 82.25
2643 82.31
2644 82.39
2645 82.31
2646 82.08
2647 82.24
2648 82.20
2649 82.09
2650 82.27
2651 82.21
2652 82.27
2653 82.18
2654 82.26
2655 82.25
2656 82.29
2657 82.24
2658 82.28
2659 82.31
2660 82.43
2661 82.12
2662 82.18
2663 82.15
2664 82.29
2665 82.22
2666 82.30
2667 82.39
2668 82.19
2669 82.13
2670 82.20
2671 82.26
2672 82.20
2673 82.23
2674 82.48
2675 82.30
2676 82.43
2677 82.21
2678 82.29
2679 82.28
2680 82.16
2681 82.23
2682 82.31
2683 82.39
2684 82.35
2685 82.21
2686 82.31
2687 82.31
2688 82.38
2689 82.24
2690 82.42
2691 82.31
2692 82.32
2693 82.23
2694 82.23
2695 82.37
2696 82.23
2697 82.23
2698 82.37
2699 82.45
2700 82.17
2701 82.24
2702 82.28
2703 82.18
2704 82.31
2705 82.37
2706 82.41
2707 82.26
2708 82.29
2709 82.34
2710 82.23
2711 82.30
2712 82.38
2713 82.39
2714 82.40
2715 82.21
2716 82.12
2717 82.25
2718 82.26
2719 82.46
2720 82.38
2721 82.42
2722 82.31
2723 82.24
2724 82.19
2725 82.35
2726 82.30
2727 82.13
2728 82.13
2729 82.35
2730 82.22
2731 82.22
2732 82.35
2733 82.34
2734 82.42
2735 82.32
2736 82.30
2737 82.15
2738 82.31
2739 82.31
2740 82.30
2741 82.45
2742 82.26
2743 82.28
2744 82.42
2745 82.29
2746 82.31
2747 82.38
2748 82.34
2749 82.39
2750 82.34
2751 82.18
2752 82.37
2753 82.51
2754 82.17
2755 82.35
2756 82.35
2757 82.37
2758 82.29
2759 82.27
2760 82.37
2761 82.39
2762 82.34
2763 82.41
2764 82.53
2765 82.30
2766 82.47
2767 82.31
2768 82.34
2769 82.34
2770 82.31
2771 82.31
2772 82.39
2773 82.39
2774 82.23
2775 82.31
2776 82.23
2777 82.39
2778 82.25
2779 82.35
2780 82.23
2781 82.12
2782 82.35
2783 82.31
2784 82.43
2785 82.31
2786 82.13
2787 82.35
2788 82.25
2789 82.26
2790 82.40
2791 82.21
2792 82.34
2793 82.19
2794 82.42
2795 82.25
2796 82.35
2797 82.22
2798 82.43
2799 82.48
2800 82.25
2801 82.36
2802 82.13
2803 82.26
2804 82.25
2805 82.34
2806 82.37
2807 82.29
2808 82.15
2809 82.24
2810 82.32
2811 82.31
2812 82.38
2813 82.41
2814 82.47
2815 82.34
2816 82.28
2817 82.20
2818 82.35
2819 82.41
2820 82.33
2821 82.39
2822 82.39
2823 82.27
2824 82.34
2825 82.14
2826 82.42
2827 82.31
2828 82.36
2829 82.31
2830 82.40
2831 82.41
2832 82.07
2833 82.14
2834 82.33
2835 82.38
2836 82.41
2837 82.37
2838 82.31
2839 82.33
2840 82.28
2841 82.35
2842 82.25
2843 82.30
2844 82.25
2845 82.36
2846 82.37
2847 82.36
2848 82.25
2849 82.24
2850 82.36
2851 82.33
2852 82.34
2853 82.38
2854 82.39
2855 82.31
2856 82.36
2857 82.14
2858 82.37
2859 82.42
2860 82.42
2861 82.37
2862 82.44
2863 82.45
2864 82.26
2865 82.38
2866 82.36
2867 82.43
2868 82.46
2869 82.34
2870 82.39
2871 82.32
2872 82.21
2873 82.23
2874 82.42
2875 82.26
2876 82.43
2877 82.29
2878 82.41
2879 82.43
2880 82.29
2881 82.29
2882 82.41
2883 82.18
2884 82.42
2885 82.60
2886 82.40
2887 82.35
2888 82.37
2889 82.39
2890 82.28
2891 82.58
2892 82.42
2893 82.31
2894 82.49
2895 82.39
2896 82.38
2897 82.26
2898 82.20
2899 82.31
2900 82.34
2901 82.24
2902 82.34
2903 82.31
2904 82.37
2905 82.55
2906 82.43
2907 82.36
2908 82.42
2909 82.18
2910 82.34
2911 82.16
2912 82.39
2913 82.53
2914 82.39
2915 82.37
2916 82.26
2917 82.18
2918 82.44
2919 82.34
2920 82.32
2921 82.32
2922 82.40
2923 82.45
2924 82.28
2925 82.42
2926 82.21
2927 82.35
2928 82.34
2929 82.34
2930 82.41
2931 82.39
2932 82.39
2933 82.37
2934 82.24
2935 82.48
2936 82.31
2937 82.23
2938 82.30
2939 82.19
2940 82.45
2941 82.39
2942 82.35
2943 82.34
2944 82.31
2945 82.30
2946 82.27
2947 82.38
2948 82.34
2949 82.33
2950 82.23
2951 82.26
2952 82.22
2953 82.31
2954 82.44
2955 82.34
2956 82.42
2957 82.40
2958 82.30
2959 82.40
2960 82.31
2961 82.46
2962 82.32
2963 82.51
2964 82.42
2965 82.43
2966 82.28
2967 82.47
2968 82.27
2969 82.41
2970 82.38
2971 82.47
2972 82.42
2973 82.45
2974 82.35
2975 82.43
2976 82.46
2977 82.23
2978 82.34
2979 82.31
2980 82.41
2981 82.48
2982 82.32
2983 82.31
2984 82.37
2985 82.25
2986 82.29
2987 82.36
2988 82.48
2989 82.37
2990 82.27
2991 82.35
2992 82.41
2993 82.41
2994 82.23
2995 82.29
2996 82.50
2997 82.37
2998 82.16
2999 82.26
3000 82.39
3001 82.42
3002 82.25
3003 82.34
3004 82.45
3005 82.31
3006 82.45
3007 82.32
3008 82.49
3009 82.21
3010 82.26
3011 82.37
3012 82.39
3013 82.29
3014 82.29
3015 82.38
3016 82.31
3017 82.46
3018 82.31
3019 82.32
3020 82.43
3021 82.35
3022 82.43
3023 82.40
3024 82.44
3025 82.34
3026 82.53
3027 82.54
3028 82.44
3029 82.15
3030 82.29
3031 82.42
3032 82.35
3033 82.45
3034 82.61
3035 82.52
3036 82.37
3037 82.37
3038 82.29
3039 82.42
3040 82.35
3041 82.49
3042 82.38
3043 82.38
3044 82.46
3045 82.29
3046 82.29
3047 82.30
3048 82.37
3049 82.50
3050 82.39
3051 82.39
3052 82.48
3053 82.46
3054 82.23
3055 82.37
3056 82.40
3057 82.38
3058 82.38
3059 82.49
3060 82.30
3061 82.37
3062 82.38
3063 82.36
3064 82.58
3065 82.42
3066 82.44
3067 82.39
3068 82.41
3069 82.23
3070 82.39
3071 82.36
3072 82.41
3073 82.37
3074 82.34
3075 82.65
3076 82.50
3077 82.37
3078 82.50
3079 82.39
3080 82.41
3081 82.39
3082 82.25
3083 82.48
3084 82.39
3085 82.26
3086 82.44
3087 82.46
3088 82.49
3089 82.41
3090 82.45
3091 82.34
3092 82.28
3093 82.28
3094 82.44
3095 82.31
3096 82.39
3097 82.53
3098 82.34
3099 82.54
3100 82.34
3101 82.37
3102 82.30
3103 82.48
3104 82.50
3105 82.61
3106 82.29
3107 82.31
3108 82.33
3109 82.37
3110 82.48
3111 82.52
3112 82.58
3113 82.46
3114 82.34
3115 82.51
3116 82.34
3117 82.29
3118 82.39
3119 82.37
3120 82.48
3121 82.43
3122 82.27
3123 82.43
3124 82.43
3125 82.35
3126 82.48
3127 82.53
3128 82.39
3129 82.42
3130 82.41
3131 82.18
3132 82.46
3133 82.34
3134 82.37
3135 82.38
3136 82.61
3137 82.42
3138 82.35
3139 82.32
3140 82.25
3141 82.42
3142 82.32
3143 82.40
3144 82.36
3145 82.61
3146 82.55
3147 82.37
3148 82.34
3149 82.43
3150 82.34
3151 82.29
3152 82.38
3153 82.31
3154 82.42
3155 82.44
3156 82.44
3157 82.34
3158 82.58
3159 82.33
3160 82.33
3161 82.39
3162 82.57
3163 82.57
3164 82.46
3165 82.34
3166 82.48
3167 82.34
3168 82.23
3169 82.29
3170 82.37
3171 82.39
3172 82.38
3173 82.36
3174 82.40
3175 82.31
3176 82.36
3177 82.37
3178 82.39
3179 82.49
3180 82.49
3181 82.42
3182 82.36
3183 82.37
3184 82.44
3185 82.45
3186 82.52
3187 82.49
3188 82.45
3189 82.42
3190 82.31
3191 82.29
3192 82.44
3193 82.42
3194 82.39
3195 82.46
3196 82.39
3197 82.45
3198 82.33
3199 82.58
3200 82.31
3201 82.39
3202 82.45
3203 82.35
3204 82.38
3205 82.42
3206 82.39
3207 82.44
3208 82.46
3209 82.40
3210 82.37
3211 82.48
3212 82.36
3213 82.33
3214 82.37
3215 82.40
3216 82.39
3217 82.42
3218 82.41
3219 82.56
3220 82.43
3221 82.21
3222 82.48
3223 82.22
3224 82.42
3225 82.56
3226 82.58
3227 82.38
3228 82.33
3229 82.31
3230 82.31
3231 82.37
3232 82.33
3233 82.47
3234 82.49
3235 82.36
3236 82.45
3237 82.38
3238 82.39
3239 82.56
3240 82.42
3241 82.42
3242 82.34
3243 82.44
3244 82.42
3245 82.37
3246 82.32
3247 82.50
3248 82.46
3249 82.48
3250 82.43
3251 82.47
3252 82.34
3253 82.45
3254 82.54
3255 82.30
3256 82.42
3257 82.41
3258 82.38
3259 82.34
3260 82.39
3261 82.19
3262 82.53
3263 82.46
3264 82.45
3265 82.41
3266 82.48
3267 82.28
3268 82.36
3269 82.37
3270 82.42
3271 82.44
3272 82.45
3273 82.65
3274 82.58
3275 82.26
3276 82.40
3277 82.48
3278 82.48
3279 82.49
3280 82.34
3281 82.45
3282 82.50
3283 82.32
3284 82.29
3285 82.45
3286 82.45
3287 82.44
3288 82.42
3289 82.41
3290 82.45
3291 82.29
3292 82.23
3293 82.45
3294 82.40
3295 82.47
3296 82.45
3297 82.33
3298 82.52
3299 82.48
3300 82.42
3301 82.42
3302 82.40
3303 82.37
3304 82.43
3305 82.42
3306 82.34
3307 82.41
3308 82.50
3309 82.52
3310 82.45
3311 82.37
3312 82.34
3313 82.33
3314 82.31
3315 82.32
3316 82.44
3317 82.45
3318 82.45
3319 82.45
3320 82.39
3321 82.46
3322 82.41
3323 82.42
3324 82.44
3325 82.54
3326 82.58
3327 82.26
3328 82.29
3329 82.45
3330 82.32
3331 82.51
3332 82.29
3333 82.46
3334 82.46
3335 82.40
3336 82.50
3337 82.50
3338 82.51
3339 82.45
3340 82.45
3341 82.46
3342 82.39
3343 82.41
3344 82.35
3345 82.29
3346 82.56
3347 82.38
3348 82.46
3349 82.39
3350 82.50
3351 82.28
3352 82.36
3353 82.42
3354 82.56
3355 82.43
3356 82.42
3357 82.53
3358 82.50
3359 82.53
3360 82.49
3361 82.43
3362 82.50
3363 82.43
3364 82.48
3365 82.52
3366 82.56
3367 82.38
3368 82.31
3369 82.40
3370 82.59
3371 82.43
3372 82.43
3373 82.56
3374 82.34
3375 82.42
3376 82.34
3377 82.47
3378 82.49
3379 82.47
3380 82.42
3381 82.58
3382 82.47
3383 82.56
3384 82.35
3385 82.57
3386 82.50
3387 82.48
3388 82.41
3389 82.38
3390 82.59
3391 82.44
3392 82.48
3393 82.40
3394 82.51
3395 82.33
3396 82.37
3397 82.55
3398 82.35
3399 82.39
3400 82.39
3401 82.50
3402 82.40
3403 82.39
3404 82.54
3405 82.45
3406 82.38
3407 82.41
3408 82.59
3409 82.51
3410 82.46
3411 82.39
3412 82.39
3413 82.48
3414 82.44
3415 82.32
3416 82.52
3417 82.49
3418 82.25
3419 82.47
3420 82.48
3421 82.40
3422 82.56
3423 82.48
3424 82.47
3425 82.41
3426 82.39
3427 82.37
3428 82.46
3429 82.45
3430 82.40
3431 82.44
3432 82.38
3433 82.54
3434 82.39
3435 82.30
3436 82.47
3437 82.46
3438 82.37
3439 82.46
3440 82.50
3441 82.35
3442 82.37
3443 82.22
3444 82.43
3445 82.52
3446 82.39
3447 82.46
3448 82.42
3449 82.44
3450 82.46
3451 82.44
3452 82.37
3453 82.48
3454 82.33
3455 82.49
3456 82.58
3457 82.53
3458 82.64
3459 82.42
3460 82.37
3461 82.42
3462 82.49
3463 82.41
3464 82.40
3465 82.34
3466 82.43
3467 82.45
3468 82.45
3469 82.33
3470 82.63
3471 82.60
3472 82.37
3473 82.35
3474 82.56
3475 82.48
3476 82.52
3477 82.28
3478 82.41
3479 82.49
3480 82.42
3481 82.42
3482 82.44
3483 82.52
3484 82.49
3485 82.55
3486 82.51
3487 82.54
3488 82.53
3489 82.53
3490 82.39
3491 82.49
3492 82.66
3493 82.53
3494 82.53
3495 82.49
3496 82.53
3497 82.42
3498 82.50
3499 82.39
3500 82.48
3501 82.63
3502 82.59
3503 82.50
3504 82.42
3505 82.60
3506 82.49
3507 82.50
3508 82.44
3509 82.53
3510 82.49
3511 82.53
3512 82.49
3513 82.41
3514 82.50
3515 82.43
3516 82.45
3517 82.43
3518 82.46
3519 82.52
3520 82.43
3521 82.68
3522 82.46
3523 82.36
3524 82.43
3525 82.40
3526 82.50
3527 82.53
3528 82.40
3529 82.54
3530 82.50
3531 82.36
3532 82.35
3533 82.37
3534 82.49
3535 82.62
3536 82.43
3537 82.47
3538 82.45
3539 82.32
3540 82.38
3541 82.45
3542 82.46
3543 82.45
3544 82.54
3545 82.52
3546 82.45
3547 82.47
3548 82.49
3549 82.50
3550 82.50
3551 82.42
3552 82.63
3553 82.50
3554 82.42
3555 82.45
3556 82.49
3557 82.35
3558 82.44
3559 82.39
3560 82.30
3561 82.47
3562 82.33
3563 82.54
3564 82.55
3565 82.47
3566 82.40
3567 82.44
3568 82.46
3569 82.47
3570 82.30
3571 82.18
3572 82.04
3573 82.10
3574 81.95
3575 80.72
3576 78.75
3577 74.95
3578 69.35
3579 65.94
3580 62.91
3581 60.17
3582 57.52
3583 54.67
3584 51.91
3585 49.41
3586 46.91
3587 44.51
3588 42.37
3589 40.22
3590 38.13
3591 36.10
3592 34.25
3593 32.31
3594 30.63
3595 28.91
3596 27.21
3597 25.73
3598 24.40
3599 22.99
3600 21.59
3601 20.30
3602 19.09
3603 17.98
3604 16.88
3605 15.88
3606 15.05
3607 14.31
3608 13.51
3609 12.85
3610 12.20
3611 11.60
3612 11.05
3613 10.50
3614 9.95
3615 9.67
3616 9.32
3617 8.99
3618 8.84
3619 8.71
3620 8.55
3621 8.23
3622 7.78
3623 7.31
3624 7.10
3625 6.89
3626 6.57
3627 6.37
3628 6.17
3629 5.88
3630 5.70
3631 5.55
3632 5.44
3633 5.35
3634 5.16
3635 5.00
3636 4.88
3637 4.78
3638 4.72
3639 4.65
3640 4.52
3641 4.44
3642 4.38
3643 4.32
3644 4.22
3645 4.11
3646 4.01
3647 3.93
3648 3.83
3649 3.78
3650 3.67
