1 22.17
2 22.16
3 22.18
4 22.13
5 22.16
6 22.18
7 22.18
8 22.19
9 22.21
10 22.17
11 22.16
12 22.14
13 22.13
14 22.18
15 22.17
16 22.15
17 22.20
18 22.19
19 22.13
20 22.21
21 22.22
22 22.21
23 22.20
24 22.17
25 22.24
26 22.27
27 22.30
28 22.48
29 22.81
30 23.28
31 23.88
32 24.54
33 25.35
34 26.05
35 27.01
36 27.74
37 28.59
38 29.30
39 30.08
40 30.87
41 31.55
42 32.34
43 33.12
44 33.77
45 34.40
46 35.03
47 35.73
48 36.26
49 36.85
50 37.47
51 38.06
52 38.59
53 39.07
54 39.53
55 40.09
56 40.58
57 40.93
58 41.42
59 41.90
60 42.31
61 42.75
62 43.10
63 43.49
64 43.95
65 44.27
66 44.64
67 44.95
68 45.32
69 45.61
70 45.94
71 46.18
72 46.53
73 46.82
74 47.01
75 47.38
76 47.67
77 47.93
78 48.08
79 48.35
80 48.61
81 48.81
82 49.04
83 49.32
84 49.49
85 49.75
86 49.86
87 50.00
88 50.30
89 50.41
90 50.60
91 50.90
92 51.03
93 51.18
94 51.20
95 51.40
96 51.56
97 51.81
98 51.87
99 52.10
100 52.21
101 52.28
102 52.43
103 52.52
104 52.66
105 52.75
106 52.92
107 53.00
108 53.15
109 53.23
110 53.41
111 53.41
112 53.56
113 53.66
114 53.79
115 53.85
116 53.96
117 53.93
118 54.04
119 54.18
120 54.30
121 54.35
122 54.39
123 54.52
124 54.50
125 54.60
126 54.67
127 54.81
128 54.82
129 54.94
130 54.89
131 54.98
132 55.00
133 55.10
134 55.15
135 55.22
136 55.30
137 55.35
138 55.39
139 55.40
140 55.51
141 55.55
142 55.64
143 55.71
144 55.78
145 55.74
146 55.77
147 55.90
148 55.88
149 55.96
150 55.97
151 56.00
152 56.07
153 56.15
154 56.10
155 56.19
156 56.15
157 56.25
158 56.31
159 56.27
160 56.39
161 56.32
162 56.39
163 56.46
164 56.50
165 56.53
166 56.60
167 56.65
168 56.59
169 56.63
170 56.62
171 56.66
172 56.69
173 56.79
174 56.82
175 56.93
176 56.81
177 56.77
178 56.86
179 56.91
180 56.96
181 56.87
182 56.90
183 56.97
184 57.01
185 57.12
186 57.18
187 57.09
188 57.13
189 57.17
190 57.17
191 57.14
192 57.12
193 57.20
194 57.22
195 57.27
196 57.26
197 57.29
198 57.30
199 57.28
200 57.33
201 57.33
202 57.38
203 57.42
204 57.36
205 57.44
206 57.52
207 57.43
208 57.40
209 57.43
210 57.55
211 57.58
212 57.54
213 57.56
214 57.53
215 57.63
216 57.53
217 57.56
218 57.62
219 57.61
220 57.61
221 57.65
222 57.66
223 57.68
224 57.64
225 57.71
226 57.71
227 57.79
228 57.79
229 57.65
230 57.83
231 57.83
232 57.77
233 57.77
234 57.75
235 57.89
236 57.84
237 57.85
238 57.89
239 57.87
240 57.86
241 57.79
242 57.84
243 57.90
244 57.87
245 57.93
246 57.93
247 57.96
248 58.00
249 57.87
250 57.99
251 57.98
252 58.00
253 57.99
254 58.04
255 57.97
256 58.02
257 58.06
258 58.12
259 58.09
260 58.09
261 58.06
262 58.10
263 58.00
264 58.06
265 58.10
266 58.17
267 58.09
268 58.09
269 58.13
270 58.16
271 58.12
272 58.12
273 58.23
274 58.16
275 58.15
276 58.09
277 58.18
278 58.28
279 58.18
280 58.21
281 58.21
282 58.24
283 58.23
284 58.12
285 58.32
286 58.27
287 58.22
288 58.34
289 58.27
290 58.29
291 58.27
292 58.27
293 58.31
294 58.27
295 58.30
296 58.29
297 58.32
298 58.34
299 58.31
300 58.36
301 58.39
302 58.34
303 58.34
304 58.35
305 58.42
306 58.31
307 58.27
308 58.36
309 58.43
310 58.41
311 58.36
312 58.45
313 58.45
314 58.37
315 58.38
316 58.43
317 58.43
318 58.40
319 58.36
320 58.33
321 58.41
322 58.41
323 58.45
324 58.46
325 58.49
326 58.45
327 58.42
328 58.43
329 58.45
330 58.46
331 58.48
332 58.47
333 58.51
334 58.48
335 58.44
336 58.47
337 58.54
338 58.56
339 58.52
340 58.57
341 58.53
342 58.56
343 58.55
344 58.57
345 58.52
346 58.61
347 58.64
348 58.61
349 58.54
350 58.56
351 58.66
352 58.69
353 58.54
354 58.58
355 58.60
356 58.57
357 58.57
358 58.62
359 58.63
360 58.62
361 58.55
362 58.62
363 58.58
364 58.60
365 58.65
366 58.64
367 58.75
368 58.63
369 58.56
370 58.57
371 58.55
372 58.59
373 58.70
374 58.68
375 58.66
376 58.60
377 58.63
378 58.67
379 58.67
380 58.71
381 58.73
382 58.63
383 58.66
384 58.68
385 58.73
386 58.72
387 58.70
388 58.70
389 58.75
390 58.67
391 58.67
392 58.77
393 58.76
394 58.79
395 58.77
396 58.68
397 58.70
398 58.68
399 58.81
400 58.75
401 58.77
402 58.73
403 58.82
404 58.77
405 58.77
406 58.87
407 58.79
408 58.73
409 58.78
410 58.74
411 58.77
412 58.81
413 58.81
414 58.89
415 58.75
416 58.82
417 58.78
418 58.82
419 58.81
420 58.81
421 58.88
422 58.86
423 58.85
424 58.80
425 58.82
426 58.85
427 58.79
428 58.84
429 58.78
430 58.81
431 58.83
432 58.79
433 58.77
434 58.84
435 58.94
436 58.85
437 58.88
438 58.83
439 58.84
440 58.86
441 58.86
442 58.83
443 58.90
444 58.83
445 58.92
446 58.86
447 58.84
448 58.91
449 58.82
450 58.86
451 58.89
452 58.91
453 58.90
454 58.89
455 58.88
456 58.82
457 58.85
458 58.91
459 58.93
460 58.88
461 58.92
462 58.98
463 58.93
464 58.89
465 58.97
466 58.95
467 58.92
468 58.85
469 58.91
470 58.95
471 58.96
472 58.95
473 58.91
474 58.94
475 58.95
476 58.88
477 58.95
478 58.91
479 58.95
480 58.96
481 59.04
482 58.98
483 58.93
484 59.05
485 59.01
486 58.89
487 58.93
488 58.96
489 58.98
490 58.98
491 58.92
492 58.96
493 59.04
494 59.03
495 58.94
496 58.97
497 59.03
498 59.02
499 59.00
500 59.04
501 59.00
502 59.00
503 59.05
504 59.05
505 59.11
506 59.03
507 59.02
508 59.04
509 59.09
510 59.09
511 58.92
512 59.05
513 59.05
514 59.03
515 59.14
516 59.07
517 59.10
518 59.02
519 59.02
520 59.05
521 59.04
522 58.99
523 58.98
524 59.07
525 59.02
526 59.08
527 59.11
528 59.05
529 59.05
530 59.07
531 59.09
532 59.10
533 59.16
534 59.14
535 59.06
536 59.15
537 59.06
538 59.09
539 59.09
540 59.12
541 59.13
542 59.07
543 59.14
544 59.01
545 59.00
546 59.03
547 59.05
548 59.13
549 59.08
550 59.06
551 59.10
552 59.04
553 59.04
554 59.11
555 59.04
556 59.16
557 59.11
558 59.12
559 59.04
560 59.05
561 58.96
562 59.13
563 59.11
564 59.16
565 59.11
566 59.04
567 59.04
568 59.05
569 59.13
570 59.13
571 59.16
572 59.14
573 59.13
574 59.10
575 59.09
576 59.07
577 59.13
578 59.09
579 59.12
580 59.17
581 59.11
582 59.21
583 59.16
584 59.24
585 59.08
586 59.14
587 59.22
588 59.19
589 59.16
590 59.10
591 59.13
592 59.14
593 59.10
594 59.16
595 59.20
596 59.14
597 59.11
598 59.15
599 59.12
600 59.19
601 59.21
602 59.22
603 59.28
604 59.20
605 59.17
606 59.19
607 59.12
608 59.22
609 59.18
610 59.27
611 59.16
612 59.17
613 59.19
614 59.11
615 59.23
616 59.19
617 59.21
618 59.31
619 59.18
620 59.22
621 59.17
622 59.26
623 59.31
624 59.27
625 59.25
626 59.32
627 59.34
628 59.21
629 59.27
630 59.23
631 59.29
632 59.30
633 59.29
634 59.17
635 59.25
636 59.27
637 59.27
638 59.30
639 59.29
640 59.28
641 59.27
642 59.31
643 59.23
644 59.32
645 59.19
646 59.33
647 59.24
648 59.28
649 59.29
650 59.25
651 59.32
652 59.26
653 59.32
654 59.31
655 59.26
656 59.30
657 59.27
658 59.22
659 59.23
660 59.27
661 59.35
662 59.34
663 59.30
664 59.24
665 59.35
666 59.33
667 59.24
668 59.26
669 59.37
670 59.34
671 59.26
672 59.26
673 59.29
674 59.32
675 59.31
676 59.31
677 59.40
678 59.35
679 59.26
680 59.26
681 59.29
682 59.36
683 59.29
684 59.38
685 59.33
686 59.36
687 59.30
688 59.28
689 59.29
690 59.32
691 59.38
692 59.34
693 59.33
694 59.38
695 59.28
696 59.26
697 59.31
698 59.36
699 59.29
700 59.34
701 59.34
702 59.27
703 59.23
704 59.36
705 59.31
706 59.31
707 59.38
708 59.40
709 59.38
710 59.34
711 59.31
712 59.37
713 59.39
714 59.29
715 59.32
716 59.36
717 59.38
718 59.42
719 59.38
720 59.41
721 59.34
722 59.29
723 59.34
724 59.39
725 59.40
726 59.31
727 59.32
728 59.41
729 59.41
730 59.32
731 59.32
732 59.31
733 59.38
734 59.31
735 59.35
736 59.35
737 59.36
738 59.34
739 59.36
740 59.27
741 59.38
742 59.46
743 59.40
744 59.45
745 59.35
746 59.35
747 59.37
748 59.34
749 59.37
750 59.34
751 59.44
752 59.41
753 59.38
754 59.34
755 59.40
756 59.37
757 59.35
758 59.45
759 59.43
760 59.47
761 59.36
762 59.37
763 59.38
764 59.33
765 59.44
766 59.44
767 59.39
768 59.40
769 59.39
770 59.42
771 59.45
772 59.48
773 59.42
774 59.47
775 59.52
776 59.46
777 59.39
778 59.40
779 59.40
780 59.45
781 59.43
782 59.44
783 59.50
784 59.47
785 59.37
786 59.48
787 59.48
788 59.49
789 59.48
790 59.50
791 59.55
792 59.49
793 59.48
794 59.40
795 59.41
796 59.45
797 59.46
798 59.51
799 59.49
800 59.43
801 59.49
802 59.46
803 59.53
804 59.45
805 59.48
806 59.51
807 59.56
808 59.45
809 59.47
810 59.49
811 59.46
812 59.49
813 59.48
814 59.43
815 59.47
816 59.48
817 59.50
818 59.50
819 59.56
820 59.52
821 59.40
822 59.47
823 59.48
824 59.48
825 59.51
826 59.63
827 59.50
828 59.54
829 59.47
830 59.54
831 59.47
832 59.41
833 59.57
834 59.49
835 59.50
836 59.50
837 59.52
838 59.56
839 59.51
840 59.55
841 59.55
842 59.51
843 59.51
844 59.58
845 59.54
846 59.58
847 59.53
848 59.49
849 59.54
850 59.57
851 59.53
852 59.60
853 59.56
854 59.51
855 59.58
856 59.60
857 59.58
858 59.49
859 59.52
860 59.58
861 59.58
862 59.57
863 59.56
864 59.59
865 59.60
866 59.55
867 59.59
868 59.57
869 59.57
870 59.60
871 59.59
872 59.56
873 59.50
874 59.54
875 59.52
876 59.64
877 59.58
878 59.43
879 59.60
880 59.56
881 59.50
882 59.65
883 59.56
884 59.63
885 59.61
886 59.59
887 59.56
888 59.61
889 59.52
890 59.55
891 59.61
892 59.67
893 59.51
894 59.56
895 59.55
896 59.60
897 59.52
898 59.57
899 59.58
900 59.58
901 59.63
902 59.60
903 59.58
904 59.65
905 59.51
906 59.54
907 59.60
908 59.58
909 59.45
910 59.64
911 59.60
912 59.67
913 59.54
914 59.62
915 59.51
916 59.56
917 59.67
918 59.61
919 59.56
920 59.58
921 59.55
922 59.59
923 59.55
924 59.61
925 59.57
926 59.62
927 59.63
928 59.55
929 59.65
930 59.56
931 59.59
932 59.57
933 59.59
934 59.73
935 59.60
936 59.53
937 59.62
938 59.62
939 59.63
940 59.65
941 59.66
942 59.62
943 59.57
944 59.61
945 59.58
946 59.62
947 59.66
948 59.68
949 59.65
950 59.60
951 59.57
952 59.63
953 59.70
954 59.64
955 59.64
956 59.68
957 59.63
958 59.58
959 59.59
960 59.59
961 59.68
962 59.68
963 59.68
964 59.67
965 59.67
966 59.58
967 59.59
968 59.61
969 59.67
970 59.65
971 59.66
972 59.72
973 59.66
974 59.61
975 59.73
976 59.63
977 59.72
978 59.70
979 59.59
980 59.65
981 59.63
982 59.53
983 59.63
984 59.65
985 59.70
986 59.71
987 59.66
988 59.66
989 59.69
990 59.70
991 59.65
992 59.74
993 59.70
994 59.63
995 59.63
996 59.67
997 59.68
998 59.61
999 59.71
1000 59.74
1001 59.76
1002 59.67
1003 59.60
1004 59.61
1005 59.68
1006 59.68
1007 59.75
1008 59.72
1009 59.67
1010 59.70
1011 59.64
1012 59.68
1013 59.64
1014 59.68
1015 59.72
1016 59.68
1017 59.75
1018 59.72
1019 59.65
1020 59.79
1021 59.64
1022 59.75
1023 59.71
1024 59.72
1025 59.63
1026 59.81
1027 59.65
1028 59.82
1029 59.73
1030 59.71
1031 59.83
1032 59.75
1033 59.73
1034 59.76
1035 59.71
1036 59.74
1037 59.78
1038 59.78
1039 59.71
1040 59.78
1041 59.65
1042 59.77
1043 59.75
1044 59.79
1045 59.73
1046 59.86
1047 59.75
1048 59.72
1049 59.75
1050 59.81
1051 59.69
1052 59.72
1053 59.79
1054 59.81
1055 59.73
1056 59.72
1057 59.73
1058 59.78
1059 59.78
1060 59.85
1061 59.79
1062 59.70
1063 59.76
1064 59.78
1065 59.75
1066 59.85
1067 59.84
1068 59.75
1069 59.77
1070 59.83
1071 59.72
1072 59.72
1073 59.79
1074 59.78
1075 59.81
1076 59.71
1077 59.78
1078 59.81
1079 59.75
1080 59.76
1081 59.81
1082 59.78
1083 59.80
1084 59.81
1085 59.76
1086 59.72
1087 59.75
1088 59.77
1089 59.79
1090 59.78
1091 59.85
1092 59.81
1093 59.77
1094 59.77
1095 59.77
1096 59.81
1097 59.73
1098 59.79
1099 59.77
1100 59.84
1101 59.85
1102 59.75
1103 59.83
1104 59.83
1105 59.82
1106 59.77
1107 59.81
1108 59.81
1109 59.86
1110 59.81
1111 59.81
1112 59.89
1113 59.86
1114 59.80
1115 59.88
1116 59.83
1117 59.85
1118 59.85
1119 59.80
1120 59.81
1121 59.81
1122 59.78
1123 59.81
1124 59.76
1125 59.76
1126 59.79
1127 59.85
1128 59.83
1129 59.85
1130 59.77
1131 59.81
1132 59.81
1133 59.79
1134 59.86
1135 59.83
1136 59.79
1137 59.87
1138 59.85
1139 59.78
1140 59.87
1141 59.81
1142 59.88
1143 59.90
1144 59.79
1145 59.85
1146 59.86
1147 59.82
1148 59.83
1149 59.84
1150 59.86
1151 59.82
1152 59.90
1153 59.86
1154 59.85
1155 59.86
1156 59.76
1157 59.79
1158 59.83
1159 59.85
1160 59.90
1161 59.83
1162 59.88
1163 59.90
1164 59.85
1165 59.77
1166 59.81
1167 59.85
1168 59.85
1169 59.82
1170 59.89
1171 59.85
1172 59.85
1173 59.78
1174 59.81
1175 59.84
1176 59.85
1177 59.81
1178 59.85
1179 59.80
1180 59.86
1181 59.85
1182 59.81
1183 59.81
1184 59.90
1185 59.93
1186 59.85
1187 59.88
1188 59.87
1189 59.95
1190 59.79
1191 59.88
1192 59.87
1193 59.87
1194 59.87
1195 59.88
1196 59.83
1197 59.91
1198 59.88
1199 59.92
1200 59.90
1201 59.85
1202 59.79
1203 59.90
1204 59.85
1205 59.94
1206 59.86
1207 59.92
1208 59.91
1209 59.83
1210 59.89
1211 59.92
1212 59.88
1213 60.04
1214 59.90
1215 59.94
1216 59.87
1217 59.87
1218 59.87
1219 59.89
1220 59.92
1221 59.88
1222 59.88
1223 59.88
1224 59.89
1225 59.93
1226 59.90
1227 59.85
1228 59.90
1229 59.91
1230 59.96
1231 59.92
1232 59.92
1233 59.96
1234 59.95
1235 59.92
1236 59.88
1237 59.92
1238 59.87
1239 59.86
1240 59.79
1241 59.81
1242 59.95
1243 59.83
1244 59.95
1245 59.94
1246 59.99
1247 59.94
1248 59.88
1249 59.95
1250 59.89
1251 59.82
1252 59.93
1253 59.93
1254 59.92
1255 59.94
1256 59.85
1257 59.95
1258 59.97
1259 59.97
1260 59.94
1261 59.99
1262 60.00
1263 59.92
1264 59.93
1265 59.91
1266 59.85
1267 60.07
1268 59.97
1269 59.96
1270 59.91
1271 59.99
1272 59.95
1273 59.92
1274 59.93
1275 60.00
1276 59.98
1277 59.93
1278 59.96
1279 59.99
1280 59.91
1281 60.00
1282 59.97
1283 59.95
1284 60.01
1285 60.05
1286 59.96
1287 59.98
1288 59.98
1289 59.96
1290 60.01
1291 60.00
1292 59.90
1293 60.00
1294 59.86
1295 60.02
1296 59.99
1297 59.99
1298 59.89
1299 59.96
1300 60.02
1301 59.98
1302 59.93
1303 59.98
1304 60.03
1305 59.85
1306 59.97
1307 59.96
1308 59.99
1309 60.06
1310 59.98
1311 59.96
1312 60.00
1313 59.95
1314 60.06
1315 59.99
1316 60.02
1317 60.05
1318 59.97
1319 59.96
1320 60.01
1321 60.03
1322 59.92
1323 60.01
1324 60.03
1325 59.96
1326 60.06
1327 60.00
1328 59.94
1329 59.95
1330 60.05
1331 60.03
1332 60.03
1333 59.95
1334 60.06
1335 59.97
1336 59.97
1337 60.04
1338 60.05
1339 59.97
1340 60.00
1341 59.94
1342 60.07
1343 60.03
1344 60.06
1345 60.06
1346 60.07
1347 59.98
1348 59.97
1349 60.16
1350 59.97
1351 59.96
1352 60.05
1353 60.12
1354 60.04
1355 60.02
1356 60.01
1357 60.05
1358 59.97
1359 60.08
1360 60.03
1361 60.12
1362 60.11
1363 60.06
1364 59.99
1365 60.07
1366 60.03
1367 60.01
1368 60.08
1369 60.05
1370 60.14
1371 60.03
1372 60.01
1373 60.10
1374 60.15
1375 59.99
1376 60.09
1377 60.08
1378 60.04
1379 60.10
1380 59.96
1381 59.97
1382 60.06
1383 60.06
1384 59.99
1385 60.06
1386 60.04
1387 60.05
1388 60.05
1389 60.10
1390 60.11
1391 60.10
1392 60.10
1393 60.04
1394 60.03
1395 60.09
1396 59.98
1397 59.98
1398 60.08
1399 60.09
1400 60.01
1401 60.01
1402 60.05
1403 60.09
1404 60.07
1405 60.03
1406 60.06
1407 60.11
1408 60.08
1409 60.09
1410 60.17
1411 60.07
1412 60.07
1413 60.08
1414 60.07
1415 60.07
1416 60.13
1417 60.07
1418 60.11
1419 60.05
1420 60.04
1421 60.04
1422 59.95
1423 60.10
1424 60.02
1425 60.10
1426 60.04
1427 60.03
1428 60.04
1429 60.08
1430 60.13
1431 60.02
1432 59.96
1433 60.08
1434 60.06
1435 60.10
1436 60.09
1437 60.08
1438 60.09
1439 60.08
1440 60.06
1441 60.04
1442 60.08
1443 60.07
1444 60.14
1445 60.09
1446 60.12
1447 60.06
1448 60.12
1449 60.04
1450 60.12
1451 60.08
1452 60.09
1453 60.11
1454 60.07
1455 60.03
1456 60.08
1457 60.07
1458 60.12
1459 60.11
1460 60.15
1461 60.04
1462 60.09
1463 60.07
1464 60.14
1465 60.11
1466 60.12
1467 60.21
1468 60.05
1469 60.00
1470 60.08
1471 60.20
1472 60.11
1473 60.14
1474 60.10
1475 60.11
1476 60.02
1477 60.14
1478 60.10
1479 60.08
1480 60.10
1481 60.08
1482 60.17
1483 60.04
1484 60.10
1485 60.10
1486 60.10
1487 60.21
1488 60.04
1489 60.08
1490 60.10
1491 60.16
1492 60.13
1493 60.11
1494 60.14
1495 60.03
1496 60.15
1497 60.08
1498 60.09
1499 60.16
1500 60.14
1501 60.14
1502 60.10
1503 60.03
1504 60.09
1505 60.15
1506 60.13
1507 60.15
1508 60.12
1509 60.07
1510 60.05
1511 60.07
1512 60.15
1513 60.21
1514 60.16
1515 60.12
1516 60.12
1517 60.08
1518 60.11
1519 60.15
1520 60.14
1521 60.10
1522 60.13
1523 60.07
1524 60.10
1525 60.17
1526 60.17
1527 60.06
1528 60.15
1529 60.13
1530 60.10
1531 60.14
1532 60.09
1533 60.07
1534 60.14
1535 60.08
1536 60.25
1537 60.12
1538 60.12
1539 60.18
1540 60.21
1541 60.08
1542 60.10
1543 60.09
1544 60.19
1545 60.12
1546 60.13
1547 60.16
1548 60.16
1549 60.13
1550 60.12
1551 60.15
1552 60.16
1553 60.10
1554 60.10
1555 60.14
1556 60.21
1557 60.10
1558 60.15
1559 60.15
1560 60.16
1561 60.13
1562 60.12
1563 60.14
1564 60.12
1565 60.16
1566 60.16
1567 60.12
1568 60.17
1569 60.09
1570 60.16
1571 60.17
1572 60.16
1573 60.19
1574 60.06
1575 60.19
1576 60.20
1577 60.16
1578 60.12
1579 60.19
1580 60.17
1581 60.15
1582 60.19
1583 60.20
1584 60.21
1585 60.17
1586 60.15
1587 60.14
1588 60.17
1589 60.15
1590 60.18
1591 60.20
1592 60.14
1593 60.16
1594 60.14
1595 60.19
1596 60.21
1597 60.23
1598 60.15
1599 60.20
1600 60.21
1601 60.15
1602 60.12
1603 60.16
1604 60.23
1605 60.23
1606 60.20
1607 60.19
1608 60.15
1609 60.15
1610 60.15
1611 60.21
1612 60.17
1613 60.16
1614 60.25
1615 60.20
1616 60.16
1617 60.16
1618 60.16
1619 60.17
1620 60.21
1621 60.20
1622 60.21
1623 60.19
1624 60.16
1625 60.22
1626 60.09
1627 60.22
1628 60.26
1629 60.26
1630 60.19
1631 60.25
1632 60.23
1633 60.18
1634 60.21
1635 60.23
1636 60.14
1637 60.20
1638 60.16
1639 60.25
1640 60.21
1641 60.21
1642 60.17
1643 60.19
1644 60.22
1645 60.20
1646 60.21
1647 60.23
1648 60.25
1649 60.18
1650 60.19
1651 60.27
1652 60.27
1653 60.26
1654 60.15
1655 60.19
1656 60.23
1657 60.24
1658 60.23
1659 60.27
1660 60.24
1661 60.28
1662 60.27
1663 60.20
1664 60.17
1665 60.24
1666 60.18
1667 60.21
1668 60.28
1669 60.15
1670 60.25
1671 60.25
1672 60.25
1673 60.23
1674 60.19
1675 60.27
1676 60.30
1677 60.19
1678 60.24
1679 60.23
1680 60.25
1681 60.24
1682 60.20
1683 60.25
1684 60.34
1685 60.21
1686 60.23
1687 60.27
1688 60.30
1689 60.24
1690 60.24
1691 60.32
1692 60.22
1693 60.21
1694 60.24
1695 60.23
1696 60.27
1697 60.19
1698 60.28
1699 60.31
1700 60.31
1701 60.28
1702 60.31
1703 60.32
1704 60.25
1705 60.21
1706 60.23
1707 60.22
1708 60.28
1709 60.28
1710 60.27
1711 60.30
1712 60.32
1713 60.28
1714 60.33
1715 60.27
1716 60.21
1717 60.29
1718 60.26
1719 60.30
1720 60.25
1721 60.28
1722 60.30
1723 60.30
1724 60.22
1725 60.27
1726 60.25
1727 60.30
1728 60.27
1729 60.35
1730 60.36
1731 60.31
1732 60.27
1733 60.23
1734 60.16
1735 60.31
1736 60.32
1737 60.36
1738 60.35
1739 60.32
1740 60.27
1741 60.23
1742 60.23
1743 60.27
1744 60.31
1745 60.28
1746 60.30
1747 60.33
1748 60.35
1749 60.25
1750 60.24
1751 60.27
1752 60.30
1753 60.32
1754 60.26
1755 60.31
1756 60.29
1757 60.29
1758 60.23
1759 60.26
1760 60.27
1761 60.40
1762 60.32
1763 60.30
1764 60.27
1765 60.26
1766 60.28
1767 60.30
1768 60.32
1769 60.31
1770 60.35
1771 60.28
1772 60.21
1773 60.22
1774 60.32
1775 60.27
1776 60.36
1777 60.35
1778 60.27
1779 60.33
1780 60.33
1781 60.28
1782 60.29
1783 60.36
1784 60.34
1785 60.27
1786 60.25
1787 60.39
1788 60.26
1789 60.33
1790 60.20
1791 60.35
1792 60.34
1793 60.27
1794 60.28
1795 60.29
1796 60.23
1797 60.34
1798 60.35
1799 60.31
1800 60.34
1801 60.29
1802 60.30
1803 60.29
1804 60.27
1805 60.34
1806 60.29
1807 60.31
1808 60.36
1809 60.28
1810 60.30
1811 60.37
1812 60.34
1813 60.38
1814 60.29
1815 60.38
1816 60.35
1817 60.35
1818 60.32
1819 60.29
1820 60.33
1821 60.34
1822 60.29
1823 60.39
1824 60.28
1825 60.28
1826 60.27
1827 60.30
1828 60.41
1829 60.30
1830 60.35
1831 60.35
1832 60.25
1833 60.38
1834 60.32
1835 60.32
1836 60.37
1837 60.33
1838 60.37
1839 60.30
1840 60.33
1841 60.34
1842 60.25
1843 60.41
1844 60.34
1845 60.35
1846 60.35
1847 60.34
1848 60.30
1849 60.35
1850 60.33
1851 60.28
1852 60.33
1853 60.33
1854 60.28
1855 60.35
1856 60.30
1857 60.40
1858 60.39
1859 60.39
1860 60.34
1861 60.34
1862 60.27
1863 60.32
1864 60.33
1865 60.36
1866 60.35
1867 60.34
1868 60.28
1869 60.28
1870 60.23
1871 60.27
1872 60.34
1873 60.31
1874 60.30
1875 60.30
1876 60.29
1877 60.48
1878 60.34
1879 60.32
1880 60.34
1881 60.30
1882 60.34
1883 60.35
1884 60.38
1885 60.43
1886 60.35
1887 60.41
1888 60.33
1889 60.30
1890 60.37
1891 60.32
1892 60.40
1893 60.33
1894 60.35
1895 60.31
1896 60.27
1897 60.34
1898 60.39
1899 60.38
1900 60.31
1901 60.32
1902 60.32
1903 60.27
1904 60.38
1905 60.36
1906 60.38
1907 60.38
1908 60.31
1909 60.32
1910 60.38
1911 60.38
1912 60.33
1913 60.32
1914 60.33
1915 60.32
1916 60.35
1917 60.34
1918 60.40
1919 60.32
1920 60.34
1921 60.38
1922 60.30
1923 60.30
1924 60.41
1925 60.34
1926 60.37
1927 60.41
1928 60.37
1929 60.36
1930 60.32
1931 60.28
1932 60.35
1933 60.45
1934 60.35
1935 60.38
1936 60.34
1937 60.36
1938 60.34
1939 60.33
1940 60.32
1941 60.38
1942 60.43
1943 60.36
1944 60.39
1945 60.40
1946 60.32
1947 60.35
1948 60.34
1949 60.36
1950 60.40
1951 60.37
1952 60.42
1953 60.44
1954 60.30
1955 60.36
1956 60.39
1957 60.39
1958 60.36
1959 60.47
1960 60.41
1961 60.45
1962 60.38
1963 60.40
1964 60.36
1965 60.44
1966 60.38
1967 60.41
1968 60.31
1969 60.38
1970 60.32
1971 60.34
1972 60.36
1973 60.36
1974 60.45
1975 60.45
1976 60.39
1977 60.36
1978 60.38
1979 60.36
1980 60.34
1981 60.36
1982 60.40
1983 60.37
1984 60.48
1985 60.38
1986 60.36
1987 60.44
1988 60.38
1989 60.34
1990 60.35
1991 60.39
1992 60.32
1993 60.39
1994 60.37
1995 60.43
1996 60.42
1997 60.38
1998 60.34
1999 60.30
2000 60.37
2001 60.35
2002 60.34
2003 60.38
2004 60.41
2005 60.46
2006 60.43
2007 60.40
2008 60.32
2009 60.38
2010 60.48
2011 60.39
2012 60.39
2013 60.34
2014 60.36
2015 60.45
2016 60.45
2017 60.38
2018 60.49
2019 60.39
2020 60.38
2021 60.38
2022 60.34
2023 60.38
2024 60.39
2025 60.39
2026 60.42
2027 60.40
2028 60.36
2029 60.48
2030 60.36
2031 60.37
2032 60.42
2033 60.42
2034 60.40
2035 60.35
2036 60.43
2037 60.49
2038 60.48
2039 60.52
2040 60.45
2041 60.38
2042 60.40
2043 60.39
2044 60.38
2045 60.36
2046 60.42
2047 60.46
2048 60.40
2049 60.41
2050 60.45
2051 60.45
2052 60.38
2053 60.41
2054 60.35
2055 60.43
2056 60.45
2057 60.48
2058 60.39
2059 60.47
2060 60.46
2061 60.39
2062 60.42
2063 60.52
2064 60.47
2065 60.51
2066 60.50
2067 60.47
2068 60.51
2069 60.36
2070 60.43
2071 60.41
2072 60.48
2073 60.47
2074 60.47
2075 60.50
2076 60.52
2077 60.44
2078 60.46
2079 60.50
2080 60.38
2081 60.40
2082 60.46
2083 60.46
2084 60.47
2085 60.46
2086 60.47
2087 60.42
2088 60.38
2089 60.38
2090 60.46
2091 60.41
2092 60.45
2093 60.45
2094 60.49
2095 60.42
2096 60.49
2097 60.45
2098 60.47
2099 60.47
2100 60.49
2101 60.48
2102 60.41
2103 60.48
2104 60.48
2105 60.49
2106 60.45
2107 60.37
2108 60.41
2109 60.39
2110 60.50
2111 60.48
2112 60.47
2113 60.44
2114 60.43
2115 60.42
2116 60.46
2117 60.42
2118 60.41
2119 60.47
2120 60.45
2121 60.56
2122 60.52
2123 60.41
2124 60.41
2125 60.42
2126 60.43
2127 60.42
2128 60.39
2129 60.47
2130 60.54
2131 60.47
2132 60.38
2133 60.38
2134 60.49
2135 60.45
2136 60.47
2137 60.50
2138 60.50
2139 60.41
2140 60.43
2141 60.45
2142 60.47
2143 60.43
2144 60.49
2145 60.44
2146 60.43
2147 60.37
2148 60.48
2149 60.47
2150 60.54
2151 60.44
2152 60.42
2153 60.48
2154 60.44
2155 60.43
2156 60.49
2157 60.52
2158 60.48
2159 60.44
2160 60.39
2161 60.41
2162 60.53
2163 60.47
2164 60.54
2165 60.43
2166 60.48
2167 60.49
2168 60.48
2169 60.51
2170 60.45
2171 60.48
2172 60.52
2173 60.50
2174 60.47
2175 60.54
2176 60.52
2177 60.50
2178 60.37
2179 60.49
2180 60.48
2181 60.47
2182 60.40
2183 60.50
2184 60.45
2185 60.38
2186 60.43
2187 60.47
2188 60.50
2189 60.47
2190 60.39
2191 60.52
2192 60.53
2193 60.54
2194 60.44
2195 60.48
2196 60.47
2197 60.55
2198 60.54
2199 60.50
2200 60.51
2201 60.47
2202 60.51
2203 60.47
2204 60.49
2205 60.55
2206 60.59
2207 60.48
2208 60.60
2209 60.47
2210 60.59
2211 60.50
2212 60.45
2213 60.47
2214 60.46
2215 60.50
2216 60.45
2217 60.52
2218 60.55
2219 60.49
2220 60.46
2221 60.44
2222 60.61
2223 60.51
2224 60.54
2225 60.56
2226 60.50
2227 60.51
2228 60.50
2229 60.47
2230 60.51
2231 60.48
2232 60.39
2233 60.48
2234 60.54
2235 60.50
2236 60.52
2237 60.54
2238 60.47
2239 60.48
2240 60.43
2241 60.50
2242 60.50
2243 60.48
2244 60.51
2245 60.52
2246 60.51
2247 60.48
2248 60.47
2249 60.50
2250 60.50
2251 60.48
2252 60.46
2253 60.42
2254 60.59
2255 60.53
2256 60.50
2257 60.59
2258 60.55
2259 60.45
2260 60.54
2261 60.45
2262 60.49
2263 60.59
2264 60.50
2265 60.47
2266 60.49
2267 60.50
2268 60.42
2269 60.53
2270 60.54
2271 60.48
2272 60.58
2273 60.51
2274 60.61
2275 60.54
2276 60.59
2277 60.51
2278 60.48
2279 60.59
2280 60.61
2281 60.51
2282 60.44
2283 60.50
2284 60.58
2285 60.52
2286 60.49
2287 60.50
2288 60.54
2289 60.53
2290 60.51
2291 60.48
2292 60.55
2293 60.54
2294 60.54
2295 60.60
2296 60.53
2297 60.42
2298 60.49
2299 60.46
2300 60.50
2301 60.52
2302 60.54
2303 60.55
2304 60.47
2305 60.48
2306 60.56
2307 60.48
2308 60.45
2309 60.49
2310 60.48
2311 60.53
2312 60.51
2313 60.56
2314 60.52
2315 60.56
2316 60.56
2317 60.50
2318 60.48
2319 60.52
2320 60.56
2321 60.57
2322 60.56
2323 60.56
2324 60.61
2325 60.51
2326 60.61
2327 60.53
2328 60.46
2329 60.50
2330 60.51
2331 60.47
2332 60.53
2333 60.60
2334 60.53
2335 60.54
2336 60.46
2337 60.47
2338 60.53
2339 60.55
2340 60.52
2341 60.52
2342 60.52
2343 60.54
2344 60.60
2345 60.48
2346 60.56
2347 60.56
2348 60.47
2349 60.56
2350 60.52
2351 60.56
2352 60.63
2353 60.48
2354 60.57
2355 60.47
2356 60.45
2357 60.50
2358 60.51
2359 60.51
2360 60.58
2361 60.52
2362 60.56
2363 60.64
2364 60.51
2365 60.57
2366 60.57
2367 60.54
2368 60.53
2369 60.49
2370 60.52
2371 60.57
2372 60.54
2373 60.56
2374 60.51
2375 60.51
2376 60.55
2377 60.51
2378 60.53
2379 60.58
2380 60.52
2381 60.53
2382 60.54
2383 60.53
2384 60.53
2385 60.62
2386 60.53
2387 60.56
2388 60.61
2389 60.58
2390 60.54
2391 60.56
2392 60.52
2393 60.56
2394 60.58
2395 60.59
2396 60.52
2397 60.50
2398 60.61
2399 60.49
2400 60.52
2401 60.54
2402 60.57
2403 60.54
2404 60.53
2405 60.63
2406 60.55
2407 60.57
2408 60.58
2409 60.51
2410 60.50
2411 60.54
2412 60.56
2413 60.49
2414 60.54
2415 60.58
2416 60.59
2417 60.60
2418 60.51
2419 60.57
2420 60.58
2421 60.59
2422 60.47
2423 60.58
2424 60.54
2425 60.54
2426 60.58
2427 60.55
2428 60.52
2429 60.54
2430 60.58
2431 60.56
2432 60.50
2433 60.60
2434 60.60
2435 60.53
2436 60.46
2437 60.55
2438 60.56
2439 60.55
2440 60.50
2441 60.54
2442 60.50
2443 60.56
2444 60.64
2445 60.50
2446 60.48
2447 60.60
2448 60.52
2449 60.59
2450 60.59
2451 60.54
2452 60.54
2453 60.61
2454 60.50
2455 60.56
2456 60.63
2457 60.61
2458 60.58
2459 60.49
2460 60.50
2461 60.56
2462 60.59
2463 60.59
2464 60.53
2465 60.54
2466 60.56
2467 60.54
2468 60.48
2469 60.54
2470 60.56
2471 60.56
2472 60.54
2473 60.55
2474 60.51
2475 60.54
2476 60.57
2477 60.49
2478 60.54
2479 60.65
2480 60.63
2481 60.52
2482 60.55
2483 60.62
2484 60.56
2485 60.60
2486 60.58
2487 60.66
2488 60.63
2489 60.58
2490 60.54
2491 60.52
2492 60.56
2493 60.58
2494 60.56
2495 60.59
2496 60.58
2497 60.64
2498 60.49
2499 60.52
2500 60.50
2501 60.51
2502 60.61
2503 60.57
2504 60.53
2505 60.57
2506 60.56
2507 60.64
2508 60.50
2509 60.52
2510 60.54
2511 60.59
2512 60.58
2513 60.52
2514 60.55
2515 60.59
2516 60.55
2517 60.54
2518 60.53
2519 60.60
2520 60.56
2521 60.52
2522 60.53
2523 60.59
2524 60.63
2525 60.61
2526 60.59
2527 60.47
2528 60.56
2529 60.47
2530 60.55
2531 60.52
2532 60.54
2533 60.57
2534 60.53
2535 60.54
2536 60.53
2537 60.57
2538 60.56
2539 60.58
2540 60.56
2541 60.64
2542 60.61
2543 60.60
2544 60.54
2545 60.55
2546 60.52
2547 60.46
2548 60.53
2549 60.54
2550 60.60
2551 60.59
2552 60.63
2553 60.62
2554 60.58
2555 60.50
2556 60.49
2557 60.62
2558 60.56
2559 60.64
2560 60.57
2561 60.54
2562 60.57
2563 60.54
2564 60.46
2565 60.57
2566 60.59
2567 60.60
2568 60.63
2569 60.56
2570 60.62
2571 60.54
2572 60.52
2573 60.54
2574 60.63
2575 60.61
2576 60.59
2577 60.52
2578 60.61
2579 60.58
2580 60.61
2581 60.52
2582 60.52
2583 60.63
2584 60.67
2585 60.54
2586 60.64
2587 60.57
2588 60.56
2589 60.51
2590 60.51
2591 60.54
2592 60.55
2593 60.63
2594 60.61
2595 60.58
2596 60.67
2597 60.61
2598 60.55
2599 60.56
2600 60.61
2601 60.51
2602 60.55
2603 60.51
2604 60.54
2605 60.54
2606 60.55
2607 60.50
2608 60.52
2609 60.57
2610 60.52
2611 60.59
2612 60.56
2613 60.61
2614 60.53
2615 60.60
2616 60.50
2617 60.53
2618 60.62
2619 60.52
2620 60.50
2621 60.50
2622 60.54
2623 60.61
2624 60.54
2625 60.57
2626 60.57
2627 60.58
2628 60.53
2629 60.54
2630 60.56
2631 60.64
2632 60.59
2633 60.53
2634 60.56
2635 60.53
2636 60.51
2637 60.50
2638 60.57
2639 60.55
2640 60.60
2641 60.58
2642 60.54
2643 60.61
2644 60.62
2645 60.60
2646 60.54
2647 60.55
2648 60.55
2649 60.60
2650 60.67
2651 60.61
2652 60.65
2653 60.59
2654 60.49
2655 60.58
2656 60.56
2657 60.54
2658 60.61
2659 60.56
2660 60.60
2661 60.59
2662 60.56
2663 60.58
2664 60.54
2665 60.50
2666 60.56
2667 60.58
2668 60.60
2669 60.42
2670 60.58
2671 60.58
2672 60.49
2673 60.50
2674 60.59
2675 60.54
2676 60.59
2677 60.63
2678 60.53
2679 60.59
2680 60.53
2681 60.60
2682 60.55
2683 60.59
2684 60.59
2685 60.61
2686 60.56
2687 60.63
2688 60.55
2689 60.58
2690 60.55
2691 60.60
2692 60.55
2693 60.65
2694 60.56
2695 60.52
2696 60.56
2697 60.44
2698 60.54
2699 60.54
2700 60.66
2701 60.52
2702 60.53
2703 60.56
2704 60.55
2705 60.60
2706 60.53
2707 60.61
2708 60.57
2709 60.59
2710 60.57
2711 60.59
2712 60.57
2713 60.51
2714 60.56
2715 60.62
2716 60.53
2717 60.62
2718 60.56
2719 60.53
2720 60.61
2721 60.58
2722 60.62
2723 60.52
2724 60.51
2725 60.58
2726 60.49
2727 60.55
2728 60.60
2729 60.54
2730 60.58
2731 60.50
2732 60.56
2733 60.55
2734 60.60
2735 60.63
2736 60.59
2737 60.55
2738 60.59
2739 60.54
2740 60.49
2741 60.55
2742 60.53
2743 60.59
2744 60.50
2745 60.55
2746 60.55
2747 60.64
2748 60.59
2749 60.57
2750 60.44
2751 60.48
2752 60.50
2753 60.57
2754 60.58
2755 60.61
2756 60.48
2757 60.55
2758 60.53
2759 60.51
2760 60.65
2761 60.61
2762 60.62
2763 60.60
2764 60.54
2765 60.59
2766 60.58
2767 60.52
2768 60.52
2769 60.63
2770 60.56
2771 60.56
2772 60.58
2773 60.57
2774 60.55
2775 60.64
2776 60.52
2777 60.56
2778 60.56
2779 60.56
2780 60.52
2781 60.56
2782 60.58
2783 60.65
2784 60.61
2785 60.53
2786 60.53
2787 60.58
2788 60.59
2789 60.49
2790 60.52
2791 60.59
2792 60.57
2793 60.61
2794 60.64
2795 60.66
2796 60.53
2797 60.54
2798 60.54
2799 60.57
2800 60.61
2801 60.56
2802 60.58
2803 60.58
2804 60.49
2805 60.58
2806 60.54
2807 60.59
2808 60.56
2809 60.56
2810 60.59
2811 60.58
2812 60.56
2813 60.59
2814 60.51
2815 60.59
2816 60.58
2817 60.54
2818 60.57
2819 60.62
2820 60.51
2821 60.50
2822 60.50
2823 60.62
2824 60.61
2825 60.56
2826 60.66
2827 60.59
2828 60.54
2829 60.56
2830 60.58
2831 60.63
2832 60.55
2833 60.56
2834 60.59
2835 60.57
2836 60.46
2837 60.54
2838 60.54
2839 60.65
2840 60.58
2841 60.57
2842 60.60
2843 60.47
2844 60.55
2845 60.58
2846 60.66
2847 60.59
2848 60.66
2849 60.59
2850 60.56
2851 60.58
2852 60.53
2853 60.54
2854 60.58
2855 60.59
2856 60.65
2857 60.55
2858 60.59
2859 60.57
2860 60.47
2861 60.57
2862 60.59
2863 60.55
2864 60.64
2865 60.50
2866 60.60
2867 60.55
2868 60.64
2869 60.52
2870 60.59
2871 60.58
2872 60.61
2873 60.57
2874 60.55
2875 60.57
2876 60.55
2877 60.53
2878 60.71
2879 60.57
2880 60.65
2881 60.60
2882 60.48
2883 60.63
2884 60.61
2885 60.52
2886 60.58
2887 60.61
2888 60.58
2889 60.56
2890 60.56
2891 60.63
2892 60.54
2893 60.53
2894 60.59
2895 60.63
2896 60.65
2897 60.59
2898 60.52
2899 60.60
2900 60.59
2901 60.54
2902 60.54
2903 60.56
2904 60.63
2905 60.63
2906 60.53
2907 60.60
2908 60.68
2909 60.59
2910 60.61
2911 60.54
2912 60.60
2913 60.60
2914 60.52
2915 60.59
2916 60.54
2917 60.52
2918 60.49
2919 60.59
2920 60.56
2921 60.54
2922 60.61
2923 60.57
2924 60.60
2925 60.59
2926 60.52
2927 60.52
2928 60.63
2929 60.53
2930 60.56
2931 60.57
2932 60.56
2933 60.59
2934 60.60
2935 60.51
2936 60.58
2937 60.55
2938 60.63
2939 60.63
2940 60.52
2941 60.62
2942 60.58
2943 60.55
2944 60.54
2945 60.49
2946 60.55
2947 60.58
2948 60.59
2949 60.56
2950 60.60
2951 60.54
2952 60.55
2953 60.54
2954 60.52
2955 60.58
2956 60.56
2957 60.56
2958 60.59
2959 60.52
2960 60.53
2961 60.56
2962 60.60
2963 60.56
2964 60.62
2965 60.54
2966 60.67
2967 60.59
2968 60.58
2969 60.52
2970 60.57
2971 60.63
2972 60.59
2973 60.55
2974 60.61
2975 60.58
2976 60.57
2977 60.50
2978 60.48
2979 60.56
2980 60.57
2981 60.53
2982 60.64
2983 60.61
2984 60.63
2985 60.56
2986 60.60
2987 60.56
2988 60.63
2989 60.67
2990 60.53
2991 60.60
2992 60.57
2993 60.54
2994 60.67
2995 60.60
2996 60.63
2997 60.59
2998 60.58
2999 60.63
3000 60.50
3001 60.58
3002 60.54
3003 60.56
3004 60.65
3005 60.57
3006 60.57
3007 60.69
3008 60.56
3009 60.53
3010 60.60
3011 60.56
3012 60.63
3013 60.55
3014 60.55
3015 60.59
3016 60.54
3017 60.56
3018 60.59
3019 60.60
3020 60.62
3021 60.63
3022 60.55
3023 60.63
3024 60.56
3025 60.59
3026 60.55
3027 60.48
3028 60.55
3029 60.60
3030 60.63
3031 60.60
3032 60.64
3033 60.56
3034 60.58
3035 60.53
3036 60.55
3037 60.52
3038 60.60
3039 60.54
3040 60.58
3041 60.66
3042 60.62
3043 60.56
3044 60.53
3045 60.54
3046 60.58
3047 60.63
3048 60.59
3049 60.68
3050 60.70
3051 60.61
3052 60.50
3053 60.49
3054 60.53
3055 60.68
3056 60.56
3057 60.58
3058 60.58
3059 60.61
3060 60.56
3061 60.58
3062 60.52
3063 60.58
3064 60.65
3065 60.53
3066 60.66
3067 60.62
3068 60.56
3069 60.57
3070 60.56
3071 60.49
3072 60.53
3073 60.53
3074 60.53
3075 60.56
3076 60.52
3077 60.56
3078 60.54
3079 60.55
3080 60.58
3081 60.50
3082 60.52
3083 60.63
3084 60.59
3085 60.62
3086 60.56
3087 60.56
3088 60.58
3089 60.63
3090 60.59
3091 60.61
3092 60.51
3093 60.53
3094 60.61
3095 60.58
3096 60.57
3097 60.64
3098 60.49
3099 60.56
3100 60.52
3101 60.64
3102 60.61
3103 60.59
3104 60.55
3105 60.64
3106 60.58
3107 60.58
3108 60.56
3109 60.52
3110 60.61
3111 60.59
3112 60.59
3113 60.63
3114 60.56
3115 60.52
3116 60.54
3117 60.52
3118 60.66
3119 60.61
3120 60.53
3121 60.58
3122 60.60
3123 60.58
3124 60.59
3125 60.53
3126 60.58
3127 60.58
3128 60.58
3129 60.59
3130 60.52
3131 60.56
3132 60.62
3133 60.51
3134 60.52
3135 60.56
3136 60.60
3137 60.67
3138 60.59
3139 60.57
3140 60.59
3141 60.53
3142 60.56
3143 60.58
3144 60.58
3145 60.61
3146 60.55
3147 60.55
3148 60.52
3149 60.61
3150 60.58
3151 60.58
3152 60.60
3153 60.60
3154 60.53
3155 60.56
3156 60.58
3157 60.58
3158 60.62
3159 60.64
3160 60.53
3161 60.57
3162 60.57
3163 60.57
3164 60.60
3165 60.56
3166 60.51
3167 60.56
3168 60.64
3169 60.57
3170 60.64
3171 60.49
3172 60.60
3173 60.68
3174 60.60
3175 60.54
3176 60.60
3177 60.61
3178 60.61
3179 60.50
3180 60.48
3181 60.65
3182 60.57
3183 60.58
3184 60.55
3185 60.53
3186 60.58
3187 60.51
3188 60.57
3189 60.55
3190 60.56
3191 60.59
3192 60.59
3193 60.51
3194 60.56
3195 60.52
3196 60.54
3197 60.54
3198 60.53
3199 60.59
3200 60.62
3201 60.60
3202 60.54
3203 60.50
3204 60.51
3205 60.49
3206 60.49
3207 60.62
3208 60.59
3209 60.58
3210 60.61
3211 60.52
3212 60.56
3213 60.58
3214 60.51
3215 60.52
3216 60.55
3217 60.58
3218 60.63
3219 60.53
3220 60.54
3221 60.53
3222 60.55
3223 60.57
3224 60.51
3225 60.61
3226 60.56
3227 60.51
3228 60.55
3229 60.57
3230 60.49
3231 60.52
3232 60.59
3233 60.52
3234 60.61
3235 60.59
3236 60.54
3237 60.58
3238 60.52
3239 60.50
3240 60.55
3241 60.60
3242 60.60
3243 60.58
3244 60.61
3245 60.65
3246 60.61
3247 60.53
3248 60.55
3249 60.56
3250 60.64
3251 60.58
3252 60.57
3253 60.65
3254 60.60
3255 60.48
3256 60.57
3257 60.59
3258 60.56
3259 60.58
3260 60.58
3261 60.57
3262 60.59
3263 60.57
3264 60.56
3265 60.51
3266 60.59
3267 60.52
3268 60.59
3269 60.55
3270 60.57
3271 60.53
3272 60.49
3273 60.54
3274 60.53
3275 60.59
3276 60.63
3277 60.56
3278 60.56
3279 60.53
3280 60.59
3281 60.59
3282 60.54
3283 60.56
3284 60.63
3285 60.61
3286 60.54
3287 60.60
3288 60.56
3289 60.51
3290 60.56
3291 60.61
3292 60.59
3293 60.48
3294 60.52
3295 60.55
3296 60.58
3297 60.58
3298 60.57
3299 60.57
3300 60.63
3301 60.53
3302 60.61
3303 60.50
3304 60.56
3305 60.62
3306 60.57
3307 60.63
3308 60.54
3309 60.58
3310 60.56
3311 60.49
3312 60.53
3313 60.59
3314 60.60
3315 60.57
3316 60.53
3317 60.53
3318 60.58
3319 60.57
3320 60.58
3321 60.60
3322 60.62
3323 60.55
3324 60.51
3325 60.56
3326 60.57
3327 60.56
3328 60.61
3329 60.55
3330 60.64
3331 60.55
3332 60.56
3333 60.53
3334 60.58
3335 60.59
3336 60.59
3337 60.64
3338 60.58
3339 60.57
3340 60.61
3341 60.48
3342 60.54
3343 60.55
3344 60.59
3345 60.54
3346 60.49
3347 60.54
3348 60.52
3349 60.57
3350 60.61
3351 60.63
3352 60.60
3353 60.59
3354 60.54
3355 60.55
3356 60.59
3357 60.58
3358 60.59
3359 60.58
3360 60.58
3361 60.58
3362 60.54
3363 60.52
3364 60.64
3365 60.55
3366 60.63
3367 60.57
3368 60.58
3369 60.58
3370 60.59
3371 60.58
3372 60.54
3373 60.60
3374 60.59
3375 60.59
3376 60.50
3377 60.61
3378 60.48
3379 60.56
3380 60.56
3381 60.50
3382 60.61
3383 60.50
3384 60.52
3385 60.53
3386 60.45
3387 60.58
3388 60.55
3389 60.62
3390 60.54
3391 60.55
3392 60.57
3393 60.54
3394 60.55
3395 60.58
3396 60.59
3397 60.61
3398 60.48
3399 60.58
3400 60.66
3401 60.55
3402 60.65
3403 60.61
3404 60.56
3405 60.52
3406 60.50
3407 60.56
3408 60.58
3409 60.53
3410 60.49
3411 60.52
3412 60.60
3413 60.59
3414 60.52
3415 60.60
3416 60.51
3417 60.60
3418 60.55
3419 60.59
3420 60.62
3421 60.52
3422 60.61
3423 60.57
3424 60.59
3425 60.53
3426 60.60
3427 60.60
3428 60.58
3429 60.54
3430 60.53
3431 60.54
3432 60.58
3433 60.53
3434 60.48
3435 60.58
3436 60.57
3437 60.55
3438 60.48
3439 60.55
3440 60.58
3441 60.59
3442 60.58
3443 60.63
3444 60.56
3445 60.52
3446 60.50
3447 60.56
3448 60.51
3449 60.54
3450 60.50
3451 60.54
3452 60.53
3453 60.50
3454 60.50
3455 60.58
3456 60.64
3457 60.58
3458 60.56
3459 60.55
3460 60.54
3461 60.55
3462 60.49
3463 60.59
3464 60.58
3465 60.50
3466 60.55
3467 60.54
3468 60.56
3469 60.56
3470 60.54
3471 60.65
3472 60.52
3473 60.57
3474 60.56
3475 60.59
3476 60.56
3477 60.60
3478 60.58
3479 60.57
3480 60.48
3481 60.57
3482 60.56
3483 60.56
3484 60.58
3485 60.63
3486 60.53
3487 60.54
3488 60.58
3489 60.48
3490 60.64
3491 60.52
3492 60.59
3493 60.56
3494 60.54
3495 60.55
3496 60.61
3497 60.61
3498 60.56
3499 60.60
3500 60.55
3501 60.54
3502 60.59
3503 60.63
3504 60.57
3505 60.57
3506 60.58
3507 60.55
3508 60.56
3509 60.52
3510 60.54
3511 60.63
3512 60.48
3513 60.54
3514 60.60
3515 60.62
3516 60.63
3517 60.58
3518 60.59
3519 60.61
3520 60.52
3521 60.51
3522 60.58
3523 60.57
3524 60.50
3525 60.56
3526 60.56
3527 60.53
3528 60.61
3529 60.50
3530 60.62
3531 60.48
3532 60.59
3533 60.48
3534 60.51
3535 60.53
3536 60.62
3537 60.63
3538 60.51
3539 60.49
3540 60.59
3541 60.62
3542 60.59
3543 60.56
3544 60.55
3545 60.55
3546 60.47
3547 60.56
3548 60.62
3549 60.56
3550 60.55
3551 60.61
3552 60.56
3553 60.52
3554 60.51
3555 60.61
3556 60.59
3557 60.58
3558 60.58
3559 60.56
3560 60.50
3561 60.62
3562 60.63
3563 60.46
3564 60.48
3565 60.55
3566 60.59
3567 60.50
3568 60.58
3569 60.57
3570 60.54
3571 60.50
3572 60.62
3573 60.56
3574 60.59
3575 60.57
3576 60.60
3577 60.55
3578 60.58
3579 60.60
3580 60.57
3581 60.56
3582 60.54
3583 60.58
3584 60.52
3585 60.63
3586 60.64
3587 60.61
3588 60.52
3589 60.47
3590 60.60
3591 60.61
3592 60.60
3593 60.58
3594 60.52
3595 60.54
3596 60.58
3597 60.61
3598 60.65
3599 60.58
3600 60.61
3601 60.53
3602 60.58
3603 60.55
3604 60.58
3605 60.47
3606 60.55
3607 60.51
3608 60.56
3609 60.53
3610 60.63
3611 60.56
3612 60.50
3613 60.57
3614 60.65
3615 60.57
3616 60.58
3617 60.58
3618 60.51
3619 60.56
3620 60.56
3621 60.57
3622 60.58
3623 60.44
3624 60.58
3625 60.57
3626 60.50
3627 60.67
3628 60.66
3629 60.56
3630 60.56
3631 60.58
3632 60.51
3633 60.53
3634 60.56
3635 60.54
3636 60.57
3637 60.52
3638 60.59
3639 60.54
3640 60.55
3641 60.56
3642 60.57
3643 60.57
3644 60.61
3645 60.63
3646 60.57
3647 60.63
3648 60.65
3649 60.61
3650 60.61
3651 60.50
3652 60.54
3653 60.48
3654 60.58
3655 60.61
3656 60.54
3657 60.50
3658 60.51
3659 60.58
3660 60.59
3661 60.53
3662 60.53
3663 60.51
3664 60.50
3665 60.63
3666 60.61
3667 60.67
3668 60.52
3669 60.53
3670 60.53
3671 60.57
3672 60.55
3673 60.63
3674 60.52
3675 60.54
3676 60.63
3677 60.61
3678 60.59
3679 60.56
3680 60.56
3681 60.56
3682 60.56
3683 60.54
3684 60.56
3685 60.52
3686 60.57
3687 60.56
3688 60.54
3689 60.52
3690 60.58
3691 60.62
3692 60.55
3693 60.59
3694 60.61
3695 60.58
3696 60.49
3697 60.55
3698 60.56
3699 60.51
3700 60.61
3701 60.66
3702 60.45
3703 60.54
3704 60.51
3705 60.59
3706 60.55
3707 60.53
3708 60.49
3709 60.54
3710 60.56
3711 60.57
3712 60.61
3713 60.61
3714 60.56
3715 60.54
3716 60.59
3717 60.58
3718 60.53
3719 60.52
3720 60.51
3721 60.54
3722 60.49
3723 60.56
3724 60.57
3725 60.54
3726 60.52
3727 60.56
3728 60.56
3729 60.52
3730 60.55
3731 60.60
3732 60.59
3733 60.52
3734 60.46
3735 60.50
3736 60.57
3737 60.64
3738 60.48
3739 60.61
3740 60.47
3741 60.51
3742 60.56
3743 60.56
3744 60.59
3745 60.50
3746 60.53
3747 60.58
3748 60.54
3749 60.51
3750 60.60
3751 60.55
3752 60.55
3753 60.52
3754 60.61
3755 60.58
3756 60.57
3757 60.59
3758 60.56
3759 60.55
3760 60.59
3761 60.51
3762 60.62
3763 60.57
3764 60.60
3765 60.62
3766 60.57
3767 60.62
3768 60.58
3769 60.58
3770 60.56
3771 60.52
3772 60.47
3773 60.45
3774 60.52
3775 60.61
3776 60.63
3777 60.58
3778 60.48
3779 60.60
3780 60.56
3781 60.53
3782 60.56
3783 60.59
3784 60.52
3785 60.58
3786 60.57
3787 60.62
3788 60.52
3789 60.51
3790 60.45
3791 60.55
3792 60.58
3793 60.54
3794 60.57
3795 60.48
3796 60.55
3797 60.52
3798 60.55
3799 60.50
3800 60.54
3801 60.53
3802 60.63
3803 60.52
3804 60.59
3805 60.49
3806 60.57
3807 60.58
3808 60.51
3809 60.53
3810 60.52
3811 60.57
3812 60.53
3813 60.54
3814 60.59
3815 60.50
3816 60.54
3817 60.57
3818 60.55
3819 60.56
3820 60.60
3821 60.59
3822 60.48
3823 60.49
3824 60.58
3825 60.58
3826 60.53
3827 60.57
3828 60.59
3829 60.58
3830 60.49
3831 60.57
3832 60.54
3833 60.52
3834 60.56
3835 60.56
3836 60.58
3837 60.60
3838 60.52
3839 60.58
3840 60.56
3841 60.52
3842 60.58
3843 60.57
3844 60.47
3845 60.53
3846 60.57
3847 60.52
3848 60.51
3849 60.50
3850 60.56
3851 60.58
3852 60.61
3853 60.57
3854 60.54
3855 60.57
3856 60.50
3857 60.50
3858 60.55
3859 60.57
3860 60.45
3861 60.52
3862 60.58
3863 60.51
3864 60.56
3865 60.55
3866 60.61
3867 60.53
3868 60.49
3869 60.52
3870 60.67
3871 60.54
3872 60.56
3873 60.62
3874 60.47
3875 60.57
3876 60.56
3877 60.55
3878 60.62
3879 60.57
3880 60.60
3881 60.49
3882 60.53
3883 60.56
3884 60.55
3885 60.55
3886 60.55
3887 60.53
3888 60.56
3889 60.57
3890 60.59
3891 60.54
3892 60.57
3893 60.53
3894 60.57
3895 60.56
3896 60.47
3897 60.62
3898 60.58
3899 60.60
3900 60.57
3901 60.52
3902 60.56
3903 60.54
3904 60.50
3905 60.62
3906 60.54
3907 60.52
3908 60.48
3909 60.53
3910 60.64
3911 60.59
3912 60.58
3913 60.55
3914 60.57
3915 60.50
3916 60.51
3917 60.56
3918 60.59
3919 60.53
3920 60.67
3921 60.56
3922 60.60
3923 60.52
3924 60.47
3925 60.60
3926 60.60
3927 60.56
3928 60.51
3929 60.46
3930 60.66
3931 60.58
3932 60.54
3933 60.54
3934 60.57
3935 60.51
3936 60.52
3937 60.56
3938 60.50
3939 60.56
3940 60.63
3941 60.53
3942 60.52
3943 60.58
3944 60.55
3945 60.52
3946 60.52
3947 60.61
3948 60.67
3949 60.58
3950 60.47
3951 60.51
3952 60.61
3953 60.54
3954 60.59
3955 60.61
3956 60.53
3957 60.51
3958 60.63
3959 60.63
3960 60.60
3961 60.58
3962 60.61
3963 60.50
3964 60.55
3965 60.53
3966 60.59
3967 60.58
3968 60.63
3969 60.51
3970 60.54
3971 60.54
3972 60.56
3973 60.52
3974 60.60
3975 60.52
3976 60.57
3977 60.54
3978 60.57
3979 60.55
3980 60.54
3981 60.61
3982 60.59
3983 60.51
3984 60.54
3985 60.43
3986 60.47
3987 60.53
3988 60.48
3989 60.55
3990 60.57
3991 60.55
3992 60.50
3993 60.50
3994 60.55
3995 60.58
3996 60.59
3997 60.54
3998 60.54
3999 60.48
4000 60.52
4001 60.56
4002 60.58
4003 60.62
4004 60.65
4005 60.50
4006 60.50
4007 60.55
4008 60.53
4009 60.63
4010 60.54
4011 60.59
4012 60.57
4013 60.47
4014 60.60
4015 60.54
4016 60.57
4017 60.53
4018 60.59
4019 60.62
4020 60.55
4021 60.56
4022 60.53
4023 60.60
4024 60.56
4025 60.48
4026 60.57
4027 60.54
4028 60.50
4029 60.56
4030 60.58
4031 60.58
4032 60.57
4033 60.49
4034 60.48
4035 60.44
4036 60.54
4037 60.46
4038 60.59
4039 60.54
4040 60.47
4041 60.59
4042 60.60
4043 60.53
4044 60.59
4045 60.58
4046 60.58
4047 60.56
4048 60.54
4049 60.52
4050 60.58
4051 60.58
4052 60.47
4053 60.52
4054 60.54
4055 60.55
4056 60.55
4057 60.64
4058 60.54
4059 60.54
4060 60.51
4061 60.51
4062 60.51
4063 60.60
4064 60.54
4065 60.49
4066 60.60
4067 60.51
4068 60.54
4069 60.52
4070 60.59
4071 60.58
4072 60.49
4073 60.57
4074 60.56
4075 60.55
4076 60.51
4077 60.58
4078 60.50
4079 60.55
4080 60.52
4081 60.60
4082 60.61
4083 60.45
4084 60.58
4085 60.56
4086 60.54
4087 60.51
4088 60.54
4089 60.54
4090 60.59
4091 60.56
4092 60.53
4093 60.58
4094 60.52
4095 60.58
4096 60.56
4097 60.54
4098 60.57
4099 60.55
4100 60.53
4101 60.54
4102 60.54
4103 60.54
4104 60.58
4105 60.56
4106 60.57
4107 60.49
4108 60.51
4109 60.58
4110 60.58
4111 60.52
4112 60.60
4113 60.52
4114 60.57
4115 60.53
4116 60.55
4117 60.58
4118 60.52
4119 60.50
4120 60.59
4121 60.59
4122 60.58
4123 60.50
4124 60.54
4125 60.64
4126 60.51
4127 60.50
4128 60.59
4129 60.63
4130 60.52
4131 60.60
4132 60.51
4133 60.57
4134 60.52
4135 60.54
4136 60.58
4137 60.58
4138 60.52
4139 60.53
4140 60.51
4141 60.55
4142 60.63
4143 60.58
4144 60.58
4145 60.56
4146 60.54
4147 60.48
4148 60.49
4149 60.59
4150 60.58
4151 60.59
4152 60.58
4153 60.51
4154 60.59
4155 60.58
4156 60.56
4157 60.56
4158 60.63
4159 60.59
4160 60.52
4161 60.51
4162 60.58
4163 60.60
4164 60.61
4165 60.54
4166 60.54
4167 60.55
4168 60.56
4169 60.44
4170 60.54
4171 60.58
4172 60.56
4173 60.53
4174 60.59
4175 60.55
4176 60.52
4177 60.59
4178 60.57
4179 60.56
4180 60.56
4181 60.51
4182 60.50
4183 60.60
4184 60.51
4185 60.52
4186 60.61
4187 60.60
4188 60.56
4189 60.56
4190 60.56
4191 60.52
4192 60.54
4193 60.60
4194 60.57
4195 60.59
4196 60.53
4197 60.54
4198 60.55
4199 60.57
4200 60.49
4201 60.56
4202 60.59
4203 60.64
4204 60.54
4205 60.50
4206 60.57
4207 60.51
4208 60.64
4209 60.49
4210 60.61
4211 60.51
4212 60.52
4213 60.52
4214 60.51
4215 60.54
4216 60.58
4217 60.52
4218 60.59
4219 60.59
4220 60.53
4221 60.54
4222 60.50
4223 60.53
4224 60.57
4225 60.49
4226 60.52
4227 60.58
4228 60.52
4229 60.56
4230 60.47
4231 60.46
4232 60.51
4233 60.51
4234 60.56
4235 60.55
4236 60.60
4237 60.52
4238 60.55
4239 60.52
4240 60.55
4241 60.54
4242 60.53
4243 60.60
4244 60.61
4245 60.59
4246 60.46
4247 60.64
4248 60.57
4249 60.52
4250 60.52
4251 60.54
4252 60.48
4253 60.52
4254 60.61
4255 60.58
4256 60.52
4257 60.56
4258 60.55
4259 60.54
4260 60.54
4261 60.49
4262 60.54
4263 60.52
4264 60.61
4265 60.60
4266 60.58
4267 60.56
4268 60.54
4269 60.56
4270 60.47
4271 60.49
4272 60.58
4273 60.58
4274 60.52
4275 60.52
4276 60.58
4277 60.60
4278 60.58
4279 60.52
4280 60.45
4281 60.57
4282 60.62
4283 60.53
4284 60.58
4285 60.52
4286 60.60
4287 60.52
4288 60.47
4289 60.52
4290 60.61
4291 60.59
4292 60.50
4293 60.49
4294 60.51
4295 60.64
4296 60.58
4297 60.56
4298 60.54
4299 60.62
4300 60.53
4301 60.54
4302 60.56
4303 60.67
4304 60.57
4305 60.51
4306 60.49
4307 60.47
4308 60.53
4309 60.51
4310 60.59
4311 60.57
4312 60.56
4313 60.57
4314 60.58
4315 60.57
4316 60.54
4317 60.57
4318 60.62
4319 60.53
4320 60.49
4321 60.56
4322 60.61
4323 60.56
4324 60.57
4325 60.59
4326 60.61
4327 60.56
4328 60.48
4329 60.46
4330 60.49
4331 60.56
4332 60.54
4333 60.53
4334 60.45
4335 60.59
4336 60.55
4337 60.59
4338 60.53
4339 60.58
4340 60.54
4341 60.47
4342 60.54
4343 60.54
4344 60.54
4345 60.54
4346 60.56
4347 60.56
4348 60.54
4349 60.55
4350 60.51
4351 60.50
4352 60.56
4353 60.55
4354 60.65
4355 60.62
4356 60.52
4357 60.53
4358 60.59
4359 60.52
4360 60.48
4361 60.54
4362 60.52
4363 60.52
4364 60.55
4365 60.54
4366 60.54
4367 60.61
4368 60.60
4369 60.56
4370 60.52
4371 60.63
4372 60.59
4373 60.50
4374 60.58
4375 60.52
4376 60.60
4377 60.55
4378 60.53
4379 60.46
4380 60.61
4381 60.52
4382 60.49
4383 60.52
4384 60.59
4385 60.54
4386 60.47
4387 60.58
4388 60.56
4389 60.53
4390 60.58
4391 60.51
4392 60.59
4393 60.61
4394 60.42
4395 60.53
4396 60.56
4397 60.57
4398 60.54
4399 60.58
4400 60.63
4401 60.53
4402 60.46
4403 60.53
4404 60.51
4405 60.56
4406 60.50
4407 60.59
4408 60.62
4409 60.52
4410 60.53
4411 60.54
4412 60.47
4413 60.50
4414 60.50
4415 60.50
4416 60.54
4417 60.59
4418 60.52
4419 60.56
4420 60.54
4421 60.61
4422 60.47
4423 60.58
4424 60.52
4425 60.57
4426 60.48
4427 60.54
4428 60.56
4429 60.60
4430 60.44
4431 60.62
4432 60.47
4433 60.52
4434 60.47
4435 60.57
4436 60.56
4437 60.62
4438 60.59
4439 60.55
4440 60.49
4441 60.57
4442 60.46
4443 60.53
4444 60.59
4445 60.63
4446 60.48
4447 60.47
4448 60.56
4449 60.50
4450 60.52
4451 60.54
4452 60.59
4453 60.60
4454 60.54
4455 60.53
4456 60.52
4457 60.53
4458 60.52
4459 60.59
4460 60.53
4461 60.49
4462 60.52
4463 60.48
4464 60.52
4465 60.50
4466 60.49
4467 60.56
4468 60.55
4469 60.51
4470 60.54
4471 60.52
4472 60.53
4473 60.49
4474 60.49
4475 60.59
4476 60.55
4477 60.50
4478 60.50
4479 60.47
4480 60.50
4481 60.54
4482 60.50
4483 60.53
4484 60.54
4485 60.48
4486 60.60
4487 60.52
4488 60.56
4489 60.54
4490 60.59
4491 60.54
4492 60.56
4493 60.50
4494 60.50
4495 60.48
4496 60.50
4497 60.51
4498 60.58
4499 60.58
4500 60.55
4501 60.51
4502 60.52
4503 60.50
4504 60.56
4505 60.57
4506 60.55
4507 60.54
4508 60.63
4509 60.51
4510 60.54
4511 60.53
4512 60.55
4513 60.51
4514 60.64
4515 60.55
4516 60.54
4517 60.59
4518 60.51
4519 60.58
4520 60.56
4521 60.58
4522 60.68
4523 60.53
4524 60.59
4525 60.51
4526 60.60
4527 60.57
4528 60.54
4529 60.58
4530 60.52
4531 60.56
4532 60.53
4533 60.50
4534 60.53
4535 60.47
4536 60.57
4537 60.54
4538 60.52
4539 60.53
4540 60.56
4541 60.56
4542 60.50
4543 60.48
4544 60.52
4545 60.61
4546 60.48
4547 60.52
4548 60.52
4549 60.60
4550 60.65
4551 60.49
4552 60.53
4553 60.60
4554 60.50
4555 60.56
4556 60.54
4557 60.60
4558 60.55
4559 60.51
4560 60.48
4561 60.59
4562 60.61
4563 60.50
4564 60.52
4565 60.49
4566 60.52
4567 60.53
4568 60.53
4569 60.54
4570 60.54
4571 60.53
4572 60.52
4573 60.53
4574 60.55
4575 60.51
4576 60.49
4577 60.57
4578 60.59
4579 60.53
4580 60.53
4581 60.56
4582 60.46
4583 60.61
4584 60.56
4585 60.52
4586 60.57
4587 60.48
4588 60.54
4589 60.50
4590 60.52
4591 60.47
4592 60.46
4593 60.50
4594 60.57
4595 60.49
4596 60.56
4597 60.57
4598 60.53
4599 60.55
4600 60.58
4601 60.51
4602 60.58
4603 60.52
4604 60.52
4605 60.47
4606 60.49
4607 60.52
4608 60.55
4609 60.50
4610 60.55
4611 60.51
4612 60.58
4613 60.45
4614 60.51
4615 60.53
4616 60.52
4617 60.56
4618 60.52
4619 60.46
4620 60.58
4621 60.53
4622 60.55
4623 60.59
4624 60.58
4625 60.52
4626 60.54
4627 60.59
4628 60.51
4629 60.56
4630 60.56
4631 60.56
4632 60.58
4633 60.56
4634 60.56
4635 60.53
4636 60.56
4637 60.53
4638 60.55
4639 60.59
4640 60.57
4641 60.54
4642 60.52
4643 60.63
4644 60.55
4645 60.56
4646 60.47
4647 60.58
4648 60.56
4649 60.56
4650 60.57
4651 60.61
4652 60.53
4653 60.50
4654 60.56
4655 60.56
4656 60.51
4657 60.57
4658 60.54
4659 60.56
4660 60.60
4661 60.55
4662 60.57
4663 60.47
4664 60.54
4665 60.57
4666 60.52
4667 60.52
4668 60.52
4669 60.54
4670 60.54
4671 60.60
4672 60.56
4673 60.52
4674 60.60
4675 60.51
4676 60.47
4677 60.57
4678 60.51
4679 60.56
4680 60.56
4681 60.54
4682 60.55
4683 60.48
4684 60.50
4685 60.51
4686 60.62
4687 60.61
4688 60.57
4689 60.50
4690 60.48
4691 60.52
4692 60.50
4693 60.59
4694 60.58
4695 60.52
4696 60.56
4697 60.52
4698 60.54
4699 60.54
4700 60.57
4701 60.53
4702 60.49
4703 60.53
4704 60.58
4705 60.56
4706 60.45
4707 60.57
4708 60.52
4709 60.54
4710 60.47
4711 60.54
4712 60.50
4713 60.48
4714 60.48
4715 60.53
4716 60.59
4717 60.54
4718 60.49
4719 60.55
4720 60.51
4721 60.51
4722 60.57
4723 60.58
4724 60.57
4725 60.58
4726 60.52
4727 60.49
4728 60.48
4729 60.56
4730 60.47
4731 60.59
4732 60.54
4733 60.50
4734 60.47
4735 60.56
4736 60.50
4737 60.57
4738 60.48
4739 60.50
4740 60.59
4741 60.53
4742 60.52
4743 60.55
4744 60.49
4745 60.56
4746 60.59
4747 60.54
4748 60.55
4749 60.60
4750 60.55
4751 60.51
4752 60.56
4753 60.50
4754 60.47
4755 60.59
4756 60.59
4757 60.58
4758 60.54
4759 60.51
4760 60.58
4761 60.52
4762 60.55
4763 60.60
4764 60.51
4765 60.49
4766 60.55
4767 60.67
4768 60.50
4769 60.55
4770 60.52
4771 60.50
4772 60.58
4773 60.54
4774 60.55
4775 60.58
4776 60.47
4777 60.58
4778 60.49
4779 60.56
4780 60.54
4781 60.54
4782 60.63
4783 60.46
4784 60.61
4785 60.50
4786 60.52
4787 60.53
4788 60.58
4789 60.57
4790 60.55
4791 60.50
4792 60.56
4793 60.47
4794 60.56
4795 60.57
4796 60.54
4797 60.54
4798 60.50
4799 60.48
4800 60.56
4801 60.61
4802 60.51
4803 60.61
4804 60.60
4805 60.60
4806 60.51
4807 60.50
4808 60.55
4809 60.56
4810 60.56
4811 60.54
4812 60.58
4813 60.49
4814 60.50
4815 60.48
4816 60.58
4817 60.66
4818 60.58
4819 60.51
4820 60.52
4821 60.51
4822 60.51
4823 60.55
4824 60.59
4825 60.56
4826 60.52
4827 60.61
4828 60.50
4829 60.52
4830 60.54
4831 60.57
4832 60.52
4833 60.56
4834 60.49
4835 60.54
4836 60.50
4837 60.47
4838 60.55
4839 60.48
4840 60.56
4841 60.58
4842 60.52
4843 60.58
4844 60.49
4845 60.48
4846 60.46
4847 60.46
4848 60.46
4849 60.08
4850 59.86
4851 59.48
4852 59.09
4853 58.66
4854 58.08
4855 57.59
4856 56.95
4857 56.33
4858 55.72
4859 55.12
4860 54.57
4861 54.00
4862 53.41
4863 52.80
4864 52.20
4865 51.62
4866 51.10
4867 50.61
4868 50.07
4869 49.61
4870 49.14
4871 48.63
4872 48.15
4873 47.73
4874 47.28
4875 46.84
4876 46.41
4877 45.97
4878 45.56
4879 45.14
4880 44.77
4881 44.43
4882 44.04
4883 43.65
4884 43.37
4885 43.02
4886 42.57
4887 42.35
4888 42.03
4889 41.70
4890 41.41
4891 41.05
4892 40.81
4893 40.50
4894 40.19
4895 39.91
4896 39.69
4897 39.46
4898 39.17
4899 38.90
4900 38.70
4901 38.40
4902 38.13
4903 37.88
4904 37.74
4905 37.45
4906 37.18
4907 37.01
4908 36.78
4909 36.59
4910 36.36
4911 36.21
4912 36.03
4913 35.77
4914 35.63
4915 35.44
4916 35.30
4917 35.13
4918 34.96
4919 34.85
4920 34.65
4921 34.44
4922 34.35
4923 34.18
4924 34.00
4925 33.90
4926 33.80
4927 33.58
4928 33.46
4929 33.30
4930 33.16
4931 33.06
4932 32.96
4933 32.85
4934 32.71
4935 32.55
4936 32.39
4937 32.33
4938 32.18
4939 32.09
4940 31.94
4941 31.89
4942 31.75
4943 31.63
4944 31.49
4945 31.47
4946 31.36
4947 31.25
4948 31.10
4949 31.07
4950 30.96
4951 30.86
4952 30.77
4953 30.67
4954 30.55
4955 30.50
4956 30.40
4957 30.29
4958 30.20
4959 30.16
4960 30.07
4961 29.95
4962 29.91
4963 29.78
4964 29.69
4965 29.67
4966 29.58
4967 29.53
4968 29.43
4969 29.38
4970 29.30
4971 29.25
4972 29.18
4973 29.14
4974 29.01
4975 28.98
4976 28.94
4977 28.82
4978 28.76
4979 28.70
4980 28.69
4981 28.63
4982 28.56
4983 28.55
4984 28.48
4985 28.36
4986 28.35
4987 28.26
4988 28.26
4989 28.18
4990 28.18
4991 28.11
4992 28.02
4993 28.00
4994 27.92
4995 27.86
4996 27.84
4997 27.82
4998 27.76
4999 27.71
5000 27.66
5001 27.60
5002 27.58
5003 27.52
5004 27.51
5005 27.40
5006 27.36
5007 27.33
5008 27.30
5009 27.29
5010 27.23
5011 27.24
5012 27.11
5013 27.13
5014 27.08
5015 27.00
5016 27.02
5017 26.93
5018 26.92
5019 26.94
5020 26.85
5021 26.78
5022 26.79
5023 26.73
5024 26.72
5025 26.69
5026 26.67
5027 26.65
5028 26.58
5029 26.54
5030 26.54
5031 26.48
5032 26.42
5033 26.45
5034 26.37
5035 26.36
5036 26.31
5037 26.32
5038 26.23
5039 26.25
5040 26.18
5041 26.19
5042 26.20
5043 26.11
5044 26.11
5045 26.07
5046 26.04
5047 26.01
5048 26.03
5049 26.01
5050 25.95
5051 25.90
5052 25.87
5053 25.84
5054 25.86
5055 25.82
5056 25.81
5057 25.80
5058 25.71
5059 25.68
5060 25.70
5061 25.65
5062 25.67
5063 25.61
5064 25.61
5065 25.58
5066 25.53
5067 25.52
5068 25.46
5069 25.49
5070 25.50
5071 25.47
5072 25.44
5073 25.41
5074 25.37
5075 25.39
5076 25.35
5077 25.36
5078 25.35
5079 25.30
5080 25.25
1 20.62
2 20.04
3 19.10
4 18.04
5 16.99
6 16.10
7 15.37
8 14.62
9 13.98
10 13.41
11 12.87
12 12.21
13 11.71
14 11.28
15 10.90
16 10.51
17 10.48
18 10.25
19 10.11
20 10.00
21 10.12
22 10.63
23 11.13
24 11.91
25 12.98
26 15.87
27 18.13
28 38.69
29 52.91
30 57.43
31 58.99
32 59.47
33 59.61
34 59.77
35 59.70
36 59.92
37 59.88
38 59.71
39 59.78
40 59.79
41 59.70
42 59.71
43 59.66
44 59.87
45 59.82
46 59.80
47 59.85
48 59.83
49 59.81
50 59.73
51 59.71
52 59.63
53 59.86
54 59.82
55 59.88
56 59.88
57 59.83
58 59.77
59 59.94
60 59.79
61 59.96
62 59.79
63 59.81
64 59.87
65 59.77
66 59.77
67 59.88
68 59.71
69 59.83
70 59.76
71 59.87
72 59.73
73 59.89
74 59.72
75 59.90
76 59.96
77 59.82
78 59.68
79 59.74
80 59.96
81 59.92
82 59.82
83 59.91
84 59.94
85 59.88
86 59.76
87 59.72
88 59.98
89 59.85
90 59.72
91 59.80
92 60.01
93 59.96
94 59.79
95 59.74
96 59.80
97 59.84
98 59.79
99 59.85
100 59.91
101 59.91
102 59.81
103 59.90
104 59.88
105 59.81
106 59.79
107 59.89
108 59.88
109 59.83
110 59.80
111 59.95
112 59.83
113 59.83
114 59.80
115 59.74
116 59.69
117 59.90
118 59.98
119 59.78
120 59.81
121 59.77
122 59.77
123 59.81
124 59.80
125 59.98
126 59.97
127 59.78
128 59.92
129 59.85
130 60.01
131 59.95
132 59.94
133 59.94
134 59.87
135 59.86
136 59.83
137 59.93
138 59.92
139 59.77
140 59.91
141 59.97
142 59.83
143 59.87
144 59.91
145 59.90
146 59.93
147 59.90
148 59.90
149 59.89
150 59.96
151 59.92
152 59.89
153 59.94
154 59.88
155 59.90
156 59.92
157 59.85
158 59.82
159 59.95
160 59.90
161 59.94
162 59.90
163 59.84
164 59.79
165 59.82
166 59.79
167 59.87
168 59.92
169 59.94
170 59.83
171 59.87
172 59.84
173 59.87
174 59.96
175 59.95
176 59.87
177 59.92
178 59.80
179 59.92
180 59.84
181 59.83
182 59.94
183 60.01
184 59.92
185 59.96
186 59.87
187 59.96
188 59.84
189 59.87
190 60.00
191 60.08
192 59.99
193 59.87
194 59.94
195 60.01
196 59.91
197 59.96
198 60.01
199 60.05
200 59.78
201 59.90
202 59.97
203 59.99
204 60.09
205 59.88
206 59.97
207 60.00
208 59.89
209 60.05
210 59.95
211 59.96
212 59.98
213 59.87
214 60.04
215 59.85
216 59.89
217 59.99
218 60.04
219 60.10
220 59.98
221 60.06
222 60.00
223 59.94
224 59.86
225 60.05
226 59.97
227 60.06
228 59.98
229 59.90
230 60.01
231 59.91
232 59.87
233 60.03
234 60.03
235 60.04
236 59.92
237 59.80
238 60.04
239 60.08
240 59.92
241 60.05
242 60.08
243 59.99
244 59.87
245 60.00
246 60.00
247 59.98
248 60.01
249 60.05
250 60.11
251 59.93
252 59.95
253 60.00
254 59.99
255 59.88
256 60.00
257 60.14
258 60.07
259 60.00
260 59.94
261 59.95
262 60.05
263 60.04
264 60.05
265 60.10
266 60.01
267 60.00
268 59.97
269 60.01
270 60.01
271 60.07
272 60.16
273 60.05
274 59.97
275 60.03
276 60.01
277 60.13
278 59.99
279 60.02
280 60.03
281 60.15
282 59.97
283 60.09
284 60.09
285 60.07
286 60.06
287 60.01
288 60.16
289 60.02
290 60.04
291 60.16
292 60.03
293 60.10
294 60.11
295 60.03
296 60.14
297 59.97
298 60.12
299 60.07
300 60.11
301 60.07
302 60.00
303 59.96
304 59.88
305 59.96
306 60.07
307 60.03
308 60.08
309 60.07
310 60.08
311 60.08
312 60.01
313 59.91
314 60.21
315 60.05
316 60.14
317 60.16
318 59.89
319 60.10
320 60.01
321 60.13
322 60.02
323 60.02
324 60.09
325 60.17
326 60.06
327 60.10
328 60.18
329 60.04
330 60.05
331 60.22
332 60.11
333 60.07
334 60.09
335 60.17
336 60.13
337 60.00
338 60.12
339 60.19
340 60.08
341 60.05
342 60.14
343 60.06
344 60.10
345 60.10
346 60.10
347 60.12
348 60.14
349 60.07
350 60.13
351 59.99
352 60.17
353 60.09
354 60.03
355 60.10
356 60.00
357 59.94
358 60.03
359 60.09
360 60.20
361 60.11
362 60.20
363 60.04
364 60.06
365 60.05
366 60.07
367 60.24
368 60.19
369 60.03
370 60.19
371 60.10
372 60.21
373 60.13
374 60.19
375 60.21
376 60.10
377 60.08
378 60.21
379 60.11
380 60.08
381 60.11
382 60.16
383 60.18
384 60.10
385 60.08
386 60.09
387 60.13
388 60.21
389 60.14
390 60.32
391 60.15
392 60.16
393 60.08
394 60.08
395 60.03
396 60.15
397 60.16
398 60.28
399 60.19
400 59.99
401 60.14
402 60.17
403 60.14
404 60.15
405 60.20
406 60.25
407 60.06
408 60.04
409 60.15
410 60.25
411 60.06
412 60.17
413 60.22
414 60.25
415 60.18
416 60.11
417 60.20
418 60.29
419 60.20
420 60.30
421 60.18
422 60.12
423 60.11
424 59.99
425 60.11
426 60.20
427 60.19
428 60.21
429 60.26
430 60.22
431 60.03
432 60.16
433 60.19
434 60.36
435 60.14
436 60.18
437 60.24
438 60.17
439 60.19
440 60.30
441 60.26
442 60.14
443 60.28
444 60.16
445 60.23
446 60.07
447 60.17
448 60.18
449 60.29
450 60.25
451 60.20
452 60.16
453 60.20
454 60.12
455 60.05
456 60.15
457 60.26
458 60.33
459 60.23
460 60.29
461 60.20
462 60.23
463 60.21
464 60.10
465 60.25
466 60.25
467 60.17
468 60.23
469 60.26
470 60.26
471 60.17
472 60.31
473 60.33
474 60.27
475 60.21
476 60.23
477 60.27
478 60.23
479 60.16
480 60.15
481 60.27
482 60.27
483 60.29
484 60.16
485 60.28
486 60.10
487 60.19
488 60.24
489 60.21
490 60.19
491 60.26
492 60.13
493 60.36
494 60.26
495 60.20
496 60.30
497 60.22
498 60.19
499 60.27
500 60.25
501 60.29
502 60.20
503 60.21
504 60.41
505 60.32
506 60.31
507 60.21
508 60.24
509 60.26
510 60.19
511 60.09
512 60.26
513 60.25
514 60.19
515 60.17
516 60.15
517 60.27
518 60.24
519 60.27
520 60.31
521 60.26
522 60.16
523 60.22
524 60.10
525 60.31
526 60.27
527 60.30
528 60.27
529 60.19
530 60.16
531 60.28
532 60.23
533 60.32
534 60.24
535 60.28
536 60.30
537 60.18
538 60.27
539 60.25
540 60.20
541 60.29
542 60.19
543 60.31
544 60.17
545 60.25
546 60.27
547 60.33
548 60.26
549 60.28
550 60.25
551 60.34
552 60.39
553 60.13
554 60.28
555 60.22
556 60.34
557 60.23
558 60.15
559 60.38
560 60.22
561 60.19
562 60.24
563 60.31
564 60.27
565 60.20
566 60.21
567 60.35
568 60.15
569 60.13
570 60.31
571 60.23
572 60.28
573 60.17
574 60.13
575 60.31
576 60.24
577 60.24
578 60.27
579 60.32
580 60.34
581 60.19
582 60.20
583 60.25
584 60.23
585 60.30
586 60.21
587 60.31
588 60.29
589 60.21
590 60.26
591 60.28
592 60.18
593 60.20
594 60.21
595 60.34
596 60.39
597 60.18
598 60.26
599 60.34
600 60.24
601 60.32
602 60.32
603 60.30
604 60.31
605 60.25
606 60.34
607 60.25
608 60.28
609 60.33
610 60.32
611 60.23
612 60.35
613 60.22
614 60.29
615 60.32
616 60.24
617 60.32
618 60.21
619 60.21
620 60.28
621 60.45
622 60.31
623 60.35
624 60.29
625 60.32
626 60.23
627 60.27
628 60.33
629 60.35
630 60.36
631 60.36
632 60.21
633 60.27
634 60.35
635 60.29
636 60.25
637 60.38
638 60.28
639 60.36
640 60.23
641 60.19
642 60.26
643 60.31
644 60.30
645 60.44
646 60.39
647 60.32
648 60.25
649 60.33
650 60.32
651 60.43
652 60.33
653 60.30
654 60.24
655 60.27
656 60.35
657 60.44
658 60.29
659 60.28
660 60.32
661 60.19
662 60.23
663 60.32
664 60.32
665 60.27
666 60.34
667 60.29
668 60.27
669 60.25
670 60.41
671 60.47
672 60.41
673 60.40
674 60.38
675 60.28
676 60.35
677 60.36
678 60.32
679 60.45
680 60.38
681 60.36
682 60.24
683 60.45
684 60.33
685 60.25
686 60.38
687 60.33
688 60.40
689 60.40
690 60.22
691 60.39
692 60.27
693 60.20
694 60.01
695 59.84
696 58.68
697 57.48
698 56.36
699 54.93
700 53.17
701 46.30
702 42.34
703 41.14
704 40.38
705 35.39
706 30.86
707 28.37
708 26.23
709 24.75
710 23.72
711 22.87
712 22.31
713 21.83
714 21.13
715 20.50
716 20.32
717 20.09
718 19.97
719 19.83
720 19.76
