1 24.40
2 24.31
3 24.31
4 24.28
5 24.24
6 24.16
7 24.09
8 24.09
9 24.16
10 24.05
11 23.97
12 24.00
13 23.85
14 23.83
15 23.80
16 23.81
17 23.79
18 23.80
19 23.69
20 23.74
21 23.71
22 23.56
23 23.61
24 22.85
25 22.93
26 23.81
27 23.96
28 23.81
29 29.58
30 56.24
31 70.84
32 76.13
33 78.30
34 79.06
35 79.33
36 79.48
37 79.58
38 79.57
39 79.61
40 79.59
41 79.47
42 79.43
43 79.52
44 79.39
45 79.39
46 79.42
47 79.40
48 79.42
49 79.27
50 79.31
51 79.12
52 79.19
53 79.18
54 79.12
55 79.06
56 79.18
57 79.01
58 79.00
59 78.95
60 78.82
61 78.87
62 78.75
63 78.72
64 78.70
65 78.60
66 78.62
67 78.64
68 78.50
69 78.50
70 78.46
71 78.28
72 78.27
73 78.29
74 78.27
75 78.24
76 78.08
77 78.00
78 77.99
79 77.90
80 77.89
81 77.83
82 77.83
83 77.90
84 77.86
85 77.83
86 77.79
87 77.85
88 77.78
89 77.77
90 77.78
91 77.80
92 77.76
93 77.82
94 77.73
95 77.67
96 77.75
97 77.74
98 77.67
99 77.65
100 77.68
101 77.74
102 77.68
103 77.74
104 77.81
105 77.77
106 77.70
107 77.52
108 77.70
109 77.66
110 77.70
111 77.61
112 77.70
113 77.64
114 77.70
115 77.68
116 77.56
117 77.59
118 77.70
119 77.56
120 77.55
121 77.55
122 77.70
123 77.50
124 77.61
125 77.59
126 77.64
127 77.56
128 77.50
129 77.54
130 77.64
131 77.61
132 77.60
133 77.49
134 77.55
135 77.64
136 77.58
137 77.58
138 77.60
139 77.60
140 77.61
141 77.53
142 77.54
143 77.50
144 77.67
145 77.45
146 77.60
147 77.60
148 77.48
149 77.70
150 77.64
151 77.59
152 77.62
153 77.63
154 77.46
155 77.54
156 77.49
157 77.68
158 77.58
159 77.59
160 77.60
161 77.67
162 77.45
163 77.54
164 77.46
165 77.58
166 77.55
167 77.70
168 77.67
169 77.60
170 77.45
171 77.48
172 77.66
173 77.60
174 77.61
175 77.54
176 77.53
177 77.57
178 77.62
179 77.51
180 77.67
181 77.57
182 77.75
183 77.50
184 77.60
185 77.58
186 77.53
187 77.57
188 77.66
189 77.56
190 77.65
191 77.63
192 77.45
193 77.65
194 77.65
195 77.50
196 77.50
197 77.52
198 77.63
199 77.68
200 77.70
201 77.81
202 77.47
203 77.66
204 77.57
205 77.59
206 77.63
207 77.73
208 77.78
209 77.67
210 77.66
211 77.53
212 77.58
213 77.57
214 77.55
215 77.65
216 77.68
217 77.74
218 77.70
219 77.60
220 77.64
221 77.63
222 77.77
223 77.72
224 77.79
225 77.64
226 77.67
227 77.64
228 77.63
229 77.65
230 77.74
231 77.77
232 77.70
233 77.70
234 77.78
235 77.63
236 77.66
237 77.78
238 77.67
239 77.69
240 77.74
241 77.66
242 77.78
243 77.71
244 77.80
245 77.72
246 77.72
247 77.86
248 77.76
249 77.76
250 77.78
251 77.74
252 77.66
253 77.74
254 77.77
255 77.72
256 77.80
257 77.79
258 77.70
259 77.82
260 77.91
261 77.77
262 77.80
263 77.78
264 77.82
265 77.87
266 77.75
267 77.80
268 77.93
269 77.87
270 77.77
271 77.77
272 77.89
273 77.84
274 77.95
275 77.91
276 77.90
277 77.90
278 77.89
279 77.88
280 77.77
281 77.80
282 77.97
283 77.99
284 78.00
285 78.01
286 78.00
287 77.84
288 77.97
289 77.90
290 77.95
291 78.03
292 78.01
293 78.02
294 78.01
295 77.96
296 77.93
297 77.95
298 77.95
299 77.92
300 78.02
301 77.93
302 77.90
303 78.01
304 78.00
305 78.10
306 78.05
307 77.92
308 78.02
309 77.97
310 78.02
311 77.88
312 78.00
313 78.11
314 78.00
315 78.03
316 77.94
317 78.00
318 78.02
319 78.04
320 77.96
321 78.05
322 78.08
323 78.04
324 77.92
325 78.04
326 78.05
327 78.01
328 78.05
329 78.11
330 78.08
331 77.99
332 77.93
333 78.07
334 78.03
335 78.02
336 77.95
337 78.04
338 78.22
339 78.13
340 78.08
341 78.00
342 78.05
343 78.08
344 78.13
345 78.15
346 78.16
347 78.17
348 78.13
349 78.18
350 78.00
351 78.13
352 78.26
353 78.19
354 78.15
355 78.21
356 78.26
357 78.18
358 78.23
359 78.16
360 78.25
361 78.23
362 78.14
363 78.18
364 78.36
365 78.23
366 78.20
367 78.27
368 78.14
369 78.34
370 78.24
371 78.24
372 78.26
373 78.30
374 78.40
375 78.20
376 78.16
377 78.22
378 78.37
379 78.39
380 78.22
381 78.26
382 78.35
383 78.24
384 78.31
385 78.27
386 78.38
387 78.38
388 78.22
389 78.33
390 78.25
391 78.33
392 78.25
393 78.35
394 78.34
395 78.43
396 78.37
397 78.40
398 78.21
399 78.33
400 78.32
401 78.36
402 78.44
403 78.42
404 78.39
405 78.32
406 78.21
407 78.29
408 78.33
409 78.33
410 78.48
411 78.52
412 78.45
413 78.45
414 78.36
415 78.32
416 78.32
417 78.42
418 78.54
419 78.47
420 78.37
421 78.28
422 78.35
423 78.45
424 78.47
425 78.41
426 78.48
427 78.50
428 78.54
429 78.51
430 78.41
431 78.37
432 78.41
433 78.44
434 78.56
435 78.42
436 78.47
437 78.53
438 78.43
439 78.52
440 78.47
441 78.61
442 78.49
443 78.56
444 78.64
445 78.56
446 78.52
447 78.50
448 78.52
449 78.54
450 78.45
451 78.66
452 78.57
453 78.61
454 78.55
455 78.46
456 78.46
457 78.50
458 78.51
459 78.55
460 78.60
461 78.53
462 78.54
463 78.48
464 78.55
465 78.53
466 78.57
467 78.59
468 78.61
469 78.59
470 78.47
471 78.69
472 78.50
473 78.65
474 78.50
475 78.64
476 78.62
477 78.43
478 78.58
479 78.60
480 78.69
481 78.60
482 78.67
483 78.67
484 78.50
485 78.71
486 78.62
487 78.59
488 78.66
489 78.58
490 78.67
491 78.65
492 78.63
493 78.66
494 78.61
495 78.68
496 78.63
497 78.77
498 78.74
499 78.55
500 78.72
501 78.70
502 78.66
503 78.74
504 78.64
505 78.72
506 78.56
507 78.63
508 78.64
509 78.76
510 78.73
511 78.67
512 78.58
513 78.67
514 78.59
515 78.74
516 78.76
517 78.85
518 78.72
519 78.67
520 78.61
521 78.77
522 78.70
523 78.78
524 78.61
525 78.86
526 78.84
527 78.73
528 78.65
529 78.80
530 78.81
531 78.81
532 78.80
533 78.83
534 78.82
535 78.73
536 78.72
537 78.71
538 78.75
539 78.65
540 78.84
541 78.80
542 78.84
543 78.77
544 78.73
545 78.76
546 78.90
547 78.76
548 78.69
549 78.77
550 78.84
551 78.86
552 78.76
553 78.72
554 78.87
555 78.85
556 78.85
557 78.85
558 78.87
559 78.91
560 78.74
561 78.87
562 78.87
563 78.75
564 78.86
565 78.87
566 78.84
567 78.90
568 78.90
569 78.78
570 78.77
571 78.72
572 78.74
573 78.80
574 78.90
575 78.76
576 78.95
577 78.82
578 78.73
579 78.84
580 78.80
581 78.80
582 78.92
583 78.92
584 78.92
585 78.87
586 78.90
587 78.85
588 78.90
589 78.88
590 78.90
591 78.97
592 78.92
593 78.83
594 78.83
595 78.86
596 78.84
597 78.82
598 78.93
599 78.89
600 78.91
601 79.00
602 78.97
603 78.85
604 78.83
605 78.95
606 78.83
607 78.90
608 79.05
609 78.97
610 78.99
611 79.02
612 78.92
613 78.87
614 78.89
615 78.89
616 79.01
617 78.88
618 78.90
619 79.03
620 78.80
621 79.11
622 78.94
623 78.96
624 78.95
625 78.92
626 79.07
627 78.94
628 78.86
629 79.19
630 78.92
631 78.97
632 78.95
633 78.92
634 79.02
635 78.99
636 79.07
637 78.96
638 78.92
639 79.03
640 78.93
641 78.95
642 78.96
643 78.96
644 78.91
645 79.09
646 78.95
647 79.04
648 79.02
649 78.92
650 78.97
651 78.90
652 79.08
653 79.01
654 78.95
655 79.11
656 79.07
657 79.15
658 78.97
659 78.97
660 79.00
661 79.13
662 78.94
663 78.98
664 79.03
665 79.06
666 79.13
667 79.00
668 78.95
669 78.90
670 79.03
671 78.95
672 79.05
673 79.02
674 79.22
675 79.05
676 79.00
677 79.02
678 79.02
679 79.09
680 78.92
681 78.92
682 79.03
683 79.06
684 79.10
685 79.18
686 79.00
687 79.12
688 79.10
689 79.12
690 79.02
691 79.02
692 79.00
693 79.03
694 79.00
695 78.96
696 79.03
697 79.03
698 79.04
699 79.13
700 79.07
701 79.01
702 79.13
703 79.12
704 79.07
705 79.20
706 79.18
707 79.03
708 79.10
709 79.04
710 79.02
711 79.23
712 79.03
713 79.20
714 79.12
715 78.96
716 79.10
717 79.06
718 79.06
719 79.15
720 78.98
721 79.12
722 79.09
723 79.12
724 79.21
725 79.02
726 78.95
727 79.14
728 79.15
729 79.07
730 79.01
731 79.14
732 79.10
733 79.11
734 79.08
735 79.12
736 79.03
737 79.00
738 79.09
739 79.10
740 79.19
741 79.17
742 79.28
743 79.14
744 78.99
745 79.10
746 79.21
747 79.07
748 79.14
749 79.13
750 79.25
751 79.28
752 79.10
753 79.12
754 79.14
755 79.12
756 79.14
757 79.07
758 79.13
759 79.18
760 79.13
761 79.14
762 79.21
763 79.11
764 79.08
765 79.21
766 79.18
767 79.26
768 79.16
769 79.10
770 79.24
771 79.05
772 79.12
773 79.10
774 79.22
775 79.23
776 79.26
777 79.25
778 79.17
779 79.14
780 79.23
781 79.11
782 79.23
783 79.19
784 79.13
785 79.16
786 79.25
787 79.21
788 79.17
789 79.06
790 79.12
791 79.23
792 79.17
793 79.16
794 79.24
795 79.33
796 79.15
797 79.19
798 79.20
799 79.25
800 79.23
801 79.18
802 79.20
803 79.20
804 79.20
805 79.19
806 79.16
807 79.15
808 79.35
809 79.23
810 79.25
811 79.18
812 79.33
813 79.23
814 79.15
815 79.14
816 79.27
817 79.26
818 79.28
819 79.16
820 79.31
821 79.27
822 79.19
823 79.15
824 79.14
825 79.24
826 79.32
827 79.25
828 79.39
829 79.28
830 79.20
831 79.15
832 79.14
833 79.15
834 79.30
835 79.25
836 79.27
837 79.36
838 79.35
839 79.18
840 79.29
841 79.35
842 79.23
843 79.31
844 79.23
845 79.27
846 79.25
847 79.28
848 79.18
849 79.19
850 79.26
851 79.26
852 79.20
853 79.32
854 79.22
855 79.29
856 79.25
857 79.23
858 79.24
859 79.38
860 79.19
861 79.28
862 79.28
863 79.32
864 79.29
865 79.23
866 79.25
867 79.30
868 79.38
869 79.20
870 79.33
871 79.25
872 79.30
873 79.23
874 79.11
875 79.31
876 79.27
877 79.27
878 79.34
879 79.39
880 79.32
881 79.18
882 79.28
883 79.30
884 79.34
885 79.37
886 79.32
887 79.32
888 79.26
889 79.23
890 79.20
891 79.38
892 79.46
893 79.19
894 79.34
895 79.37
896 79.26
897 79.30
898 79.34
899 79.42
900 79.35
901 79.21
902 79.43
903 79.40
904 79.25
905 79.29
906 79.31
907 79.47
908 79.31
909 79.42
910 79.39
911 79.30
912 79.34
913 79.36
914 79.34
915 79.29
916 79.40
917 79.27
918 79.48
919 79.38
920 79.27
921 79.29
922 79.34
923 79.41
924 79.37
925 79.39
926 79.42
927 79.42
928 79.40
929 79.26
930 79.37
931 79.45
932 79.38
933 79.49
934 79.44
935 79.45
936 79.46
937 79.43
938 79.36
939 79.33
940 79.35
941 79.47
942 79.40
943 79.36
944 79.40
945 79.41
946 79.36
947 79.29
948 79.33
949 79.36
950 79.38
951 79.33
952 79.40
953 79.48
954 79.50
955 79.42
956 79.38
957 79.32
958 79.36
959 79.29
960 79.26
961 79.36
962 79.45
963 79.38
964 79.29
965 79.33
966 79.38
967 79.39
968 79.38
969 79.40
970 79.43
971 79.48
972 79.43
973 79.43
974 79.43
975 79.39
976 79.35
977 79.35
978 79.40
979 79.41
980 79.52
981 79.50
982 79.35
983 79.41
984 79.49
985 79.30
986 79.40
987 79.46
988 79.49
989 79.55
990 79.41
991 79.37
992 79.48
993 79.48
994 79.34
995 79.36
996 79.33
997 79.45
998 79.40
999 79.43
1000 79.40
1001 79.52
1002 79.50
1003 79.39
1004 79.42
1005 79.45
1006 79.51
1007 79.56
1008 79.36
1009 79.47
1010 79.46
1011 79.46
1012 79.38
1013 79.38
1014 79.58
1015 79.43
1016 79.47
1017 79.50
1018 79.48
1019 79.40
1020 79.40
1021 79.34
1022 79.53
1023 79.52
1024 79.58
1025 79.51
1026 79.51
1027 79.51
1028 79.43
1029 79.53
1030 79.45
1031 79.43
1032 79.55
1033 79.40
1034 79.37
1035 79.58
1036 79.53
1037 79.56
1038 79.43
1039 79.40
1040 79.41
1041 79.54
1042 79.54
1043 79.50
1044 79.53
1045 79.52
1046 79.45
1047 79.37
1048 79.40
1049 79.46
1050 79.36
1051 79.41
1052 79.47
1053 79.54
1054 79.46
1055 79.59
1056 79.38
1057 79.38
1058 79.47
1059 79.47
1060 79.52
1061 79.47
1062 79.59
1063 79.49
1064 79.38
1065 79.47
1066 79.30
1067 79.42
1068 79.50
1069 79.62
1070 79.48
1071 79.53
1072 79.52
1073 79.42
1074 79.61
1075 79.48
1076 79.45
1077 79.48
1078 79.50
1079 79.51
1080 79.51
1081 79.50
1082 79.55
1083 79.61
1084 79.53
1085 79.48
1086 79.43
1087 79.49
1088 79.55
1089 79.47
1090 79.54
1091 79.58
1092 79.44
1093 79.48
1094 79.56
1095 79.53
1096 79.59
1097 79.48
1098 79.48
1099 79.57
1100 79.41
1101 79.55
1102 79.52
1103 79.63
1104 79.68
1105 79.55
1106 79.43
1107 79.59
1108 79.47
1109 79.40
1110 79.51
1111 79.62
1112 79.69
1113 79.58
1114 79.61
1115 79.43
1116 79.57
1117 79.57
1118 79.47
1119 79.42
1120 79.71
1121 79.59
1122 79.71
1123 79.50
1124 79.55
1125 79.63
1126 79.51
1127 79.56
1128 79.48
1129 79.47
1130 79.56
1131 79.63
1132 79.58
1133 79.63
1134 79.58
1135 79.54
1136 79.57
1137 79.53
1138 79.57
1139 79.55
1140 79.53
1141 79.60
1142 79.52
1143 79.51
1144 79.50
1145 79.53
1146 79.54
1147 79.66
1148 79.52
1149 79.63
1150 79.71
1151 79.67
1152 79.70
1153 79.52
1154 79.53
1155 79.55
1156 79.58
1157 79.66
1158 79.49
1159 79.57
1160 79.60
1161 79.65
1162 79.58
1163 79.55
1164 79.61
1165 79.56
1166 79.54
1167 79.67
1168 79.68
1169 79.63
1170 79.57
1171 79.59
1172 79.68
1173 79.60
1174 79.56
1175 79.59
1176 79.56
1177 79.60
1178 79.66
1179 79.50
1180 79.55
1181 79.62
1182 79.58
1183 79.51
1184 79.58
1185 79.52
1186 79.64
1187 79.74
1188 79.62
1189 79.57
1190 79.64
1191 79.64
1192 79.75
1193 79.59
1194 79.68
1195 79.73
1196 79.61
1197 79.73
1198 79.57
1199 79.74
1200 79.90
1201 79.65
1202 79.51
1203 79.63
1204 79.71
1205 79.84
1206 79.55
1207 79.63
1208 79.62
1209 79.70
1210 79.71
1211 79.59
1212 79.65
1213 79.56
1214 79.57
1215 79.61
1216 79.69
1217 79.76
1218 79.78
1219 79.67
1220 79.66
1221 79.71
1222 79.59
1223 79.62
1224 79.70
1225 79.56
1226 79.64
1227 79.77
1228 79.72
1229 79.65
1230 79.63
1231 79.70
1232 79.79
1233 79.61
1234 79.56
1235 79.59
1236 79.76
1237 79.68
1238 79.78
1239 79.76
1240 79.77
1241 79.76
1242 79.53
1243 79.57
1244 79.72
1245 79.60
1246 79.68
1247 79.65
1248 79.73
1249 79.70
1250 79.65
1251 79.62
1252 79.68
1253 79.69
1254 79.75
1255 79.72
1256 79.75
1257 79.76
1258 79.77
1259 79.72
1260 79.69
1261 79.65
1262 79.71
1263 79.75
1264 79.59
1265 79.69
1266 79.66
1267 79.74
1268 79.73
1269 79.75
1270 79.70
1271 79.66
1272 79.64
1273 79.70
1274 79.74
1275 79.68
1276 79.80
1277 79.84
1278 79.66
1279 79.66
1280 79.77
1281 79.73
1282 79.71
1283 79.71
1284 79.66
1285 79.69
1286 79.83
1287 79.70
1288 79.71
1289 79.79
1290 79.88
1291 79.65
1292 79.71
1293 79.66
1294 79.69
1295 79.66
1296 79.79
1297 79.76
1298 79.62
1299 79.83
1300 79.73
1301 79.68
1302 79.69
1303 79.74
1304 79.87
1305 79.76
1306 79.79
1307 79.84
1308 79.76
1309 79.84
1310 79.81
1311 79.74
1312 79.72
1313 79.60
1314 79.87
1315 79.71
1316 79.68
1317 79.71
1318 79.65
1319 79.78
1320 79.66
1321 79.78
1322 79.70
1323 79.73
1324 79.84
1325 79.88
1326 79.79
1327 79.84
1328 79.73
1329 79.69
1330 79.76
1331 79.68
1332 79.74
1333 79.77
1334 79.92
1335 79.81
1336 79.78
1337 79.74
1338 79.88
1339 79.84
1340 79.76
1341 79.74
1342 79.75
1343 79.79
1344 79.88
1345 79.84
1346 79.84
1347 79.81
1348 79.81
1349 79.79
1350 79.61
1351 79.74
1352 79.84
1353 79.88
1354 79.92
1355 79.75
1356 79.88
1357 79.83
1358 79.75
1359 79.77
1360 79.75
1361 79.82
1362 79.76
1363 79.79
1364 79.79
1365 79.85
1366 79.95
1367 79.82
1368 79.84
1369 79.83
1370 79.78
1371 79.79
1372 79.73
1373 79.87
1374 79.84
1375 79.78
1376 79.78
1377 79.76
1378 79.69
1379 79.75
1380 79.79
1381 79.78
1382 79.81
1383 79.86
1384 79.93
1385 79.90
1386 79.76
1387 79.78
1388 79.76
1389 79.74
1390 79.87
1391 79.93
1392 79.82
1393 79.89
1394 79.92
1395 79.71
1396 79.95
1397 79.82
1398 79.70
1399 79.82
1400 79.86
1401 79.78
1402 79.89
1403 79.90
1404 79.97
1405 79.92
1406 79.90
1407 79.89
1408 79.74
1409 79.76
1410 79.87
1411 79.81
1412 79.92
1413 79.81
1414 79.80
1415 80.03
1416 79.82
1417 79.83
1418 79.82
1419 79.91
1420 79.73
1421 79.75
1422 79.88
1423 79.87
1424 79.82
1425 79.80
1426 79.73
1427 79.85
1428 79.91
1429 79.84
1430 79.84
1431 79.89
1432 79.89
1433 79.84
1434 79.92
1435 79.95
1436 79.76
1437 79.87
1438 79.89
1439 79.93
1440 79.81
1441 79.80
1442 79.93
1443 79.96
1444 79.94
1445 80.01
1446 79.99
1447 79.82
1448 79.92
1449 79.97
1450 79.88
1451 79.89
1452 79.91
1453 79.84
1454 79.89
1455 79.99
1456 79.87
1457 79.89
1458 79.91
1459 79.89
1460 79.97
1461 79.90
1462 79.87
1463 79.95
1464 79.92
1465 79.89
1466 79.97
1467 79.85
1468 79.94
1469 79.97
1470 79.81
1471 80.02
1472 79.92
1473 79.85
1474 79.81
1475 79.84
1476 79.99
1477 79.97
1478 79.91
1479 79.94
1480 80.00
1481 79.87
1482 79.77
1483 79.84
1484 79.89
1485 79.99
1486 79.84
1487 79.87
1488 79.95
1489 79.92
1490 79.97
1491 79.86
1492 79.92
1493 79.97
1494 79.96
1495 79.90
1496 79.92
1497 80.01
1498 80.00
1499 79.90
1500 79.91
1501 79.92
1502 79.92
1503 79.85
1504 79.91
1505 79.96
1506 80.05
1507 80.00
1508 79.90
1509 79.86
1510 79.96
1511 79.87
1512 79.99
1513 79.98
1514 79.90
1515 80.02
1516 79.92
1517 79.87
1518 79.97
1519 79.92
1520 79.88
1521 79.96
1522 80.07
1523 80.08
1524 79.88
1525 79.93
1526 79.98
1527 79.91
1528 79.92
1529 79.91
1530 80.07
1531 80.03
1532 79.88
1533 79.86
1534 79.84
1535 79.94
1536 79.97
1537 79.91
1538 80.05
1539 79.97
1540 79.96
1541 79.97
1542 80.02
1543 80.01
1544 79.99
1545 80.02
1546 79.95
1547 79.89
1548 79.89
1549 80.12
1550 79.97
1551 80.08
1552 79.94
1553 80.03
1554 79.91
1555 79.98
1556 80.04
1557 79.98
1558 80.08
1559 79.99
1560 80.03
1561 79.95
1562 79.92
1563 79.99
1564 80.06
1565 80.07
1566 79.99
1567 79.94
1568 80.10
1569 79.92
1570 80.04
1571 79.81
1572 80.08
1573 79.98
1574 79.97
1575 79.93
1576 80.07
1577 80.12
1578 79.96
1579 79.92
1580 80.07
1581 80.05
1582 79.92
1583 79.98
1584 79.90
1585 79.94
1586 79.96
1587 79.94
1588 79.95
1589 80.02
1590 79.93
1591 79.96
1592 80.07
1593 80.02
1594 80.00
1595 80.14
1596 80.04
1597 79.93
1598 79.99
1599 79.98
1600 80.04
1601 79.99
1602 80.03
1603 80.04
1604 80.08
1605 79.96
1606 79.92
1607 80.00
1608 80.15
1609 80.03
1610 80.00
1611 80.00
1612 80.14
1613 80.01
1614 79.92
1615 80.12
1616 79.98
1617 80.10
1618 80.01
1619 80.16
1620 80.08
1621 80.01
1622 80.00
1623 79.98
1624 80.01
1625 80.06
1626 80.01
1627 80.08
1628 80.02
1629 79.97
1630 79.92
1631 80.11
1632 80.00
1633 80.07
1634 80.03
1635 80.05
1636 80.05
1637 80.17
1638 79.90
1639 80.05
1640 80.11
1641 80.02
1642 80.07
1643 80.07
1644 80.15
1645 80.01
1646 79.99
1647 79.97
1648 80.10
1649 80.08
1650 80.06
1651 80.01
1652 80.02
1653 80.12
1654 80.11
1655 80.01
1656 80.12
1657 80.09
1658 80.09
1659 79.99
1660 80.06
1661 80.16
1662 80.07
1663 80.03
1664 80.07
1665 80.13
1666 80.11
1667 80.01
1668 80.06
1669 80.23
1670 80.12
1671 80.05
1672 80.02
1673 80.18
1674 80.08
1675 80.10
1676 80.17
1677 80.11
1678 79.98
1679 80.05
1680 80.08
1681 80.06
1682 80.15
1683 80.12
1684 79.98
1685 80.13
1686 80.06
1687 80.11
1688 80.08
1689 80.11
1690 80.03
1691 80.21
1692 80.05
1693 80.18
1694 80.08
1695 80.08
1696 80.01
1697 80.08
1698 80.09
1699 80.04
1700 80.03
1701 80.07
1702 80.16
1703 80.11
1704 80.18
1705 80.10
1706 80.01
1707 80.11
1708 80.05
1709 80.06
1710 80.15
1711 80.19
1712 80.12
1713 80.24
1714 80.10
1715 80.11
1716 80.19
1717 80.06
1718 80.05
1719 80.12
1720 80.05
1721 80.20
1722 80.17
1723 80.16
1724 80.03
1725 80.14
1726 80.05
1727 80.07
1728 80.07
1729 80.00
1730 80.24
1731 80.12
1732 80.24
1733 80.16
1734 80.08
1735 80.26
1736 80.10
1737 80.19
1738 80.01
1739 80.20
1740 80.10
1741 80.15
1742 80.11
1743 80.25
1744 80.08
1745 80.07
1746 80.06
1747 80.02
1748 80.08
1749 80.12
1750 80.18
1751 80.18
1752 80.14
1753 80.22
1754 80.12
1755 79.97
1756 80.18
1757 80.19
1758 79.98
1759 80.09
1760 80.22
1761 80.18
1762 80.17
1763 80.14
1764 80.08
1765 80.13
1766 80.18
1767 80.12
1768 80.19
1769 80.16
1770 80.12
1771 80.25
1772 80.17
1773 80.04
1774 80.21
1775 80.21
1776 80.18
1777 80.05
1778 80.09
1779 80.28
1780 80.23
1781 80.18
1782 80.18
1783 80.04
1784 80.18
1785 80.05
1786 80.13
1787 80.33
1788 80.25
1789 80.28
1790 80.16
1791 80.19
1792 80.22
1793 80.11
1794 80.14
1795 80.19
1796 80.15
1797 80.26
1798 80.25
1799 80.18
1800 80.19
1801 80.24
1802 80.11
1803 80.17
1804 80.16
1805 80.24
1806 80.25
1807 80.29
1808 80.14
1809 80.28
1810 80.23
1811 80.09
1812 80.21
1813 80.19
1814 80.21
1815 80.06
1816 80.24
1817 80.23
1818 80.21
1819 80.13
1820 80.08
1821 80.28
1822 80.23
1823 80.23
1824 80.09
1825 80.09
1826 80.22
1827 80.33
1828 80.32
1829 80.16
1830 80.12
1831 80.15
1832 80.13
1833 80.18
1834 80.18
1835 80.22
1836 80.33
1837 80.21
1838 80.28
1839 80.17
1840 80.20
1841 80.15
1842 80.09
1843 80.23
1844 80.19
1845 80.29
1846 80.26
1847 80.20
1848 80.36
1849 80.30
1850 80.18
1851 80.18
1852 80.17
1853 80.30
1854 80.25
1855 80.33
1856 80.18
1857 80.40
1858 80.38
1859 80.18
1860 80.12
1861 80.26
1862 80.12
1863 80.29
1864 80.28
1865 80.21
1866 80.22
1867 80.26
1868 80.32
1869 80.28
1870 80.20
1871 80.09
1872 80.25
1873 80.21
1874 80.15
1875 80.25
1876 80.21
1877 80.23
1878 80.28
1879 80.25
1880 80.19
1881 80.29
1882 80.27
1883 80.19
1884 80.26
1885 80.28
1886 80.23
1887 80.19
1888 80.21
1889 80.09
1890 80.25
1891 80.15
1892 80.23
1893 80.27
1894 80.29
1895 80.24
1896 80.16
1897 80.11
1898 80.23
1899 80.41
1900 80.31
1901 80.31
1902 80.20
1903 80.15
1904 80.11
1905 80.26
1906 80.25
1907 80.30
1908 80.36
1909 80.24
1910 80.22
1911 80.28
1912 80.20
1913 80.35
1914 80.30
1915 80.28
1916 80.27
1917 80.25
1918 80.14
1919 80.29
1920 80.32
1921 80.39
1922 80.38
1923 80.38
1924 80.35
1925 80.20
1926 80.19
1927 80.26
1928 80.36
1929 80.39
1930 80.39
1931 80.30
1932 80.27
1933 80.26
1934 80.23
1935 80.35
1936 80.31
1937 80.32
1938 80.38
1939 80.33
1940 80.24
1941 80.34
1942 80.29
1943 80.28
1944 80.39
1945 80.26
1946 80.23
1947 80.26
1948 80.41
1949 80.28
1950 80.25
1951 80.31
1952 80.32
1953 80.32
1954 80.41
1955 80.31
1956 80.41
1957 80.30
1958 80.31
1959 80.18
1960 80.15
1961 80.33
1962 80.35
1963 80.25
1964 80.36
1965 80.34
1966 80.28
1967 80.16
1968 80.22
1969 80.32
1970 80.36
1971 80.31
1972 80.21
1973 80.28
1974 80.36
1975 80.37
1976 80.33
1977 80.28
1978 80.25
1979 80.38
1980 80.19
1981 80.21
1982 80.34
1983 80.42
1984 80.29
1985 80.25
1986 80.27
1987 80.34
1988 80.23
1989 80.27
1990 80.30
1991 80.32
1992 80.39
1993 80.46
1994 80.27
1995 80.23
1996 80.33
1997 80.13
1998 80.30
1999 80.30
2000 80.28
2001 80.41
2002 80.36
2003 80.36
2004 80.33
2005 80.33
2006 80.29
2007 80.35
2008 80.29
2009 80.40
2010 80.28
2011 80.32
2012 80.26
2013 80.32
2014 80.44
2015 80.19
2016 80.23
2017 80.33
2018 80.32
2019 80.41
2020 80.41
2021 80.40
2022 80.30
2023 80.36
2024 80.32
2025 80.21
2026 80.25
2027 80.26
2028 80.23
2029 80.36
2030 80.40
2031 80.49
2032 80.34
2033 80.36
2034 80.34
2035 80.28
2036 80.33
2037 80.41
2038 80.25
2039 80.37
2040 80.36
2041 80.38
2042 80.29
2043 80.33
2044 80.33
2045 80.46
2046 80.34
2047 80.37
2048 80.44
2049 80.35
2050 80.32
2051 80.15
2052 80.32
2053 80.43
2054 80.35
2055 80.32
2056 80.38
2057 80.43
2058 80.43
2059 80.32
2060 80.33
2061 80.38
2062 80.24
2063 80.28
2064 80.38
2065 80.38
2066 80.63
2067 80.38
2068 80.32
2069 80.29
2070 80.32
2071 80.33
2072 80.42
2073 80.49
2074 80.38
2075 80.46
2076 80.23
2077 80.45
2078 80.35
2079 80.33
2080 80.37
2081 80.35
2082 80.41
2083 80.57
2084 80.34
2085 80.34
2086 80.33
2087 80.39
2088 80.24
2089 80.39
2090 80.49
2091 80.43
2092 80.39
2093 80.34
2094 80.39
2095 80.49
2096 80.36
2097 80.28
2098 80.48
2099 80.44
2100 80.43
2101 80.29
2102 80.33
2103 80.42
2104 80.38
2105 80.46
2106 80.44
2107 80.49
2108 80.45
2109 80.43
2110 80.29
2111 80.35
2112 80.41
2113 80.41
2114 80.46
2115 80.46
2116 80.43
2117 80.36
2118 80.44
2119 80.43
2120 80.40
2121 80.40
2122 80.45
2123 80.52
2124 80.49
2125 80.35
2126 80.48
2127 80.30
2128 80.41
2129 80.35
2130 80.32
2131 80.34
2132 80.47
2133 80.48
2134 80.43
2135 80.31
2136 80.44
2137 80.39
2138 80.45
2139 80.30
2140 80.43
2141 80.47
2142 80.59
2143 80.41
2144 80.43
2145 80.46
2146 80.39
2147 80.49
2148 80.41
2149 80.36
2150 80.33
2151 80.48
2152 80.38
2153 80.45
2154 80.48
2155 80.38
2156 80.43
2157 80.52
2158 80.47
2159 80.39
2160 80.47
2161 80.51
2162 80.45
2163 80.42
2164 80.46
2165 80.43
2166 80.48
2167 80.43
2168 80.49
2169 80.52
2170 80.35
2171 80.36
2172 80.40
2173 80.43
2174 80.50
2175 80.47
2176 80.30
2177 80.36
2178 80.32
2179 80.35
2180 80.42
2181 80.46
2182 80.47
2183 80.46
2184 80.36
2185 80.56
2186 80.45
2187 80.38
2188 80.42
2189 80.58
2190 80.48
2191 80.46
2192 80.41
2193 80.54
2194 80.35
2195 80.49
2196 80.32
2197 80.43
2198 80.50
2199 80.60
2200 80.54
2201 80.49
2202 80.55
2203 80.39
2204 80.40
2205 80.55
2206 80.41
2207 80.37
2208 80.43
2209 80.47
2210 80.47
2211 80.40
2212 80.48
2213 80.48
2214 80.49
2215 80.45
2216 80.49
2217 80.62
2218 80.56
2219 80.45
2220 80.51
2221 80.62
2222 80.40
2223 80.44
2224 80.49
2225 80.54
2226 80.56
2227 80.41
2228 80.50
2229 80.48
2230 80.45
2231 80.43
2232 80.49
2233 80.45
2234 80.60
2235 80.56
2236 80.59
2237 80.54
2238 80.48
2239 80.45
2240 80.44
2241 80.50
2242 80.55
2243 80.52
2244 80.54
2245 80.46
2246 80.58
2247 80.39
2248 80.50
2249 80.31
2250 80.55
2251 80.50
2252 80.38
2253 80.54
2254 80.61
2255 80.48
2256 80.51
2257 80.47
2258 80.41
2259 80.44
2260 80.45
2261 80.46
2262 80.59
2263 80.64
2264 80.56
2265 80.48
2266 80.48
2267 80.54
2268 80.55
2269 80.38
2270 80.47
2271 80.59
2272 80.54
2273 80.57
2274 80.51
2275 80.63
2276 80.51
2277 80.46
2278 80.49
2279 80.62
2280 80.54
2281 80.49
2282 80.53
2283 80.51
2284 80.67
2285 80.58
2286 80.59
2287 80.53
2288 80.53
2289 80.44
2290 80.41
2291 80.46
2292 80.59
2293 80.46
2294 80.50
2295 80.66
2296 80.58
2297 80.41
2298 80.41
2299 80.51
2300 80.55
2301 80.48
2302 80.48
2303 80.47
2304 80.63
2305 80.42
2306 80.35
2307 80.47
2308 80.64
2309 80.62
2310 80.51
2311 80.40
2312 80.69
2313 80.52
2314 80.44
2315 80.54
2316 80.50
2317 80.50
2318 80.51
2319 80.53
2320 80.59
2321 80.57
2322 80.48
2323 80.51
2324 80.54
2325 80.46
2326 80.47
2327 80.56
2328 80.46
2329 80.64
2330 80.51
2331 80.55
2332 80.64
2333 80.54
2334 80.54
2335 80.68
2336 80.55
2337 80.51
2338 80.48
2339 80.56
2340 80.62
2341 80.46
2342 80.59
2343 80.64
2344 80.63
2345 80.53
2346 80.51
2347 80.54
2348 80.64
2349 80.58
2350 80.58
2351 80.48
2352 80.50
2353 80.46
2354 80.54
2355 80.57
2356 80.46
2357 80.63
2358 80.51
2359 80.60
2360 80.56
2361 80.53
2362 80.49
2363 80.58
2364 80.53
2365 80.59
2366 80.54
2367 80.59
2368 80.54
2369 80.59
2370 80.55
2371 80.58
2372 80.51
2373 80.42
2374 80.56
2375 80.37
2376 80.56
2377 80.55
2378 80.55
2379 80.57
2380 80.59
2381 80.51
2382 80.60
2383 80.59
2384 80.51
2385 80.56
2386 80.53
2387 80.62
2388 80.61
2389 80.45
2390 80.48
2391 80.50
2392 80.48
2393 80.61
2394 80.60
2395 80.52
2396 80.52
2397 80.48
2398 80.49
2399 80.55
2400 80.64
2401 80.57
2402 80.54
2403 80.53
2404 80.51
2405 80.60
2406 80.67
2407 80.58
2408 80.51
2409 80.76
2410 80.63
2411 80.45
2412 80.55
2413 80.54
2414 80.66
2415 80.59
2416 80.62
2417 80.62
2418 80.50
2419 80.56
2420 80.53
2421 80.60
2422 80.71
2423 80.70
2424 80.56
2425 80.46
2426 80.53
2427 80.57
2428 80.65
2429 80.62
2430 80.60
2431 80.51
2432 80.55
2433 80.41
2434 80.48
2435 80.62
2436 80.64
2437 80.57
2438 80.60
2439 80.47
2440 80.61
2441 80.58
2442 80.67
2443 80.60
2444 80.69
2445 80.49
2446 80.49
2447 80.56
2448 80.54
2449 80.66
2450 80.65
2451 80.67
2452 80.66
2453 80.62
2454 80.54
2455 80.55
2456 80.51
2457 80.57
2458 80.59
2459 80.51
2460 80.59
2461 80.62
2462 80.61
2463 80.62
2464 80.57
2465 80.76
2466 80.53
2467 80.66
2468 80.71
2469 80.64
2470 80.59
2471 80.57
2472 80.55
2473 80.72
2474 80.51
2475 80.59
2476 80.63
2477 80.64
2478 80.59
2479 80.57
2480 80.69
2481 80.56
2482 80.55
2483 80.65
2484 80.67
2485 80.69
2486 80.58
2487 80.61
2488 80.60
2489 80.57
2490 80.56
2491 80.59
2492 80.59
2493 80.75
2494 80.54
2495 80.65
2496 80.72
2497 80.69
2498 80.51
2499 80.67
2500 80.68
2501 80.61
2502 80.67
2503 80.72
2504 80.64
2505 80.66
2506 80.61
2507 80.54
2508 80.67
2509 80.60
2510 80.71
2511 80.59
2512 80.58
2513 80.63
2514 80.64
2515 80.56
2516 80.76
2517 80.65
2518 80.62
2519 80.67
2520 80.49
2521 80.64
2522 80.69
2523 80.59
2524 80.67
2525 80.73
2526 80.67
2527 80.62
2528 80.65
2529 80.69
2530 80.56
2531 80.62
2532 80.72
2533 80.56
2534 80.57
2535 80.62
2536 80.63
2537 80.71
2538 80.64
2539 80.62
2540 80.72
2541 80.49
2542 80.67
2543 80.62
2544 80.67
2545 80.73
2546 80.60
2547 80.43
2548 80.64
2549 80.59
2550 80.63
2551 80.59
2552 80.60
2553 80.56
2554 80.63
2555 80.67
2556 80.65
2557 80.68
2558 80.60
2559 80.68
2560 80.74
2561 80.60
2562 80.60
2563 80.78
2564 80.70
2565 80.64
2566 80.71
2567 80.64
2568 80.59
2569 80.65
2570 80.66
2571 80.70
2572 80.54
2573 80.53
2574 80.66
2575 80.62
2576 80.66
2577 80.62
2578 80.66
2579 80.55
2580 80.67
2581 80.66
2582 80.59
2583 80.58
2584 80.74
2585 80.73
2586 80.59
2587 80.61
2588 80.70
2589 80.69
2590 80.59
2591 80.64
2592 80.83
2593 80.73
2594 80.64
2595 80.59
2596 80.77
2597 80.71
2598 80.68
2599 80.81
2600 80.74
2601 80.60
2602 80.60
2603 80.53
2604 80.66
2605 80.72
2606 80.63
2607 80.77
2608 80.68
2609 80.64
2610 80.69
2611 80.57
2612 80.73
2613 80.78
2614 80.64
2615 80.65
2616 80.62
2617 80.64
2618 80.60
2619 80.71
2620 80.67
2621 80.67
2622 80.69
2623 80.65
2624 80.68
2625 80.65
2626 80.62
2627 80.59
2628 80.75
2629 80.75
2630 80.60
2631 80.78
2632 80.65
2633 80.66
2634 80.60
2635 80.83
2636 80.81
2637 80.76
2638 80.66
2639 80.69
2640 80.73
2641 80.56
2642 80.71
2643 80.74
2644 80.69
2645 80.74
2646 80.60
2647 80.69
2648 80.72
2649 80.75
2650 80.62
2651 80.78
2652 80.65
2653 80.79
2654 80.70
2655 80.62
2656 80.76
2657 80.65
2658 80.71
2659 80.62
2660 80.75
2661 80.75
2662 80.75
2663 80.61
2664 80.84
2665 80.81
2666 80.54
2667 80.61
2668 80.72
2669 80.74
2670 80.69
2671 80.72
2672 80.83
2673 80.78
2674 80.65
2675 80.59
2676 80.65
2677 80.69
2678 80.69
2679 80.68
2680 80.70
2681 80.70
2682 80.64
2683 80.65
2684 80.70
2685 80.61
2686 80.71
2687 80.76
2688 80.79
2689 80.64
2690 80.75
2691 80.66
2692 80.66
2693 80.68
2694 80.72
2695 80.73
2696 80.62
2697 80.78
2698 80.69
2699 80.75
2700 80.68
2701 80.72
2702 80.68
2703 80.75
2704 80.66
2705 80.72
2706 80.72
2707 80.58
2708 80.72
2709 80.75
2710 80.72
2711 80.64
2712 80.62
2713 80.60
2714 80.58
2715 80.77
2716 80.78
2717 80.83
2718 80.78
2719 80.67
2720 80.72
2721 80.62
2722 80.59
2723 80.64
2724 80.77
2725 80.85
2726 80.59
2727 80.66
2728 80.75
2729 80.68
2730 80.69
2731 80.71
2732 80.88
2733 80.65
2734 80.73
2735 80.78
2736 80.71
2737 80.78
2738 80.75
2739 80.78
2740 80.80
2741 80.56
2742 80.69
2743 80.80
2744 80.69
2745 80.74
2746 80.85
2747 80.80
2748 80.69
2749 80.71
2750 80.59
2751 80.60
2752 80.69
2753 80.80
2754 80.89
2755 80.80
2756 80.77
2757 80.77
2758 80.75
2759 80.65
2760 80.75
2761 80.77
2762 80.82
2763 80.75
2764 80.80
2765 80.62
2766 80.72
2767 80.77
2768 80.76
2769 80.66
2770 80.76
2771 80.80
2772 80.80
2773 80.59
2774 80.69
2775 80.80
2776 80.75
2777 80.86
2778 80.73
2779 80.62
2780 80.72
2781 80.73
2782 80.75
2783 80.77
2784 80.72
2785 80.80
2786 80.70
2787 80.77
2788 80.84
2789 80.77
2790 80.80
2791 80.72
2792 80.73
2793 80.74
2794 80.89
2795 80.72
2796 80.80
2797 80.84
2798 80.58
2799 80.66
2800 80.71
2801 80.72
2802 80.85
2803 80.80
2804 80.79
2805 80.76
2806 80.84
2807 80.64
2808 80.78
2809 80.76
2810 80.85
2811 80.90
2812 80.80
2813 80.87
2814 80.82
2815 80.68
2816 80.76
2817 80.77
2818 80.80
2819 80.83
2820 80.72
2821 80.83
2822 80.70
2823 80.70
2824 80.71
2825 80.72
2826 80.72
2827 80.80
2828 80.83
2829 80.83
2830 80.70
2831 80.80
2832 80.72
2833 80.80
2834 80.79
2835 80.74
2836 80.69
2837 80.75
2838 80.70
2839 80.70
2840 80.80
2841 80.82
2842 80.72
2843 80.61
2844 80.76
2845 80.75
2846 80.81
2847 80.73
2848 80.75
2849 80.78
2850 80.69
2851 80.64
2852 80.85
2853 80.65
2854 80.64
2855 80.76
2856 80.80
2857 80.88
2858 80.60
2859 80.71
2860 80.78
2861 80.83
2862 80.77
2863 80.82
2864 80.74
2865 80.72
2866 80.71
2867 80.68
2868 80.80
2869 80.80
2870 80.67
2871 80.74
2872 80.83
2873 80.74
2874 80.72
2875 80.65
2876 80.77
2877 80.87
2878 80.75
2879 80.83
2880 80.86
2881 80.79
2882 80.77
2883 80.75
2884 80.74
2885 80.80
2886 80.81
2887 80.72
2888 80.77
2889 80.83
2890 80.73
2891 80.63
2892 80.81
2893 80.88
2894 80.69
2895 80.83
2896 80.88
2897 80.83
2898 80.85
2899 80.71
2900 80.80
2901 80.88
2902 80.76
2903 80.79
2904 80.77
2905 80.90
2906 80.72
2907 80.74
2908 80.76
2909 80.70
2910 80.88
2911 80.73
2912 80.92
2913 80.83
2914 80.66
2915 80.70
2916 80.79
2917 80.86
2918 80.78
2919 80.80
2920 80.84
2921 80.72
2922 80.75
2923 80.81
2924 80.74
2925 80.73
2926 80.85
2927 80.78
2928 80.70
2929 80.71
2930 80.74
2931 80.81
2932 80.80
2933 80.70
2934 80.89
2935 80.83
2936 80.88
2937 80.93
2938 80.69
2939 80.67
2940 80.72
2941 80.89
2942 80.94
2943 80.97
2944 80.87
2945 80.80
2946 80.89
2947 80.78
2948 80.71
2949 80.77
2950 80.75
2951 80.92
2952 80.72
2953 80.76
2954 80.87
2955 80.76
2956 80.81
2957 80.62
2958 80.64
2959 80.79
2960 80.80
2961 80.67
2962 80.88
2963 80.80
2964 80.76
2965 80.83
2966 80.77
2967 80.75
2968 80.65
2969 80.70
2970 80.73
2971 80.87
2972 80.86
2973 80.80
2974 80.75
2975 80.71
2976 80.70
2977 80.81
2978 80.72
2979 80.72
2980 80.72
2981 80.90
2982 80.88
2983 80.76
2984 80.77
2985 80.88
2986 80.72
2987 80.76
2988 80.61
2989 80.76
2990 80.88
2991 80.80
2992 80.64
2993 80.88
2994 80.77
2995 80.78
2996 80.75
2997 80.83
2998 80.85
2999 80.67
3000 80.80
3001 80.78
3002 80.74
3003 80.96
3004 80.86
3005 80.74
3006 80.83
3007 80.85
3008 80.86
3009 80.69
3010 80.71
3011 80.80
3012 80.81
3013 80.79
3014 80.93
3015 80.89
3016 80.75
3017 80.75
3018 80.81
3019 80.81
3020 80.76
3021 80.80
3022 80.83
3023 80.83
3024 80.76
3025 80.68
3026 80.81
3027 80.80
3028 80.72
3029 80.75
3030 80.97
3031 80.87
3032 80.85
3033 80.92
3034 80.80
3035 80.86
3036 80.75
3037 80.75
3038 80.85
3039 80.77
3040 80.82
3041 80.88
3042 80.83
3043 80.84
3044 80.94
3045 80.75
3046 80.73
3047 80.74
3048 80.83
3049 80.80
3050 80.78
3051 80.73
3052 80.80
3053 80.89
3054 80.85
3055 80.78
3056 80.75
3057 80.74
3058 80.79
3059 80.72
3060 80.81
3061 80.86
3062 80.90
3063 80.85
3064 80.92
3065 80.67
3066 80.72
3067 80.86
3068 80.80
3069 80.75
3070 80.71
3071 80.77
3072 80.84
3073 80.77
3074 80.83
3075 80.88
3076 80.80
3077 80.80
3078 80.70
3079 80.76
3080 80.72
3081 80.90
3082 81.01
3083 80.93
3084 80.80
3085 80.89
3086 80.88
3087 80.85
3088 80.73
3089 80.83
3090 80.77
3091 80.84
3092 80.86
3093 80.78
3094 80.83
3095 80.83
3096 80.85
3097 80.85
3098 80.79
3099 80.81
3100 80.83
3101 80.87
3102 80.90
3103 80.93
3104 80.87
3105 80.80
3106 80.81
3107 80.74
3108 80.85
3109 80.81
3110 80.76
3111 80.85
3112 80.85
3113 80.79
3114 80.84
3115 80.89
3116 80.77
3117 80.90
3118 80.82
3119 80.85
3120 80.75
3121 80.85
3122 80.77
3123 80.70
3124 80.81
3125 80.85
3126 80.88
3127 80.86
3128 80.87
3129 80.87
3130 80.96
3131 80.73
3132 80.75
3133 80.83
3134 80.88
3135 80.84
3136 80.72
3137 80.80
3138 80.89
3139 80.98
3140 80.92
3141 80.85
3142 80.92
3143 80.88
3144 80.83
3145 80.77
3146 80.72
3147 80.86
3148 80.84
3149 80.75
3150 80.77
3151 80.77
3152 80.89
3153 80.92
3154 80.80
3155 80.80
3156 80.87
3157 80.75
3158 80.81
3159 80.80
3160 80.86
3161 80.84
3162 80.90
3163 80.99
3164 80.81
3165 80.80
3166 80.83
3167 80.85
3168 80.90
3169 80.90
3170 80.82
3171 80.88
3172 80.83
3173 80.81
3174 80.93
3175 80.85
3176 80.87
3177 80.75
3178 80.83
3179 80.85
3180 80.88
3181 80.84
3182 80.90
3183 80.78
3184 80.83
3185 80.77
3186 80.72
3187 80.76
3188 80.91
3189 80.80
3190 80.90
3191 80.90
3192 80.85
3193 80.95
3194 80.79
3195 80.82
3196 80.74
3197 80.83
3198 80.87
3199 80.90
3200 80.90
3201 80.90
3202 80.81
3203 81.00
3204 80.79
3205 80.80
3206 80.96
3207 80.83
3208 80.90
3209 80.80
3210 80.97
3211 80.84
3212 80.85
3213 80.74
3214 80.96
3215 80.88
3216 80.80
3217 80.87
3218 80.85
3219 80.90
3220 80.73
3221 80.86
3222 80.81
3223 80.85
3224 80.85
3225 80.85
3226 80.90
3227 80.90
3228 80.92
3229 80.70
3230 80.86
3231 80.80
3232 80.74
3233 80.82
3234 80.90
3235 80.89
3236 80.93
3237 80.84
3238 80.79
3239 80.81
3240 80.87
3241 80.80
3242 80.80
3243 80.93
3244 80.99
3245 80.88
3246 80.81
3247 80.82
3248 80.84
3249 80.91
3250 80.85
3251 80.87
3252 80.86
3253 80.83
3254 80.91
3255 80.93
3256 81.00
3257 80.88
3258 80.79
3259 80.78
3260 80.86
3261 80.93
3262 80.91
3263 80.85
3264 80.76
3265 80.90
3266 80.84
3267 80.79
3268 80.93
3269 80.79
3270 80.89
3271 80.91
3272 80.87
3273 80.91
3274 80.80
3275 80.82
3276 80.88
3277 80.88
3278 80.90
3279 80.90
3280 80.91
3281 80.88
3282 80.76
3283 80.94
3284 80.80
3285 80.99
3286 80.87
3287 80.98
3288 80.85
3289 80.83
3290 81.00
3291 80.94
3292 80.89
3293 80.79
3294 80.85
3295 80.93
3296 80.88
3297 80.87
3298 80.90
3299 80.96
3300 80.91
3301 80.81
3302 80.87
3303 80.86
3304 80.92
3305 80.99
3306 80.81
3307 80.94
3308 80.95
3309 80.82
3310 80.80
3311 80.90
3312 80.79
3313 81.00
3314 80.94
3315 80.78
3316 80.96
3317 80.98
3318 80.80
3319 80.83
3320 80.90
3321 80.81
3322 80.76
3323 80.84
3324 80.89
3325 80.91
3326 80.85
3327 80.78
3328 80.82
3329 80.85
3330 80.77
3331 80.83
3332 80.83
3333 80.96
3334 80.91
3335 80.90
3336 80.86
3337 80.73
3338 80.86
3339 80.79
3340 80.78
3341 80.86
3342 80.88
3343 80.88
3344 81.00
3345 80.80
3346 80.79
3347 80.96
3348 80.75
3349 80.84
3350 80.95
3351 81.00
3352 80.94
3353 81.00
3354 80.85
3355 80.86
3356 80.93
3357 80.88
3358 81.04
3359 80.91
3360 80.96
3361 80.91
3362 80.83
3363 80.91
3364 80.93
3365 80.89
3366 80.76
3367 80.88
3368 80.93
3369 80.89
3370 80.93
3371 81.05
3372 80.87
3373 80.87
3374 80.90
3375 80.84
3376 80.80
3377 80.90
3378 81.01
3379 80.95
3380 80.84
3381 80.93
3382 80.93
3383 80.82
3384 80.81
3385 80.82
3386 80.77
3387 80.95
3388 80.87
3389 80.91
3390 80.97
3391 80.90
3392 80.89
3393 80.86
3394 80.75
3395 80.82
3396 80.97
3397 80.85
3398 80.86
3399 80.95
3400 80.97
3401 80.76
3402 80.88
3403 80.92
3404 80.93
3405 80.95
3406 80.98
3407 80.77
3408 80.88
3409 80.89
3410 80.88
3411 80.82
3412 80.88
3413 80.94
3414 80.93
3415 80.84
3416 80.86
3417 80.88
3418 81.03
3419 80.92
3420 80.92
3421 81.01
3422 80.93
3423 80.95
3424 80.95
3425 80.86
3426 80.84
3427 80.86
3428 80.84
3429 80.91
3430 80.93
3431 80.95
3432 80.83
3433 80.95
3434 80.99
3435 80.88
3436 80.87
3437 80.80
3438 80.94
3439 80.91
3440 80.90
3441 80.99
3442 81.08
3443 80.91
3444 80.90
3445 80.93
3446 80.83
3447 80.95
3448 80.88
3449 80.96
3450 80.92
3451 80.90
3452 80.95
3453 80.92
3454 81.04
3455 80.86
3456 80.86
3457 80.91
3458 80.96
3459 81.01
3460 80.88
3461 80.90
3462 80.84
3463 80.86
3464 80.84
3465 81.01
3466 80.94
3467 80.91
3468 80.85
3469 80.79
3470 80.98
3471 80.94
3472 80.89
3473 80.95
3474 80.90
3475 80.95
3476 81.02
3477 80.85
3478 80.97
3479 80.86
3480 80.90
3481 80.94
3482 80.96
3483 80.86
3484 80.86
3485 80.89
3486 80.92
3487 80.93
3488 80.94
3489 80.95
3490 81.00
3491 81.01
3492 80.75
3493 80.93
3494 80.85
3495 80.89
3496 80.96
3497 80.96
3498 80.91
3499 80.92
3500 80.90
3501 80.90
3502 81.06
3503 80.99
3504 80.90
3505 80.88
3506 80.92
3507 80.97
3508 80.87
3509 80.81
3510 80.98
3511 80.93
3512 80.93
3513 80.93
3514 80.98
3515 81.00
3516 80.93
3517 80.75
3518 81.01
3519 80.96
3520 80.98
3521 81.04
3522 80.94
3523 80.93
3524 80.89
3525 80.87
3526 80.75
3527 80.90
3528 80.95
3529 81.05
3530 81.10
3531 80.87
3532 80.96
3533 80.99
3534 80.94
3535 81.06
3536 81.04
3537 81.02
3538 80.96
3539 80.86
3540 80.89
3541 81.00
3542 80.99
3543 81.02
3544 80.90
3545 81.04
3546 80.88
3547 80.96
3548 80.90
3549 81.04
3550 80.98
3551 80.84
3552 80.87
3553 80.97
3554 80.98
3555 80.83
3556 81.01
3557 81.00
3558 81.13
3559 80.94
3560 80.90
3561 81.04
3562 80.97
3563 80.94
3564 81.02
3565 80.92
3566 80.94
3567 80.94
3568 80.88
3569 80.92
3570 81.00
3571 80.86
3572 80.95
3573 80.98
3574 80.97
3575 80.97
3576 80.89
3577 80.86
3578 80.89
3579 80.87
3580 80.95
3581 80.97
3582 80.94
3583 81.08
3584 80.92
3585 80.78
3586 80.94
3587 80.94
3588 80.96
3589 80.95
3590 81.11
3591 80.98
3592 80.94
3593 80.90
3594 80.86
3595 80.96
3596 80.96
3597 81.07
3598 81.12
3599 80.99
3600 80.82
3601 80.88
3602 80.93
3603 81.02
3604 80.93
3605 80.93
3606 80.91
3607 80.96
3608 80.96
3609 81.02
3610 80.99
3611 80.92
3612 80.93
3613 80.98
3614 81.05
3615 80.87
3616 80.90
3617 80.99
3618 81.06
3619 81.03
3620 80.96
3621 80.92
3622 80.85
3623 80.90
3624 80.86
3625 80.90
3626 80.98
3627 80.85
3628 80.97
3629 80.99
3630 80.97
3631 80.83
3632 80.95
3633 80.96
3634 80.99
3635 81.00
3636 80.97
3637 80.98
3638 80.95
3639 80.85
3640 80.93
3641 80.99
3642 80.93
3643 81.03
3644 81.03
3645 80.93
3646 80.91
3647 80.91
3648 80.96
3649 80.98
3650 80.92
3651 80.93
3652 81.12
3653 80.92
3654 80.85
3655 80.90
3656 81.02
3657 80.93
3658 81.06
3659 80.83
3660 81.12
3661 80.98
3662 80.90
3663 80.88
3664 81.03
3665 81.02
3666 81.06
3667 80.97
3668 80.85
3669 81.00
3670 80.93
3671 80.90
3672 81.00
3673 80.97
3674 80.96
3675 81.06
3676 81.01
3677 80.96
3678 80.87
3679 80.86
3680 80.89
3681 80.98
3682 81.06
3683 81.13
3684 80.94
3685 80.97
3686 81.16
3687 80.89
3688 80.85
3689 80.97
3690 81.06
3691 80.97
3692 80.95
3693 80.90
3694 81.04
3695 80.92
3696 80.90
3697 80.95
3698 80.96
3699 81.05
3700 81.11
3701 80.99
3702 80.94
3703 80.95
3704 80.98
3705 80.96
3706 81.00
3707 80.93
3708 80.99
3709 80.93
3710 81.02
3711 81.04
3712 80.99
3713 80.95
3714 80.90
3715 81.06
3716 81.05
3717 81.03
3718 80.89
3719 81.06
3720 81.10
3721 81.00
3722 80.88
3723 80.90
3724 80.93
3725 80.95
3726 81.01
3727 80.95
3728 81.02
3729 81.08
3730 80.97
3731 80.99
3732 80.88
3733 80.94
3734 80.83
3735 80.98
3736 81.04
3737 80.90
3738 81.00
3739 80.85
3740 80.98
3741 81.01
3742 80.98
3743 80.98
3744 81.03
3745 81.04
3746 81.10
3747 80.93
3748 80.84
3749 80.97
3750 81.07
3751 80.92
3752 81.08
3753 81.07
3754 81.10
3755 80.98
3756 80.93
3757 81.02
3758 80.90
3759 80.95
3760 81.01
3761 80.95
3762 81.03
3763 80.96
3764 80.89
3765 80.93
3766 81.04
3767 80.94
3768 81.06
3769 80.98
3770 81.04
3771 81.00
3772 80.90
3773 80.98
3774 80.94
3775 80.96
3776 81.03
3777 81.05
3778 81.13
3779 81.02
3780 81.01
3781 81.10
3782 81.06
3783 80.93
3784 80.97
3785 81.05
3786 80.97
3787 80.93
3788 80.98
3789 80.91
3790 80.96
3791 80.95
3792 80.92
3793 81.02
3794 80.92
3795 80.88
3796 81.07
3797 81.07
3798 80.96
3799 81.06
3800 81.09
3801 80.94
3802 80.99
3803 80.91
3804 81.05
3805 81.06
3806 81.04
3807 80.96
3808 80.94
3809 80.87
3810 81.03
3811 80.87
3812 80.84
3813 81.12
3814 81.03
3815 81.07
3816 80.95
3817 81.10
3818 81.03
3819 80.94
3820 80.93
3821 81.03
3822 81.07
3823 81.11
3824 80.85
3825 80.89
3826 80.90
3827 81.05
3828 80.97
3829 81.01
3830 81.05
3831 81.08
3832 80.87
3833 81.04
3834 80.96
3835 80.92
3836 81.01
3837 81.13
3838 81.07
3839 81.07
3840 80.99
3841 80.96
3842 80.85
3843 80.98
3844 80.91
3845 80.98
3846 80.99
3847 81.10
3848 81.00
3849 80.96
3850 81.04
3851 80.91
3852 81.06
3853 80.96
3854 81.04
3855 81.04
3856 81.01
3857 80.91
3858 81.10
3859 81.05
3860 81.02
3861 81.00
3862 81.11
3863 81.03
3864 81.04
3865 81.01
3866 81.02
3867 81.05
3868 81.00
3869 80.93
3870 80.93
3871 81.06
3872 81.10
3873 81.03
3874 81.04
3875 80.96
3876 80.86
3877 81.09
3878 80.99
3879 81.04
3880 81.09
3881 81.10
3882 81.10
3883 81.14
3884 81.03
3885 80.96
3886 81.00
3887 80.89
3888 81.06
3889 80.95
3890 81.05
3891 81.11
3892 80.87
3893 80.88
3894 80.93
3895 81.06
3896 80.99
3897 81.11
3898 81.16
3899 81.00
3900 81.09
3901 81.04
3902 80.94
3903 80.98
3904 80.90
3905 81.09
3906 81.05
3907 81.11
3908 81.04
3909 81.00
3910 81.00
3911 81.09
3912 81.13
3913 81.17
3914 81.06
3915 81.00
3916 81.09
3917 81.04
3918 80.90
3919 81.04
3920 81.07
3921 81.08
3922 81.04
3923 81.09
3924 80.99
3925 80.96
3926 80.90
3927 80.98
3928 81.03
3929 81.00
3930 81.05
3931 80.91
3932 81.04
3933 81.06
3934 80.99
3935 80.84
3936 80.93
3937 81.07
3938 81.04
3939 81.09
3940 81.11
3941 81.00
3942 81.01
3943 81.03
3944 81.01
3945 81.13
3946 81.00
3947 80.98
3948 81.04
3949 81.07
3950 81.10
3951 80.93
3952 80.93
3953 81.00
3954 81.19
3955 81.09
3956 80.98
3957 81.00
3958 81.04
3959 80.97
3960 80.88
3961 81.02
3962 81.01
3963 81.11
3964 80.95
3965 81.14
3966 81.07
3967 81.06
3968 81.01
3969 80.89
3970 81.01
3971 81.06
3972 81.08
3973 80.96
3974 81.06
3975 80.98
3976 81.01
3977 80.97
3978 80.93
3979 81.03
3980 81.11
3981 80.91
3982 81.15
3983 81.11
3984 81.06
3985 80.90
3986 80.88
3987 81.06
3988 81.06
3989 80.97
3990 81.07
3991 81.11
3992 81.13
3993 80.89
3994 80.95
3995 80.93
3996 81.04
3997 80.91
3998 81.03
3999 81.05
4000 81.06
4001 81.03
4002 81.01
4003 81.00
4004 81.02
4005 81.00
4006 81.07
4007 81.09
4008 81.12
4009 81.06
4010 81.09
4011 80.99
4012 81.08
4013 80.96
4014 81.02
4015 80.99
4016 81.04
4017 81.07
4018 81.08
4019 80.91
4020 80.95
4021 81.06
4022 81.06
4023 81.09
4024 81.11
4025 81.07
4026 80.91
4027 81.07
4028 81.07
4029 80.96
4030 80.98
4031 80.98
4032 81.09
4033 81.10
4034 81.03
4035 80.90
4036 80.92
4037 80.98
4038 81.09
4039 80.98
4040 81.04
4041 81.02
4042 80.94
4043 81.04
4044 81.06
4045 81.11
4046 81.13
4047 81.02
4048 81.14
4049 80.94
4050 80.88
4051 80.96
4052 81.09
4053 81.05
4054 81.09
4055 81.07
4056 81.08
4057 81.08
4058 80.96
4059 81.00
4060 81.01
4061 80.93
4062 80.90
4063 81.16
4064 81.16
4065 81.00
4066 81.02
4067 80.99
4068 81.11
4069 81.05
4070 80.98
4071 81.01
4072 81.09
4073 81.06
4074 81.00
4075 81.00
4076 80.98
4077 81.11
4078 81.09
4079 81.06
4080 81.06
4081 81.03
4082 80.93
4083 80.85
4084 80.98
4085 81.08
4086 81.22
4087 81.14
4088 81.04
4089 81.14
4090 81.05
4091 80.95
4092 81.07
4093 81.06
4094 81.04
4095 81.07
4096 80.88
4097 81.08
4098 81.14
4099 81.00
4100 80.94
4101 80.90
4102 80.94
4103 81.10
4104 80.97
4105 81.04
4106 81.16
4107 81.24
4108 80.94
4109 81.01
4110 81.01
4111 81.12
4112 81.16
4113 81.03
4114 81.10
4115 81.12
4116 80.93
4117 80.96
4118 80.94
4119 81.05
4120 81.03
4121 80.96
4122 81.10
4123 81.08
4124 81.03
4125 81.10
4126 81.01
4127 81.07
4128 81.02
4129 80.90
4130 81.06
4131 81.03
4132 81.12
4133 81.04
4134 81.01
4135 81.03
4136 81.01
4137 81.01
4138 80.99
4139 81.23
4140 80.98
4141 81.05
4142 81.02
4143 81.04
4144 81.05
4145 81.11
4146 81.14
4147 81.00
4148 81.04
4149 80.81
4150 80.97
4151 81.15
4152 81.09
4153 81.08
4154 81.10
4155 81.05
4156 81.03
4157 81.11
4158 81.12
4159 80.98
4160 80.98
4161 81.13
4162 81.02
4163 81.05
4164 81.17
4165 80.99
4166 80.97
4167 80.93
4168 81.02
4169 80.98
4170 80.97
4171 81.05
4172 81.09
4173 81.06
4174 81.06
4175 80.97
4176 81.01
4177 81.01
4178 80.97
4179 81.04
4180 81.14
4181 81.04
4182 81.06
4183 81.13
4184 80.98
4185 80.95
4186 80.84
4187 80.95
4188 80.92
4189 81.02
4190 81.07
4191 81.14
4192 81.19
4193 81.09
4194 81.01
4195 81.17
4196 81.10
4197 81.01
4198 81.13
4199 81.15
4200 81.01
4201 81.17
4202 81.04
4203 81.12
4204 80.96
4205 81.05
4206 80.98
4207 81.11
4208 81.10
4209 81.00
4210 80.99
4211 81.04
4212 81.11
4213 80.99
4214 81.08
4215 81.14
4216 81.12
4217 81.14
4218 81.03
4219 81.09
4220 81.08
4221 80.99
4222 80.98
4223 81.07
4224 81.24
4225 81.10
4226 81.05
4227 80.99
4228 80.99
4229 80.99
4230 80.99
4231 80.99
4232 81.08
4233 81.07
4234 81.09
4235 81.04
4236 81.01
4237 80.95
4238 81.05
4239 80.96
4240 81.17
4241 81.06
4242 80.95
4243 81.01
4244 81.04
4245 80.98
4246 80.99
4247 80.96
4248 81.00
4249 81.16
4250 81.07
4251 81.10
4252 81.00
4253 80.93
4254 80.98
4255 81.08
4256 81.16
4257 81.03
4258 81.14
4259 80.98
4260 80.95
4261 81.06
4262 80.83
4263 81.08
4264 81.14
4265 81.11
4266 81.07
4267 80.93
4268 80.96
4269 81.05
4270 80.93
4271 81.08
4272 81.17
4273 81.13
4274 80.98
4275 80.97
4276 81.10
4277 81.02
4278 81.05
4279 81.01
4280 81.09
4281 81.09
4282 81.09
4283 81.11
4284 81.03
4285 81.11
4286 81.00
4287 80.89
4288 81.02
4289 81.10
4290 80.99
4291 81.04
4292 81.00
4293 81.03
4294 81.07
4295 81.06
4296 81.06
4297 81.05
4298 81.11
4299 81.10
4300 81.04
4301 81.04
4302 81.01
4303 81.02
4304 81.10
4305 81.06
4306 81.04
4307 81.23
4308 81.01
4309 80.93
4310 81.04
4311 81.04
4312 81.02
4313 81.04
4314 81.05
4315 81.26
4316 81.19
4317 81.01
4318 81.14
4319 81.10
4320 81.05
4321 81.04
4322 81.05
4323 81.08
4324 81.16
4325 81.00
4326 81.08
4327 81.11
4328 81.01
4329 81.03
4330 81.00
4331 81.03
4332 81.21
4333 81.13
4334 80.98
4335 81.09
4336 81.14
4337 81.06
4338 80.96
4339 80.98
4340 81.05
4341 81.11
4342 80.90
4343 81.16
4344 80.99
4345 80.98
4346 80.96
4347 81.04
4348 81.10
4349 81.15
4350 81.00
4351 81.07
4352 81.11
4353 81.03
4354 81.02
4355 81.05
4356 81.23
4357 81.14
4358 81.02
4359 80.95
4360 81.08
4361 81.01
4362 80.98
4363 81.04
4364 81.06
4365 81.14
4366 81.10
4367 81.09
4368 81.09
4369 81.09
4370 80.91
4371 81.04
4372 81.10
4373 81.22
4374 81.07
4375 81.00
4376 81.14
4377 81.11
4378 81.11
4379 81.13
4380 81.11
4381 81.08
4382 81.22
4383 81.01
4384 81.14
4385 81.15
4386 81.06
4387 81.08
4388 80.96
4389 80.90
4390 81.05
4391 81.14
4392 81.09
4393 81.22
4394 81.13
4395 81.04
4396 81.08
4397 81.04
4398 81.18
4399 81.10
4400 81.13
4401 81.11
4402 81.09
4403 81.16
4404 81.04
4405 80.98
4406 81.13
4407 81.15
4408 81.02
4409 81.13
4410 81.11
4411 81.02
4412 80.97
4413 80.93
4414 81.04
4415 81.15
4416 81.14
4417 81.19
4418 81.16
4419 81.14
4420 81.10
4421 80.91
4422 81.02
4423 81.10
4424 81.14
4425 80.97
4426 81.16
4427 81.12
4428 81.13
4429 81.04
4430 81.09
4431 80.96
4432 81.14
4433 80.99
4434 81.15
4435 81.01
4436 81.09
4437 81.15
4438 80.90
4439 81.06
4440 81.04
4441 81.19
4442 81.02
4443 80.94
4444 81.14
4445 81.10
4446 81.10
4447 81.03
4448 81.14
4449 81.03
4450 80.96
4451 81.02
4452 81.09
4453 81.04
4454 81.16
4455 81.03
4456 81.00
4457 81.01
4458 80.96
4459 81.05
4460 81.06
4461 81.09
4462 81.06
4463 81.07
4464 81.05
4465 81.07
4466 81.11
4467 81.14
4468 81.03
4469 80.98
4470 81.01
4471 81.01
4472 81.07
4473 81.15
4474 81.06
4475 81.06
4476 81.11
4477 81.02
4478 80.99
4479 81.03
4480 81.10
4481 81.22
4482 81.17
4483 80.98
4484 81.07
4485 81.22
4486 81.10
4487 80.99
4488 81.11
4489 80.98
4490 81.14
4491 81.04
4492 81.12
4493 80.99
4494 81.18
4495 81.06
4496 81.07
4497 80.90
4498 81.06
4499 80.95
4500 81.02
4501 81.07
4502 81.12
4503 81.20
4504 81.18
4505 81.16
4506 80.99
4507 81.04
4508 81.11
4509 81.03
4510 81.08
4511 81.09
4512 81.06
4513 81.11
4514 81.06
4515 81.02
4516 81.11
4517 81.03
4518 81.14
4519 81.10
4520 81.04
4521 81.08
4522 81.09
4523 81.09
4524 81.07
4525 81.19
4526 81.14
4527 81.16
4528 81.05
4529 81.01
4530 81.06
4531 81.22
4532 81.06
4533 81.09
4534 81.11
4535 81.11
4536 81.16
4537 81.04
4538 80.98
4539 81.01
4540 81.09
4541 81.11
4542 81.02
4543 81.01
4544 81.11
4545 81.13
4546 81.13
4547 81.16
4548 81.17
4549 81.21
4550 81.14
4551 81.06
4552 81.01
4553 81.11
4554 81.15
4555 81.16
4556 81.08
4557 81.19
4558 81.10
4559 81.14
4560 80.98
4561 81.06
4562 80.97
4563 81.01
4564 81.12
4565 81.07
4566 81.06
4567 81.15
4568 81.12
4569 81.09
4570 81.12
4571 81.06
4572 81.12
4573 81.12
4574 80.99
4575 81.03
4576 81.13
4577 81.03
4578 81.17
4579 81.13
4580 80.97
4581 80.94
4582 81.11
4583 80.98
4584 80.96
4585 81.07
4586 81.06
4587 81.18
4588 81.17
4589 81.09
4590 81.15
4591 81.12
4592 80.98
4593 80.94
4594 81.03
4595 81.01
4596 81.14
4597 81.20
4598 81.09
4599 81.25
4600 81.22
4601 81.04
4602 81.06
4603 81.06
4604 80.99
4605 81.02
4606 81.07
4607 81.06
4608 81.09
4609 81.12
4610 81.05
4611 81.00
4612 81.15
4613 81.04
4614 80.91
4615 81.05
4616 81.08
4617 81.04
4618 81.10
4619 81.11
4620 81.14
4621 81.14
4622 80.98
4623 81.11
4624 81.10
4625 81.05
4626 81.06
4627 81.17
4628 81.12
4629 81.11
4630 81.07
4631 81.20
4632 81.14
4633 81.00
4634 80.94
4635 81.16
4636 81.03
4637 81.14
4638 81.05
4639 81.10
4640 81.15
4641 81.27
4642 81.13
4643 81.01
4644 81.21
4645 81.07
4646 81.09
4647 81.01
4648 81.13
4649 81.19
4650 81.13
4651 81.17
4652 81.03
4653 81.06
4654 81.04
4655 81.15
4656 81.14
4657 81.15
4658 81.11
4659 81.17
4660 81.06
4661 80.93
4662 81.04
4663 80.99
4664 81.03
4665 81.02
4666 81.04
4667 81.03
4668 80.98
4669 81.01
4670 81.05
4671 81.04
4672 80.93
4673 81.01
4674 81.04
4675 81.12
4676 81.19
4677 81.09
4678 81.15
4679 81.14
4680 81.04
4681 80.99
4682 81.03
4683 80.96
4684 81.06
4685 81.12
4686 81.08
4687 81.06
4688 81.09
4689 81.13
4690 81.17
4691 80.99
4692 81.18
4693 81.01
4694 81.15
4695 81.18
4696 81.05
4697 81.05
4698 81.12
4699 81.02
4700 81.08
4701 81.11
4702 81.07
4703 81.04
4704 81.17
4705 80.96
4706 81.11
4707 81.17
4708 81.04
4709 81.04
4710 81.04
4711 81.09
4712 81.16
4713 81.03
4714 81.12
4715 81.09
4716 81.13
4717 81.11
4718 81.08
4719 81.05
4720 81.14
4721 81.01
4722 81.05
4723 81.07
4724 81.17
4725 81.24
4726 80.99
4727 80.93
4728 80.98
4729 80.96
4730 81.14
4731 81.06
4732 81.23
4733 81.18
4734 81.08
4735 80.97
4736 81.15
4737 81.11
4738 80.97
4739 81.09
4740 81.06
4741 81.08
4742 81.22
4743 81.11
4744 81.08
4745 81.06
4746 81.01
4747 81.01
4748 81.09
4749 81.13
4750 81.11
4751 81.11
4752 81.02
4753 81.17
4754 81.03
4755 81.08
4756 81.06
4757 81.01
4758 81.18
4759 81.09
4760 81.17
4761 80.89
4762 81.01
4763 81.03
4764 81.03
4765 81.08
4766 81.11
4767 81.20
4768 81.00
4769 81.00
4770 81.12
4771 81.09
4772 81.08
4773 81.01
4774 81.16
4775 81.10
4776 81.09
4777 81.01
4778 80.95
4779 81.14
4780 81.09
4781 81.02
4782 81.14
4783 81.20
4784 80.97
4785 81.00
4786 81.09
4787 81.09
4788 80.93
4789 81.16
4790 81.03
4791 81.04
4792 81.02
4793 81.05
4794 81.06
4795 81.03
4796 81.15
4797 81.14
4798 81.10
4799 81.02
4800 81.07
4801 81.13
4802 81.03
4803 81.11
4804 81.20
4805 81.15
4806 81.09
4807 81.01
4808 80.99
4809 81.04
4810 81.23
4811 81.22
4812 81.14
4813 81.14
4814 81.10
4815 81.01
4816 81.05
4817 81.08
4818 81.02
4819 81.10
4820 81.09
4821 81.08
4822 81.01
4823 80.97
4824 81.11
4825 81.12
4826 81.14
4827 81.10
4828 81.15
4829 81.03
4830 81.04
4831 81.13
4832 81.10
4833 81.16
4834 81.17
4835 81.09
4836 81.16
4837 81.09
4838 81.09
4839 81.11
4840 81.19
4841 81.13
4842 81.17
4843 81.02
4844 81.04
4845 81.10
4846 81.07
4847 81.08
4848 81.12
4849 81.17
4850 81.10
4851 81.06
4852 81.09
4853 81.01
4854 81.07
4855 81.04
4856 81.15
4857 81.01
4858 81.08
4859 81.04
4860 81.05
4861 80.96
4862 81.11
4863 81.17
4864 81.18
4865 81.04
4866 81.02
4867 81.04
4868 81.10
4869 81.08
4870 81.09
4871 81.17
4872 81.21
4873 81.17
4874 81.19
4875 81.01
4876 81.12
4877 81.09
4878 81.18
4879 81.10
4880 81.02
4881 81.14
4882 81.10
4883 81.07
4884 81.08
4885 81.13
4886 81.10
4887 81.02
4888 81.14
4889 81.03
4890 81.04
4891 81.11
4892 81.00
4893 81.06
4894 81.10
4895 81.06
4896 81.10
4897 81.14
4898 81.17
4899 81.08
4900 81.02
4901 81.07
4902 81.16
4903 81.01
4904 80.96
4905 81.03
4906 81.11
4907 81.18
4908 81.17
4909 81.02
4910 81.04
4911 81.18
4912 80.94
4913 81.22
4914 81.11
4915 81.17
4916 81.21
4917 81.05
4918 81.09
4919 81.06
4920 81.04
4921 81.07
4922 81.11
4923 81.11
4924 81.04
4925 81.00
4926 81.07
4927 81.10
4928 81.04
4929 81.04
4930 81.14
4931 80.92
4932 81.04
4933 81.07
4934 81.01
4935 80.96
4936 81.16
4937 81.09
4938 81.11
4939 81.24
4940 81.03
4941 80.94
4942 81.06
4943 80.91
4944 81.14
4945 81.10
4946 81.18
4947 81.17
4948 80.99
4949 80.94
4950 80.93
4951 81.19
4952 81.01
4953 80.92
4954 81.12
4955 81.18
4956 81.11
4957 81.22
4958 81.14
4959 81.00
4960 81.12
4961 81.19
4962 81.10
4963 81.07
4964 81.15
4965 81.05
4966 81.16
4967 81.13
4968 81.02
4969 81.06
4970 81.18
4971 81.08
4972 81.17
4973 81.03
4974 81.16
4975 81.08
4976 81.05
4977 81.14
4978 81.17
4979 80.95
4980 81.10
4981 81.08
4982 81.15
4983 81.16
4984 81.17
4985 81.14
4986 81.07
4987 81.11
4988 81.05
4989 81.03
4990 81.07
4991 81.12
4992 81.17
4993 81.11
4994 81.16
4995 81.06
4996 81.05
4997 80.99
4998 81.14
4999 81.05
5000 81.09
5001 81.31
5002 81.11
5003 81.02
5004 81.01
5005 81.16
5006 81.06
5007 81.10
5008 81.21
5009 81.11
5010 81.12
5011 81.07
5012 81.14
5013 81.05
5014 81.05
5015 81.19
5016 81.04
5017 81.16
5018 81.07
5019 81.06
5020 81.04
5021 81.17
5022 81.16
5023 81.09
5024 81.03
5025 81.01
5026 81.07
5027 81.09
5028 81.13
5029 81.14
5030 81.12
5031 81.09
5032 81.05
5033 81.09
5034 81.02
5035 80.98
5036 81.16
5037 81.23
5038 81.20
5039 81.18
5040 81.09
5041 81.08
5042 81.09
5043 81.05
5044 81.04
5045 81.17
5046 81.10
5047 81.11
5048 80.99
5049 81.13
5050 81.11
5051 80.98
5052 81.04
5053 81.14
5054 81.18
5055 81.08
5056 81.04
5057 81.07
5058 81.16
5059 81.01
5060 81.10
5061 81.06
5062 81.17
5063 81.12
5064 81.04
5065 81.16
5066 81.11
5067 80.90
5068 81.02
5069 81.09
5070 81.12
5071 81.03
5072 80.98
5073 81.09
5074 81.16
5075 81.07
5076 81.13
5077 81.08
5078 81.11
5079 81.04
5080 81.14
5081 81.08
5082 81.23
5083 81.05
5084 81.08
5085 81.10
5086 81.19
5087 81.04
5088 81.01
5089 81.03
5090 81.22
5091 81.08
5092 81.11
5093 81.19
5094 81.06
5095 81.04
5096 81.08
5097 81.16
5098 81.22
5099 81.16
5100 81.11
5101 81.03
5102 81.11
5103 81.10
5104 81.06
5105 81.13
5106 81.14
5107 81.03
5108 81.01
5109 81.09
5110 81.06
5111 81.05
5112 80.99
5113 81.16
5114 81.08
5115 81.18
5116 81.11
5117 81.15
5118 81.04
5119 81.14
5120 81.11
5121 81.01
5122 81.09
5123 81.25
5124 81.06
5125 81.00
5126 81.09
5127 81.14
5128 81.10
5129 80.98
5130 81.01
5131 81.12
5132 81.06
5133 81.01
5134 81.06
5135 81.09
5136 81.11
5137 81.18
5138 81.04
5139 80.94
5140 81.08
5141 81.06
5142 81.04
5143 80.97
5144 81.08
5145 81.04
5146 81.05
5147 80.98
5148 81.08
5149 80.97
5150 81.09
5151 81.02
5152 80.99
5153 81.11
5154 81.09
5155 81.12
5156 81.03
5157 81.08
5158 81.07
5159 80.97
5160 81.04
5161 81.09
5162 81.13
5163 81.06
5164 81.13
5165 81.15
5166 81.10
5167 81.04
5168 81.11
5169 81.08
5170 81.09
5171 81.14
5172 81.14
5173 81.01
5174 81.15
5175 81.22
5176 81.07
5177 80.99
5178 81.04
5179 81.02
5180 81.14
5181 81.10
5182 81.04
5183 81.17
5184 81.12
5185 81.03
5186 80.97
5187 81.07
5188 81.14
5189 81.11
5190 81.05
5191 81.15
5192 81.07
5193 81.09
5194 80.96
5195 80.90
5196 81.05
5197 81.07
5198 81.02
5199 81.18
5200 81.23
5201 81.04
5202 81.12
5203 81.09
5204 81.11
5205 81.01
5206 81.11
5207 81.13
5208 81.15
5209 81.05
5210 81.06
5211 81.13
5212 81.05
5213 81.29
5214 80.99
5215 80.98
5216 81.21
5217 81.17
5218 81.09
5219 80.99
5220 81.17
5221 81.06
5222 81.18
5223 81.04
5224 81.16
5225 81.07
5226 81.06
5227 81.05
5228 81.14
5229 81.04
5230 81.08
5231 81.11
5232 81.26
5233 81.13
5234 81.09
5235 81.05
5236 80.98
5237 81.07
5238 81.06
5239 80.95
5240 81.11
5241 81.09
5242 81.11
5243 81.00
5244 81.08
5245 81.09
5246 81.11
5247 81.15
5248 81.05
5249 81.08
5250 81.13
5251 81.04
5252 81.06
5253 81.13
5254 80.99
5255 81.15
5256 81.01
5257 81.09
5258 81.07
5259 81.09
5260 80.94
5261 81.07
5262 81.09
5263 81.16
5264 81.05
5265 81.11
5266 81.04
5267 81.03
5268 81.01
5269 80.98
5270 81.11
5271 81.08
5272 81.01
5273 80.99
5274 81.23
5275 81.09
5276 81.08
5277 81.06
5278 81.04
5279 81.04
5280 81.06
5281 81.06
5282 81.01
5283 81.12
5284 81.02
5285 81.14
5286 80.97
5287 81.01
5288 81.09
5289 81.14
5290 81.02
5291 81.07
5292 81.08
5293 81.21
5294 81.04
5295 81.01
5296 81.04
5297 81.04
5298 81.02
5299 81.02
5300 81.14
5301 81.20
5302 81.09
5303 81.04
5304 80.97
5305 81.14
5306 81.12
5307 80.94
5308 81.08
5309 81.11
5310 81.24
5311 81.19
5312 80.97
5313 81.14
5314 81.13
5315 81.02
5316 81.16
5317 81.02
5318 81.10
5319 81.23
5320 81.07
5321 80.98
5322 81.15
5323 81.17
5324 81.06
5325 81.05
5326 81.09
5327 81.01
5328 81.21
5329 81.13
5330 81.13
5331 81.02
5332 81.09
5333 81.12
5334 81.12
5335 81.09
5336 80.93
5337 81.09
5338 81.03
5339 81.12
5340 81.04
5341 81.14
5342 81.13
5343 81.01
5344 81.01
5345 81.12
5346 80.93
5347 81.14
5348 81.12
5349 81.07
5350 81.14
5351 81.03
5352 81.11
5353 81.09
5354 81.13
5355 81.08
5356 80.98
5357 81.01
5358 81.05
5359 81.05
5360 81.10
5361 80.97
5362 81.11
5363 81.04
5364 81.07
5365 81.13
5366 81.18
5367 81.22
5368 81.08
5369 80.96
5370 81.12
5371 81.01
5372 81.06
5373 80.94
5374 81.11
5375 81.18
5376 81.06
5377 81.08
5378 81.02
5379 81.12
5380 81.08
5381 81.01
5382 81.08
5383 81.04
5384 81.08
5385 81.25
5386 81.06
5387 81.10
5388 81.08
5389 81.02
5390 81.04
5391 81.04
5392 80.96
5393 81.00
5394 81.16
5395 80.96
5396 81.08
5397 80.98
5398 81.08
5399 80.99
5400 81.02
5401 81.16
5402 81.28
5403 81.08
5404 81.07
5405 81.15
5406 81.11
5407 81.04
5408 80.97
5409 80.95
5410 81.12
5411 81.17
5412 81.02
5413 81.07
5414 81.15
5415 81.02
5416 80.97
5417 80.98
5418 81.14
5419 81.03
5420 81.04
5421 81.15
5422 81.05
5423 81.13
5424 81.11
5425 81.00
5426 81.04
5427 81.12
5428 81.08
5429 81.01
5430 80.99
5431 81.01
5432 81.09
5433 81.07
5434 81.01
5435 81.09
5436 80.98
5437 81.06
5438 80.98
5439 81.08
5440 80.98
5441 81.12
5442 81.02
5443 81.12
5444 81.19
5445 81.19
5446 81.11
5447 81.09
5448 81.01
5449 80.92
5450 81.01
5451 81.07
5452 81.15
5453 80.99
5454 81.04
5455 81.19
5456 81.05
5457 81.17
5458 81.02
5459 80.99
5460 81.14
5461 81.05
5462 81.01
5463 81.04
5464 81.01
5465 81.10
5466 81.02
5467 81.03
5468 81.02
5469 81.06
5470 81.03
5471 81.07
5472 81.10
5473 81.05
5474 81.07
5475 81.19
5476 81.18
5477 81.06
5478 81.05
5479 81.08
5480 81.00
5481 81.05
5482 81.03
5483 81.02
5484 81.13
5485 81.10
5486 81.09
5487 80.96
5488 81.07
5489 81.08
5490 80.90
5491 81.04
5492 81.04
5493 81.11
5494 81.01
5495 81.13
5496 81.04
5497 81.17
5498 81.09
5499 81.01
5500 80.99
5501 81.13
5502 81.15
5503 81.15
5504 81.11
5505 81.14
5506 81.01
5507 81.01
5508 81.01
5509 81.01
5510 81.11
5511 81.09
5512 81.10
5513 81.10
5514 81.10
5515 81.05
5516 81.04
5517 80.98
5518 81.13
5519 81.07
5520 81.01
5521 81.17
5522 81.11
5523 81.09
5524 81.11
5525 81.14
5526 81.18
5527 80.99
5528 81.07
5529 81.13
5530 81.04
5531 81.14
5532 80.98
5533 81.01
5534 80.97
5535 81.06
5536 81.05
5537 81.05
5538 81.15
5539 81.11
5540 81.10
5541 80.95
5542 81.10
5543 81.15
5544 80.93
5545 81.00
5546 81.08
5547 81.09
5548 81.16
5549 81.20
5550 81.02
5551 81.05
5552 81.12
5553 81.03
5554 81.01
5555 81.02
5556 81.22
5557 81.05
5558 81.13
5559 81.11
5560 81.24
5561 81.03
5562 81.08
5563 80.99
5564 80.98
5565 81.17
5566 81.03
5567 81.08
5568 81.17
5569 81.18
5570 81.08
5571 81.03
5572 80.97
5573 81.10
5574 81.22
5575 81.19
5576 81.15
5577 81.03
5578 81.11
5579 81.18
5580 81.09
5581 81.11
5582 81.10
5583 81.17
5584 81.07
5585 81.09
5586 81.04
5587 81.19
5588 81.23
5589 81.14
5590 81.00
5591 81.12
5592 81.11
5593 81.06
5594 81.01
5595 81.01
5596 81.17
5597 81.14
5598 81.04
5599 81.11
5600 81.06
5601 81.05
5602 81.07
5603 80.98
5604 81.04
5605 81.07
5606 81.06
5607 81.15
5608 81.17
5609 81.08
5610 81.17
5611 81.09
5612 81.12
5613 81.00
5614 81.06
5615 81.08
5616 81.12
5617 81.15
5618 81.11
5619 81.25
5620 81.04
5621 81.12
5622 81.05
5623 81.04
5624 81.10
5625 81.19
5626 80.97
5627 81.07
5628 81.17
5629 81.14
5630 81.15
5631 81.13
5632 81.11
5633 81.04
5634 81.04
5635 81.03
5636 80.91
5637 81.07
5638 81.16
5639 81.01
5640 81.14
5641 81.05
5642 81.17
5643 81.04
5644 81.07
5645 81.13
5646 80.97
5647 81.20
5648 81.18
5649 81.14
5650 80.94
5651 81.09
5652 81.16
5653 81.11
5654 81.05
5655 81.10
5656 81.15
5657 81.14
5658 81.22
5659 81.12
5660 81.10
5661 81.09
5662 81.09
5663 81.12
5664 81.01
5665 80.96
5666 81.19
5667 80.99
5668 81.04
5669 81.08
5670 81.20
5671 81.18
5672 81.11
5673 81.01
5674 81.06
5675 81.07
5676 81.08
5677 81.10
5678 81.09
5679 81.15
5680 81.15
5681 81.16
5682 81.10
5683 81.08
5684 81.09
5685 81.06
5686 80.99
5687 81.01
5688 81.05
5689 81.16
5690 81.12
5691 81.03
5692 81.02
5693 80.93
5694 81.08
5695 81.06
5696 81.11
5697 81.13
5698 81.17
5699 81.13
5700 81.11
5701 81.06
5702 81.12
5703 81.03
5704 81.15
5705 81.09
5706 81.11
5707 81.07
5708 81.08
5709 81.14
5710 81.16
5711 80.98
5712 81.10
5713 80.96
5714 81.07
5715 81.18
5716 81.01
5717 81.09
5718 81.11
5719 81.16
5720 81.11
5721 81.03
5722 81.23
5723 81.06
5724 81.17
5725 81.11
5726 81.13
5727 81.15
5728 81.05
5729 81.03
5730 81.06
5731 81.13
5732 81.08
5733 81.04
5734 81.15
5735 81.16
5736 81.22
5737 81.01
5738 81.09
5739 81.01
5740 81.11
5741 81.19
5742 81.06
5743 81.17
5744 81.12
5745 81.01
5746 81.17
5747 81.11
5748 81.01
5749 81.04
5750 80.99
5751 81.12
5752 81.14
5753 81.08
5754 81.07
5755 81.01
5756 81.10
5757 81.12
5758 81.03
5759 81.10
5760 81.10
5761 80.97
5762 80.98
5763 81.01
5764 81.14
5765 81.20
5766 81.15
5767 81.13
5768 81.11
5769 81.07
5770 81.06
5771 81.03
5772 81.14
5773 81.13
5774 81.15
5775 81.14
5776 81.19
5777 81.13
5778 80.98
5779 81.07
5780 81.13
5781 81.14
5782 81.06
5783 81.06
5784 81.09
5785 81.14
5786 81.09
5787 80.99
5788 80.99
5789 81.08
5790 81.09
5791 81.06
5792 81.04
5793 81.11
5794 81.18
5795 81.04
5796 80.89
5797 80.98
5798 81.17
5799 81.13
5800 81.12
5801 81.14
5802 81.13
5803 81.11
5804 81.00
5805 81.08
5806 81.05
5807 81.05
5808 81.01
5809 81.14
5810 81.14
5811 81.00
5812 80.97
5813 81.10
5814 81.01
5815 81.06
5816 81.06
5817 81.11
5818 81.10
5819 81.14
5820 81.04
5821 80.96
5822 81.06
5823 81.17
5824 81.04
5825 80.99
5826 81.05
5827 81.12
5828 80.98
5829 80.93
5830 80.98
5831 81.11
5832 80.89
5833 81.06
5834 81.09
5835 81.15
5836 81.08
5837 81.03
5838 81.07
5839 81.00
5840 81.02
5841 81.14
5842 81.04
5843 81.16
5844 81.10
5845 81.12
5846 80.86
5847 81.20
5848 81.07
5849 80.97
5850 81.03
5851 81.09
5852 81.17
5853 81.09
5854 81.07
5855 81.04
5856 81.11
5857 81.13
5858 81.04
5859 81.14
5860 81.13
5861 81.08
5862 81.06
5863 81.04
5864 81.06
5865 81.14
5866 80.96
5867 81.14
5868 81.02
5869 81.18
5870 81.08
5871 81.09
5872 81.09
5873 81.15
5874 81.09
5875 81.06
5876 81.03
5877 81.15
5878 81.00
5879 81.18
5880 81.11
5881 81.02
5882 81.03
5883 81.14
5884 81.09
5885 81.08
5886 81.04
5887 81.23
5888 81.09
5889 81.16
5890 81.05
5891 81.17
5892 81.15
5893 81.17
5894 81.12
5895 81.00
5896 81.05
5897 81.10
5898 81.04
5899 81.01
5900 81.06
5901 81.24
5902 81.11
5903 81.08
5904 81.01
5905 81.09
5906 81.09
5907 81.03
5908 81.02
5909 81.05
5910 81.06
5911 81.07
5912 81.19
5913 81.25
5914 81.07
5915 81.15
5916 81.25
5917 80.99
5918 81.03
5919 81.06
5920 81.18
5921 81.20
5922 81.10
5923 81.05
5924 81.03
5925 81.03
5926 80.98
5927 81.10
5928 81.08
5929 81.08
5930 81.09
5931 81.05
5932 81.18
5933 81.14
5934 81.19
5935 81.03
5936 81.00
5937 81.05
5938 81.16
5939 81.05
5940 81.16
5941 81.15
5942 81.09
5943 81.08
5944 81.09
5945 81.12
5946 81.16
5947 81.03
5948 81.08
5949 81.17
5950 81.09
5951 80.94
5952 81.06
5953 81.09
5954 81.09
5955 81.06
5956 81.07
5957 81.13
5958 81.16
5959 81.11
5960 81.11
5961 81.07
5962 81.09
5963 81.11
5964 80.98
5965 81.18
5966 81.27
5967 81.00
5968 81.01
5969 81.15
5970 81.01
5971 81.25
5972 81.11
5973 81.10
5974 81.19
5975 81.04
5976 81.24
5977 81.06
5978 81.10
5979 81.09
5980 81.22
5981 81.22
5982 81.13
5983 80.99
5984 81.17
5985 81.07
5986 81.30
5987 81.06
5988 81.10
5989 81.20
5990 81.15
5991 81.11
5992 81.10
5993 81.17
5994 81.09
5995 81.06
5996 81.17
5997 81.18
5998 81.14
5999 81.02
6000 80.99
6001 81.06
6002 81.14
6003 81.20
6004 81.14
6005 81.15
6006 81.16
6007 81.03
6008 81.07
6009 81.15
6010 81.15
6011 81.12
6012 81.15
6013 81.14
6014 81.12
6015 81.11
6016 81.04
6017 81.21
6018 81.18
6019 81.14
6020 81.11
6021 81.17
6022 81.07
6023 81.18
6024 80.98
6025 81.10
6026 81.09
6027 81.03
6028 81.11
6029 81.09
6030 81.11
6031 81.15
6032 80.98
6033 80.99
6034 81.06
6035 81.01
6036 81.17
6037 81.09
6038 81.14
6039 81.19
6040 81.17
6041 81.06
6042 81.13
6043 81.14
6044 81.10
6045 80.93
6046 81.04
6047 81.19
6048 81.16
6049 81.09
6050 81.03
6051 80.98
6052 81.13
6053 81.07
6054 81.09
6055 81.18
6056 81.14
6057 81.02
6058 81.15
6059 81.06
6060 81.05
6061 81.05
6062 81.00
6063 81.04
6064 81.13
6065 81.19
6066 81.11
6067 81.11
6068 81.02
6069 81.03
6070 81.07
6071 81.04
6072 81.12
6073 81.07
6074 81.14
6075 81.16
6076 80.96
6077 81.03
6078 80.96
6079 81.10
6080 81.08
6081 81.06
6082 81.12
6083 81.16
6084 81.07
6085 81.09
6086 81.02
6087 81.15
6088 80.98
6089 81.17
6090 81.16
6091 81.04
6092 81.13
6093 81.13
6094 81.09
6095 80.96
6096 81.02
6097 80.88
6098 81.06
6099 81.08
6100 81.25
6101 81.17
6102 81.11
6103 81.13
6104 81.10
6105 81.03
6106 81.01
6107 81.10
6108 81.09
6109 81.09
6110 81.13
6111 80.96
6112 81.07
6113 81.03
6114 81.11
6115 81.06
6116 81.08
6117 81.03
6118 81.01
6119 80.94
6120 81.15
6121 81.02
6122 81.05
6123 81.17
6124 81.25
6125 81.28
6126 81.20
6127 81.04
6128 81.10
6129 81.11
6130 81.13
6131 81.11
6132 81.26
6133 81.15
6134 81.05
6135 81.07
6136 81.02
6137 81.09
6138 81.02
6139 81.06
6140 81.12
6141 81.07
6142 81.06
6143 81.04
6144 81.19
6145 81.11
6146 81.10
6147 81.09
6148 81.19
6149 81.12
6150 81.04
6151 81.20
6152 81.16
6153 81.09
6154 81.10
6155 81.06
6156 81.12
6157 81.07
6158 81.06
6159 81.00
6160 81.04
6161 81.14
6162 81.13
6163 81.21
6164 81.16
6165 81.06
6166 80.96
6167 81.08
6168 81.25
6169 81.02
6170 81.09
6171 81.09
6172 81.03
6173 81.01
6174 81.06
6175 81.17
6176 81.07
6177 81.09
6178 81.06
6179 81.11
6180 81.08
6181 81.05
6182 81.06
6183 81.16
6184 81.12
6185 81.17
6186 81.17
6187 81.12
6188 80.98
6189 81.10
6190 81.14
6191 81.19
6192 81.23
6193 81.06
6194 81.19
6195 81.09
6196 81.03
6197 80.95
6198 81.02
6199 81.11
6200 81.09
6201 81.15
6202 81.14
6203 81.07
6204 81.03
6205 81.03
6206 81.17
6207 81.09
6208 81.10
6209 81.10
6210 81.09
6211 81.09
6212 81.03
6213 80.96
6214 81.06
6215 81.04
6216 81.06
6217 81.08
6218 81.09
6219 81.14
6220 81.17
6221 81.04
6222 81.08
6223 81.12
6224 80.98
6225 81.08
6226 81.10
6227 81.08
6228 81.05
6229 81.05
6230 81.06
6231 81.08
6232 81.20
6233 81.07
6234 81.06
6235 81.14
6236 81.11
6237 81.01
6238 80.96
6239 81.01
6240 81.09
6241 81.06
6242 81.15
6243 81.09
6244 81.14
6245 81.19
6246 81.14
6247 81.00
6248 81.14
6249 81.09
6250 81.13
6251 81.14
6252 81.06
6253 81.22
6254 80.98
6255 80.91
6256 81.07
6257 81.12
6258 81.07
6259 81.12
6260 81.11
6261 81.12
6262 81.14
6263 81.09
6264 81.04
6265 81.11
6266 81.22
6267 81.13
6268 81.16
6269 81.33
6270 81.10
6271 81.09
6272 81.00
6273 81.08
6274 81.20
6275 81.21
6276 81.09
6277 81.06
6278 81.17
6279 81.06
6280 81.01
6281 81.16
6282 81.22
6283 81.17
6284 81.18
6285 81.13
6286 81.05
6287 81.05
6288 81.05
6289 81.14
6290 81.10
6291 81.15
6292 81.09
6293 81.18
6294 81.07
6295 81.17
6296 81.01
6297 81.15
6298 81.07
6299 81.12
6300 81.13
6301 81.19
6302 81.01
6303 81.14
6304 81.10
6305 81.17
6306 81.14
6307 81.01
6308 81.06
6309 81.19
6310 81.03
6311 81.13
6312 81.21
6313 81.07
6314 81.17
6315 81.10
6316 81.11
6317 80.97
6318 81.07
6319 81.14
6320 81.17
6321 81.21
6322 81.02
6323 80.98
6324 81.10
6325 81.15
6326 81.09
6327 81.14
6328 81.22
6329 81.01
6330 81.04
6331 81.16
6332 81.11
6333 81.11
6334 81.16
6335 81.09
6336 81.18
6337 81.07
6338 81.02
6339 81.04
6340 81.22
6341 81.10
6342 81.09
6343 81.12
6344 80.95
6345 81.13
6346 81.03
6347 81.11
6348 81.09
6349 81.09
6350 81.16
6351 80.97
6352 81.14
6353 81.09
6354 81.05
6355 81.03
6356 80.94
6357 81.07
6358 81.06
6359 81.04
6360 81.08
6361 81.17
6362 81.11
6363 81.25
6364 81.03
6365 81.07
6366 81.08
6367 80.94
6368 81.01
6369 81.00
6370 81.11
6371 81.13
6372 81.06
6373 81.03
6374 81.01
6375 81.02
6376 81.06
6377 81.18
6378 81.18
6379 81.14
6380 81.11
6381 81.04
6382 81.19
6383 81.07
6384 81.12
6385 81.15
6386 81.11
6387 81.06
6388 81.07
6389 81.09
6390 81.21
6391 81.11
6392 81.02
6393 81.27
6394 81.14
6395 81.06
6396 80.99
6397 81.15
6398 81.06
6399 81.16
6400 81.07
6401 81.11
6402 81.04
6403 81.05
6404 81.10
6405 81.10
6406 81.15
6407 81.14
6408 81.17
6409 81.17
6410 81.11
6411 81.14
6412 81.17
6413 81.19
6414 81.04
6415 81.05
6416 81.10
6417 81.15
6418 80.94
6419 81.01
6420 81.06
6421 81.19
6422 81.18
6423 81.01
6424 81.06
6425 81.03
6426 81.12
6427 81.05
6428 81.18
6429 81.07
6430 81.14
6431 81.00
6432 81.03
6433 81.09
6434 81.04
6435 81.08
6436 81.21
6437 81.14
6438 81.01
6439 81.11
6440 81.11
6441 81.11
6442 81.16
6443 81.16
6444 81.13
6445 81.13
6446 81.11
6447 81.00
6448 81.14
6449 80.93
6450 81.14
6451 81.10
6452 81.14
6453 81.09
6454 81.06
6455 80.94
6456 81.13
6457 81.11
6458 80.94
6459 81.07
6460 81.14
6461 81.20
6462 81.19
6463 81.11
6464 81.19
6465 81.08
6466 80.99
6467 81.03
6468 81.17
6469 81.09
6470 81.11
6471 81.10
6472 81.03
6473 81.03
6474 81.05
6475 81.14
6476 81.01
6477 81.12
6478 81.11
6479 81.18
6480 81.13
6481 81.11
6482 81.05
6483 80.97
6484 81.12
6485 81.12
6486 81.16
6487 81.14
6488 81.10
6489 81.12
6490 81.11
6491 80.94
6492 81.05
6493 81.08
6494 81.06
6495 81.18
6496 81.10
6497 80.99
6498 81.20
6499 81.16
6500 81.21
6501 81.26
6502 80.98
6503 81.10
6504 81.09
6505 81.14
6506 81.17
6507 81.10
6508 81.10
6509 81.12
6510 81.08
6511 80.99
6512 81.22
6513 81.10
6514 81.11
6515 80.99
6516 81.16
6517 81.11
6518 81.05
6519 81.02
6520 80.94
6521 81.20
6522 81.16
6523 81.13
6524 81.18
6525 81.15
6526 81.06
6527 81.12
6528 81.21
6529 81.12
6530 81.13
6531 81.17
6532 80.98
6533 80.95
6534 81.08
6535 81.17
6536 81.14
6537 81.10
6538 80.93
6539 81.09
6540 81.14
6541 81.09
6542 81.01
6543 81.12
6544 81.22
6545 81.11
6546 81.06
6547 81.12
6548 81.07
6549 81.02
6550 81.01
6551 81.13
6552 81.15
6553 81.11
6554 81.07
6555 81.07
6556 81.04
6557 80.89
6558 81.12
6559 81.11
6560 81.12
6561 81.10
6562 80.96
6563 81.04
6564 80.98
6565 81.04
6566 81.05
6567 81.09
6568 81.09
6569 80.99
6570 81.06
6571 81.08
6572 81.09
6573 81.09
6574 81.15
6575 81.14
6576 81.08
6577 81.21
6578 81.18
6579 81.17
6580 81.04
6581 81.11
6582 81.22
6583 81.10
6584 81.16
6585 80.99
6586 81.11
6587 81.08
6588 81.07
6589 81.14
6590 81.07
6591 81.00
6592 81.11
6593 81.04
6594 81.19
6595 80.93
6596 81.03
6597 81.10
6598 81.03
6599 80.93
6600 81.19
6601 81.01
6602 81.03
6603 81.06
6604 81.21
6605 81.06
6606 81.09
6607 81.06
6608 81.11
6609 81.06
6610 81.15
6611 81.19
6612 81.04
6613 81.05
6614 81.07
6615 81.04
6616 81.08
6617 81.04
6618 81.14
6619 81.02
6620 81.06
6621 81.09
6622 81.05
6623 81.16
6624 81.18
6625 81.09
6626 81.17
6627 81.04
6628 81.07
6629 81.09
6630 81.25
6631 81.08
6632 81.11
6633 80.97
6634 81.07
6635 81.17
6636 81.06
6637 81.02
6638 81.09
6639 81.12
6640 81.04
6641 81.23
6642 81.14
6643 81.09
6644 81.12
6645 81.10
6646 81.13
6647 80.96
6648 81.15
6649 81.08
6650 81.04
6651 81.05
6652 81.20
6653 81.11
6654 81.09
6655 81.11
6656 80.96
6657 81.04
6658 81.09
6659 81.12
6660 81.10
6661 81.09
6662 80.98
6663 81.03
6664 81.17
6665 81.25
6666 81.25
6667 81.04
6668 81.10
6669 81.15
6670 81.11
6671 81.05
6672 81.10
6673 81.05
6674 81.11
6675 81.07
6676 81.17
6677 81.04
6678 81.11
6679 81.06
6680 81.07
6681 81.05
6682 81.06
6683 81.05
6684 80.96
6685 81.04
6686 81.09
6687 81.03
6688 81.08
6689 81.07
6690 81.06
6691 81.08
6692 81.12
6693 81.09
6694 80.88
6695 81.17
6696 81.12
6697 81.11
6698 81.14
6699 81.15
6700 81.10
6701 81.12
6702 81.12
6703 81.06
6704 81.17
6705 81.11
6706 81.10
6707 80.93
6708 81.02
6709 81.09
6710 81.17
6711 81.14
6712 81.12
6713 81.09
6714 81.05
6715 81.16
6716 81.16
6717 81.13
6718 81.07
6719 81.06
6720 81.17
6721 81.07
6722 81.09
6723 81.11
6724 81.05
6725 81.05
6726 81.07
6727 81.09
6728 81.13
6729 81.14
6730 81.09
6731 80.96
6732 81.13
6733 81.10
6734 81.19
6735 81.03
6736 81.05
6737 81.12
6738 81.08
6739 81.06
6740 81.14
6741 81.23
6742 80.97
6743 81.05
6744 81.06
6745 81.03
6746 81.17
6747 81.22
6748 81.05
6749 81.06
6750 81.12
6751 81.03
6752 81.12
6753 81.16
6754 81.12
6755 81.14
6756 81.00
6757 81.16
6758 81.15
6759 81.12
6760 81.10
6761 81.06
6762 81.04
6763 80.94
6764 81.10
6765 81.19
6766 80.96
6767 81.06
6768 81.15
6769 81.10
6770 81.14
6771 81.25
6772 81.21
6773 81.06
6774 81.19
6775 81.14
6776 81.13
6777 81.06
6778 81.13
6779 81.09
6780 81.03
6781 81.22
6782 81.13
6783 81.09
6784 81.19
6785 81.04
6786 81.14
6787 81.23
6788 80.96
6789 81.19
6790 80.98
6791 81.03
6792 81.17
6793 81.12
6794 81.14
6795 81.16
6796 81.14
6797 80.92
6798 81.09
6799 81.13
6800 81.15
6801 81.07
6802 81.01
6803 81.07
6804 81.05
6805 81.18
6806 81.09
6807 81.17
6808 81.05
6809 81.09
6810 81.18
6811 81.02
6812 81.16
6813 81.13
6814 81.07
6815 81.07
6816 81.05
6817 81.20
6818 81.06
6819 81.19
6820 81.14
6821 81.08
6822 81.06
6823 81.06
6824 81.19
6825 81.01
6826 81.04
6827 81.15
6828 81.04
6829 81.09
6830 81.14
6831 81.07
6832 81.07
6833 81.14
6834 81.22
6835 81.15
6836 81.04
6837 81.11
6838 81.17
6839 81.02
6840 81.05
6841 81.10
6842 81.13
6843 81.05
6844 81.10
6845 81.10
6846 81.04
6847 81.09
6848 81.11
6849 81.09
6850 81.13
6851 81.05
6852 81.06
6853 81.03
6854 81.14
6855 81.13
6856 81.11
6857 81.01
6858 80.98
6859 81.19
6860 81.10
6861 81.14
6862 81.09
6863 81.14
6864 81.02
6865 81.11
6866 81.19
6867 81.06
6868 81.03
6869 81.10
6870 81.10
6871 80.96
6872 81.17
6873 81.17
6874 81.11
6875 81.06
6876 81.04
6877 81.16
6878 80.99
6879 81.14
6880 81.07
6881 81.10
6882 81.02
6883 81.07
6884 81.18
6885 81.07
6886 81.20
6887 81.17
6888 81.08
6889 80.94
6890 81.09
6891 81.16
6892 80.99
6893 81.06
6894 81.11
6895 81.09
6896 81.18
6897 81.16
6898 81.02
6899 81.15
6900 81.05
6901 81.07
6902 81.10
6903 81.02
6904 81.11
6905 81.21
6906 81.04
6907 81.15
6908 81.02
6909 81.08
6910 80.97
6911 81.09
6912 81.13
6913 81.11
6914 81.03
6915 81.07
6916 81.07
6917 81.13
6918 81.19
6919 81.18
6920 81.07
6921 81.02
6922 81.07
6923 81.12
6924 81.19
6925 81.18
6926 81.05
6927 81.30
6928 81.08
6929 81.08
6930 80.96
6931 81.18
6932 81.18
6933 81.01
6934 81.02
6935 81.07
6936 81.08
6937 81.14
6938 81.19
6939 81.17
6940 81.12
6941 81.04
6942 81.10
6943 80.93
6944 81.13
6945 81.11
6946 81.14
6947 81.09
6948 81.08
6949 81.06
6950 81.05
6951 81.09
6952 81.10
6953 81.15
6954 81.03
6955 81.06
6956 81.07
6957 81.18
6958 81.09
6959 81.06
6960 81.11
6961 81.04
6962 81.04
6963 81.05
6964 81.08
6965 81.11
6966 81.06
6967 81.06
6968 81.10
6969 81.00
6970 80.99
6971 81.10
6972 81.14
6973 81.08
6974 81.06
6975 81.05
6976 81.08
6977 80.98
6978 81.05
6979 81.22
6980 81.20
6981 81.01
6982 81.09
6983 81.08
6984 81.14
6985 81.13
6986 81.06
6987 81.05
6988 81.06
6989 80.96
6990 81.13
6991 81.14
6992 81.10
6993 81.14
6994 81.15
6995 81.08
6996 80.98
6997 81.04
6998 81.06
6999 81.21
7000 81.03
7001 81.19
7002 81.04
7003 80.97
7004 81.09
7005 81.09
7006 81.07
7007 81.07
7008 80.98
7009 81.12
7010 80.96
7011 81.04
7012 81.12
7013 80.98
7014 81.06
7015 80.99
7016 80.92
7017 80.64
7018 79.79
7019 76.33
7020 70.04
7021 61.29
7022 51.96
7023 45.71
7024 41.48
7025 38.61
7026 36.57
7027 34.88
7028 33.54
7029 32.53
7030 31.62
7031 30.80
7032 30.32
7033 29.69
7034 29.14
7035 28.65
7036 28.23
7037 27.80
7038 27.25
7039 26.81
7040 26.57
7041 26.31
7042 26.01
7043 25.74
7044 25.53
7045 25.26
7046 24.91
7047 24.71
7048 24.55
7049 24.36
7050 24.15
7051 23.97
7052 23.92
7053 23.67
7054 23.49
7055 23.32
7056 23.26
7057 23.09
7058 22.92
7059 22.81
7060 22.61
7061 22.50
7062 22.36
7063 22.23
7064 22.00
7065 22.00
7066 21.87
7067 21.77
7068 21.69
7069 21.59
7070 21.54
