1 20.56
2 20.68
3 20.64
4 20.43
5 20.38
6 20.33
7 20.20
8 20.16
9 20.02
10 19.96
11 19.77
12 19.74
13 19.80
14 19.56
15 19.57
16 19.52
17 19.40
18 19.33
19 19.15
20 19.21
21 19.10
22 19.21
23 19.21
24 19.27
25 19.52
26 20.99
27 32.60
28 48.89
29 56.67
30 58.32
31 59.27
32 59.61
33 59.69
34 59.68
35 59.77
36 59.77
37 59.72
38 59.63
39 59.75
40 59.73
41 59.64
42 59.80
43 59.75
44 59.71
45 59.75
46 59.75
47 59.62
48 59.69
49 59.50
50 59.57
51 59.67
52 59.66
53 59.59
54 59.52
55 59.54
56 59.56
57 59.47
58 59.49
59 59.43
60 59.28
61 59.36
62 59.25
63 59.16
64 59.32
65 59.14
66 59.20
67 59.26
68 59.29
69 59.22
70 59.06
71 59.03
72 59.08
73 58.83
74 59.08
75 59.08
76 58.97
77 58.84
78 58.93
79 58.87
80 58.93
81 58.77
82 58.81
83 58.84
84 58.48
85 58.61
86 58.59
87 58.64
88 58.55
89 58.50
90 58.55
91 58.47
92 58.28
93 58.26
94 58.33
95 58.36
96 58.48
97 58.18
98 58.20
99 58.25
100 58.13
101 58.11
102 58.10
103 58.16
104 58.17
105 58.00
106 58.06
107 57.94
108 58.01
109 57.95
110 57.99
111 58.08
112 57.79
113 57.74
114 57.74
115 57.57
116 57.57
117 57.57
118 57.58
119 57.55
120 57.40
121 57.37
122 57.35
123 57.39
124 57.33
125 57.17
126 57.35
127 57.27
128 57.12
129 57.06
130 57.00
131 57.15
132 57.39
133 57.15
134 57.13
135 57.17
136 57.18
137 57.23
138 57.17
139 57.11
140 57.29
141 57.27
142 57.14
143 57.14
144 57.03
145 57.17
146 57.20
147 57.12
148 57.28
149 57.17
150 57.17
151 57.12
152 57.15
153 57.12
154 57.24
155 57.03
156 57.30
157 57.12
158 57.14
159 57.19
160 57.02
161 57.31
162 57.12
163 57.04
164 57.01
165 57.10
166 57.15
167 57.19
168 57.31
169 57.19
170 57.12
171 57.10
172 57.14
173 57.10
174 57.15
175 57.20
176 57.33
177 57.19
178 57.12
179 57.13
180 57.10
181 57.15
182 57.20
183 57.26
184 57.26
185 57.12
186 57.12
187 57.33
188 57.21
189 57.17
190 57.14
191 57.28
192 57.22
193 57.20
194 57.09
195 57.18
196 57.26
197 57.28
198 57.21
199 57.25
200 57.19
201 57.26
202 57.28
203 57.31
204 57.32
205 57.11
206 57.18
207 57.29
208 57.32
209 57.29
210 57.12
211 57.23
212 57.36
213 57.34
214 57.26
215 57.30
216 57.41
217 57.17
218 57.26
219 57.22
220 57.37
221 57.35
222 57.42
223 57.33
224 57.35
225 57.41
226 57.45
227 57.32
228 57.31
229 57.26
230 57.45
231 57.33
232 57.23
233 57.27
234 57.28
235 57.38
236 57.40
237 57.36
238 57.43
239 57.39
240 57.19
241 57.35
242 57.36
243 57.44
244 57.28
245 57.43
246 57.32
247 57.35
248 57.33
249 57.58
250 57.49
251 57.22
252 57.42
253 57.38
254 57.42
255 57.42
256 57.55
257 57.53
258 57.43
259 57.29
260 57.45
261 57.48
262 57.52
263 57.54
264 57.47
265 57.46
266 57.57
267 57.62
268 57.58
269 57.54
270 57.51
271 57.54
272 57.40
273 57.45
274 57.60
275 57.52
276 57.45
277 57.65
278 57.49
279 57.58
280 57.48
281 57.62
282 57.65
283 57.57
284 57.46
285 57.54
286 57.53
287 57.48
288 57.62
289 57.49
290 57.54
291 57.57
292 57.73
293 57.62
294 57.78
295 57.70
296 57.54
297 57.72
298 57.57
299 57.60
300 57.71
301 57.51
302 57.61
303 57.61
304 57.58
305 57.61
306 57.63
307 57.64
308 57.80
309 57.68
310 57.69
311 57.72
312 57.63
313 57.87
314 57.83
315 57.67
316 57.61
317 57.61
318 57.62
319 57.73
320 57.69
321 57.83
322 57.84
323 57.72
324 57.78
325 57.78
326 57.85
327 57.85
328 57.82
329 57.81
330 57.76
331 57.74
332 57.79
333 57.72
334 57.85
335 57.88
336 57.68
337 57.86
338 57.87
339 57.83
340 57.88
341 57.93
342 57.97
343 57.90
344 57.86
345 57.89
346 57.72
347 57.75
348 57.79
349 57.85
350 57.97
351 57.85
352 57.79
353 58.00
354 57.91
355 57.86
356 57.90
357 57.92
358 57.92
359 57.82
360 57.95
361 57.84
362 57.98
363 57.98
364 57.88
365 58.02
366 57.92
367 57.99
368 57.91
369 57.92
370 58.00
371 57.97
372 58.10
373 57.91
374 57.98
375 57.92
376 57.85
377 58.08
378 58.08
379 58.03
380 58.23
381 58.11
382 58.14
383 57.89
384 58.02
385 58.01
386 58.07
387 58.21
388 58.23
389 58.06
390 58.15
391 58.02
392 58.03
393 58.15
394 57.96
395 58.12
396 58.20
397 57.95
398 58.04
399 58.10
400 58.23
401 58.15
402 57.99
403 58.10
404 58.15
405 58.14
406 58.05
407 58.12
408 58.13
409 58.15
410 58.11
411 58.03
412 58.10
413 58.14
414 58.16
415 58.32
416 58.18
417 58.27
418 58.24
419 58.14
420 58.10
421 58.33
422 58.30
423 58.18
424 58.20
425 58.20
426 58.26
427 58.26
428 58.32
429 58.31
430 58.22
431 58.11
432 58.17
433 58.12
434 58.40
435 58.17
436 58.26
437 58.24
438 58.10
439 58.21
440 58.25
441 58.34
442 58.11
443 58.32
444 58.22
445 58.22
446 58.37
447 58.35
448 58.29
449 58.27
450 58.21
451 58.32
452 58.33
453 58.35
454 58.37
455 58.35
456 58.21
457 58.28
458 58.32
459 58.51
460 58.19
461 58.31
462 58.48
463 58.46
464 58.25
465 58.36
466 58.45
467 58.41
468 58.47
469 58.43
470 58.44
471 58.49
472 58.32
473 58.45
474 58.43
475 58.52
476 58.30
477 58.40
478 58.55
479 58.37
480 58.29
481 58.48
482 58.54
483 58.54
484 58.40
485 58.41
486 58.38
487 58.52
488 58.46
489 58.54
490 58.42
491 58.35
492 58.57
493 58.37
494 58.37
495 58.66
496 58.54
497 58.61
498 58.40
499 58.38
500 58.54
501 58.54
502 58.57
503 58.69
504 58.61
505 58.47
506 58.42
507 58.48
508 58.61
509 58.51
510 58.67
511 58.66
512 58.53
513 58.57
514 58.45
515 58.66
516 58.50
517 58.60
518 58.65
519 58.59
520 58.49
521 58.41
522 58.61
523 58.69
524 58.52
525 58.48
526 58.64
527 58.45
528 58.70
529 58.52
530 58.60
531 58.54
532 58.54
533 58.59
534 58.77
535 58.69
536 58.60
537 58.73
538 58.68
539 58.54
540 58.65
541 58.69
542 58.61
543 58.78
544 58.63
545 58.69
546 58.64
547 58.79
548 58.73
549 58.66
550 58.64
551 58.58
552 58.57
553 58.70
554 58.71
555 58.67
556 58.60
557 58.66
558 58.75
559 58.76
560 58.73
561 58.73
562 58.64
563 58.82
564 58.62
565 58.73
566 58.83
567 58.79
568 58.77
569 58.63
570 58.67
571 58.92
572 58.80
573 58.78
574 58.73
575 58.66
576 58.63
577 58.71
578 58.83
579 58.90
580 58.81
581 58.56
582 58.86
583 58.68
584 58.69
585 58.79
586 58.98
587 58.87
588 58.82
589 58.71
590 58.78
591 58.81
592 58.88
593 58.79
594 58.75
595 58.83
596 58.74
597 58.98
598 58.77
599 58.77
600 58.92
601 58.80
602 58.74
603 58.83
604 58.85
605 58.94
606 58.87
607 58.77
608 58.88
609 58.78
610 58.95
611 58.98
612 58.82
613 58.87
614 58.86
615 58.97
616 58.84
617 58.88
618 58.88
619 58.82
620 58.95
621 58.84
622 58.93
623 58.92
624 58.77
625 58.84
626 58.80
627 58.95
628 58.97
629 58.92
630 58.87
631 58.82
632 58.93
633 58.92
634 58.88
635 58.96
636 58.89
637 58.92
638 58.82
639 58.93
640 59.06
641 59.11
642 58.87
643 58.89
644 58.89
645 58.99
646 59.03
647 59.07
648 58.84
649 59.00
650 58.87
651 58.93
652 58.99
653 58.94
654 59.04
655 59.02
656 58.76
657 58.97
658 59.04
659 59.07
660 58.95
661 59.09
662 58.86
663 58.82
664 59.17
665 58.94
666 58.95
667 59.10
668 59.10
669 58.93
670 58.97
671 59.04
672 59.00
673 58.98
674 58.94
675 58.97
676 58.95
677 59.15
678 59.06
679 58.98
680 59.09
681 58.95
682 58.99
683 59.01
684 59.09
685 59.03
686 59.02
687 59.03
688 59.00
689 59.00
690 59.13
691 59.13
692 58.98
693 59.07
694 59.08
695 59.03
696 59.12
697 59.05
698 59.00
699 59.06
700 59.05
701 59.16
702 59.18
703 59.11
704 58.95
705 58.99
706 59.08
707 59.13
708 59.07
709 59.04
710 59.15
711 59.09
712 59.08
713 59.16
714 59.02
715 59.04
716 59.19
717 59.13
718 59.04
719 59.11
720 59.10
721 59.10
722 59.02
723 59.02
724 59.07
725 59.08
726 59.14
727 59.22
728 59.20
729 59.00
730 59.06
731 59.13
732 59.16
733 59.19
734 59.02
735 59.14
736 59.19
737 59.24
738 59.06
739 59.15
740 59.06
741 59.07
742 59.16
743 59.07
744 59.14
745 59.30
746 59.17
747 59.16
748 59.16
749 59.03
750 59.10
751 59.32
752 59.17
753 59.07
754 59.04
755 59.28
756 59.34
757 59.05
758 59.27
759 59.04
760 59.17
761 59.10
762 59.22
763 59.16
764 59.23
765 59.11
766 59.07
767 59.03
768 59.19
769 59.07
770 59.22
771 59.23
772 59.13
773 59.22
774 59.23
775 59.21
776 59.18
777 59.28
778 59.11
779 59.14
780 59.04
781 59.23
782 59.13
783 59.37
784 59.16
785 59.20
786 59.24
787 59.18
788 59.14
789 59.08
790 59.35
791 59.35
792 59.20
793 59.16
794 59.25
795 59.22
796 59.26
797 59.18
798 59.17
799 59.22
800 59.16
801 59.23
802 59.20
803 59.08
804 59.19
805 59.32
806 59.23
807 59.10
808 59.28
809 59.23
810 59.18
811 59.07
812 59.19
813 59.33
814 59.25
815 59.32
816 59.34
817 59.23
818 59.08
819 59.20
820 59.24
821 59.25
822 59.11
823 59.15
824 59.11
825 59.20
826 59.31
827 59.26
828 59.35
829 59.12
830 59.14
831 59.21
832 59.31
833 59.21
834 59.27
835 59.20
836 59.28
837 59.31
838 59.18
839 59.25
840 59.25
841 59.28
842 59.26
843 59.17
844 59.23
845 59.21
846 59.38
847 59.13
848 59.31
849 59.24
850 59.13
851 59.22
852 59.36
853 59.33
854 59.19
855 59.14
856 59.36
857 59.29
858 59.36
859 59.28
860 59.27
861 59.23
862 59.29
863 59.29
864 59.12
865 59.21
866 59.20
867 59.33
868 59.22
869 59.35
870 59.23
871 59.39
872 59.31
873 59.42
874 59.43
875 59.22
876 59.21
877 59.24
878 59.24
879 59.20
880 59.18
881 59.28
882 59.28
883 59.38
884 59.24
885 59.34
886 59.20
887 59.38
888 59.38
889 59.19
890 59.29
891 59.39
892 59.13
893 59.25
894 59.34
895 59.36
896 59.36
897 59.41
898 59.09
899 59.31
900 59.24
901 59.31
902 59.29
903 59.31
904 59.25
905 59.38
906 59.30
907 59.21
908 59.37
909 59.21
910 59.43
911 59.28
912 59.28
913 59.37
914 59.34
915 59.35
916 59.36
917 59.32
918 59.25
919 59.19
920 59.27
921 59.30
922 59.30
923 59.34
924 59.23
925 59.31
926 59.20
927 59.31
928 59.49
929 59.35
930 59.45
931 59.27
932 59.34
933 59.31
934 59.34
935 59.35
936 59.26
937 59.28
938 59.28
939 59.25
940 59.32
941 59.35
942 59.56
943 59.32
944 59.36
945 59.31
946 59.47
947 59.21
948 59.33
949 59.39
950 59.24
951 59.31
952 59.18
953 59.29
954 59.28
955 59.18
956 59.36
957 59.29
958 59.18
959 59.38
960 59.37
961 59.35
962 59.31
963 59.40
964 59.41
965 59.27
966 59.30
967 59.31
968 59.36
969 59.25
970 59.18
971 59.31
972 59.33
973 59.30
974 59.37
975 59.40
976 59.32
977 59.30
978 59.27
979 59.41
980 59.21
981 59.34
982 59.33
983 59.31
984 59.23
985 59.32
986 59.41
987 59.35
988 59.38
989 59.36
990 59.30
991 59.25
992 59.31
993 59.45
994 59.36
995 59.30
996 59.47
997 59.41
998 59.38
999 59.37
1000 59.41
1001 59.35
1002 59.46
1003 59.27
1004 59.23
1005 59.24
1006 59.40
1007 59.31
1008 59.32
1009 59.19
1010 59.30
1011 59.34
1012 59.29
1013 59.29
1014 59.45
1015 59.42
1016 59.43
1017 59.28
1018 59.39
1019 59.32
1020 59.39
1021 59.35
1022 59.43
1023 59.34
1024 59.41
1025 59.19
1026 59.40
1027 59.55
1028 59.48
1029 59.32
1030 59.42
1031 59.40
1032 59.38
1033 59.22
1034 59.40
1035 59.52
1036 59.31
1037 59.42
1038 59.33
1039 59.33
1040 59.34
1041 59.43
1042 59.41
1043 59.31
1044 59.29
1045 59.43
1046 59.40
1047 59.32
1048 59.40
1049 59.32
1050 59.24
1051 59.24
1052 59.34
1053 59.33
1054 59.36
1055 59.36
1056 59.38
1057 59.44
1058 59.32
1059 59.36
1060 59.45
1061 59.45
1062 59.42
1063 59.38
1064 59.40
1065 59.34
1066 59.36
1067 59.36
1068 59.47
1069 59.29
1070 59.30
1071 59.31
1072 59.31
1073 59.43
1074 59.36
1075 59.39
1076 59.29
1077 59.18
1078 59.40
1079 59.38
1080 59.32
1081 59.51
1082 59.46
1083 59.34
1084 59.27
1085 59.35
1086 59.44
1087 59.34
1088 59.36
1089 59.36
1090 59.47
1091 59.20
1092 59.38
1093 59.27
1094 59.30
1095 59.34
1096 59.44
1097 59.37
1098 59.23
1099 59.19
1100 59.27
1101 59.40
1102 59.45
1103 59.31
1104 59.34
1105 59.38
1106 59.32
1107 59.33
1108 59.23
1109 59.44
1110 59.38
1111 59.28
1112 59.39
1113 59.42
1114 59.29
1115 59.31
1116 59.41
1117 59.47
1118 59.38
1119 59.31
1120 59.17
1121 59.45
1122 59.41
1123 59.52
1124 59.47
1125 59.46
1126 59.29
1127 59.35
1128 59.32
1129 59.41
1130 59.33
1131 59.28
1132 59.31
1133 59.29
1134 59.33
1135 59.49
1136 59.42
1137 59.34
1138 59.49
1139 59.45
1140 59.38
1141 59.31
1142 59.35
1143 59.36
1144 59.30
1145 59.20
1146 59.38
1147 59.49
1148 59.54
1149 59.47
1150 59.26
1151 59.42
1152 59.33
1153 59.44
1154 59.41
1155 59.47
1156 59.41
1157 59.33
1158 59.37
1159 59.34
1160 59.46
1161 59.42
1162 59.37
1163 59.47
1164 59.39
1165 59.36
1166 59.27
1167 59.35
1168 59.34
1169 59.51
1170 59.48
1171 59.32
1172 59.25
1173 59.23
1174 59.55
1175 59.45
1176 59.64
1177 59.43
1178 59.47
1179 59.46
1180 59.46
1181 59.31
1182 59.43
1183 59.41
1184 59.54
1185 59.43
1186 59.40
1187 59.35
1188 59.42
1189 59.33
1190 59.35
1191 59.43
1192 59.55
1193 59.30
1194 59.36
1195 59.31
1196 59.39
1197 59.49
1198 59.41
1199 59.46
1200 59.43
1201 59.31
1202 59.48
1203 59.29
1204 59.43
1205 59.43
1206 59.41
1207 59.22
1208 59.39
1209 59.33
1210 59.40
1211 59.37
1212 59.36
1213 59.60
1214 59.54
1215 59.33
1216 59.50
1217 59.30
1218 59.46
1219 59.39
1220 59.52
1221 59.43
1222 59.26
1223 59.20
1224 59.41
1225 59.34
1226 59.36
1227 59.52
1228 59.52
1229 59.52
1230 59.32
1231 59.34
1232 59.47
1233 59.40
1234 59.61
1235 59.56
1236 59.42
1237 59.38
1238 59.32
1239 59.38
1240 59.41
1241 59.45
1242 59.45
1243 59.47
1244 59.33
1245 59.52
1246 59.46
1247 59.42
1248 59.49
1249 59.43
1250 59.56
1251 59.38
1252 59.37
1253 59.48
1254 59.36
1255 59.43
1256 59.58
1257 59.47
1258 59.31
1259 59.43
1260 59.32
1261 59.40
1262 59.43
1263 59.52
1264 59.40
1265 59.35
1266 59.29
1267 59.37
1268 59.37
1269 59.37
1270 59.44
1271 59.52
1272 59.47
1273 59.46
1274 59.40
1275 59.39
1276 59.34
1277 59.54
1278 59.44
1279 59.46
1280 59.41
1281 59.38
1282 59.36
1283 59.40
1284 59.36
1285 59.40
1286 59.50
1287 59.42
1288 59.35
1289 59.24
1290 59.66
1291 59.53
1292 59.32
1293 59.51
1294 59.47
1295 59.39
1296 59.51
1297 59.43
1298 59.52
1299 59.43
1300 59.43
1301 59.48
1302 59.43
1303 59.48
1304 59.53
1305 59.57
1306 59.37
1307 59.41
1308 59.38
1309 59.52
1310 59.36
1311 59.47
1312 59.41
1313 59.40
1314 59.35
1315 59.36
1316 59.31
1317 59.35
1318 59.40
1319 59.56
1320 59.49
1321 59.44
1322 59.36
1323 59.32
1324 59.51
1325 59.34
1326 59.44
1327 59.51
1328 59.52
1329 59.50
1330 59.39
1331 59.43
1332 59.35
1333 59.46
1334 59.49
1335 59.48
1336 59.50
1337 59.32
1338 59.40
1339 59.64
1340 59.54
1341 59.47
1342 59.54
1343 59.41
1344 59.42
1345 59.50
1346 59.46
1347 59.48
1348 59.43
1349 59.43
1350 59.46
1351 59.46
1352 59.47
1353 59.40
1354 59.52
1355 59.39
1356 59.54
1357 59.35
1358 59.49
1359 59.41
1360 59.40
1361 59.38
1362 59.47
1363 59.47
1364 59.47
1365 59.51
1366 59.58
1367 59.37
1368 59.52
1369 59.41
1370 59.49
1371 59.47
1372 59.52
1373 59.43
1374 59.51
1375 59.48
1376 59.47
1377 59.61
1378 59.48
1379 59.50
1380 59.42
1381 59.33
1382 59.55
1383 59.47
1384 59.47
1385 59.45
1386 59.31
1387 59.45
1388 59.42
1389 59.40
1390 59.47
1391 59.40
1392 59.60
1393 59.43
1394 59.49
1395 59.39
1396 59.41
1397 59.43
1398 59.55
1399 59.69
1400 59.48
1401 59.57
1402 59.55
1403 59.49
1404 59.40
1405 59.45
1406 59.54
1407 59.41
1408 59.55
1409 59.44
1410 59.53
1411 59.38
1412 59.56
1413 59.53
1414 59.51
1415 59.42
1416 59.43
1417 59.47
1418 59.52
1419 59.47
1420 59.46
1421 59.44
1422 59.55
1423 59.52
1424 59.45
1425 59.61
1426 59.43
1427 59.47
1428 59.48
1429 59.47
1430 59.46
1431 59.50
1432 59.38
1433 59.48
1434 59.45
1435 59.52
1436 59.57
1437 59.54
1438 59.55
1439 59.58
1440 59.51
1441 59.50
1442 59.38
1443 59.43
1444 59.53
1445 59.58
1446 59.44
1447 59.38
1448 59.55
1449 59.54
1450 59.57
1451 59.49
1452 59.57
1453 59.58
1454 59.54
1455 59.31
1456 59.49
1457 59.49
1458 59.36
1459 59.63
1460 59.69
1461 59.49
1462 59.41
1463 59.45
1464 59.56
1465 59.60
1466 59.48
1467 59.54
1468 59.55
1469 59.52
1470 59.49
1471 59.50
1472 59.60
1473 59.54
1474 59.55
1475 59.44
1476 59.50
1477 59.39
1478 59.41
1479 59.52
1480 59.41
1481 59.67
1482 59.60
1483 59.47
1484 59.52
1485 59.56
1486 59.46
1487 59.62
1488 59.57
1489 59.46
1490 59.65
1491 59.45
1492 59.46
1493 59.65
1494 59.53
1495 59.61
1496 59.57
1497 59.38
1498 59.51
1499 59.36
1500 59.41
1501 59.49
1502 59.57
1503 59.54
1504 59.44
1505 59.52
1506 59.59
1507 59.47
1508 59.41
1509 59.59
1510 59.58
1511 59.66
1512 59.50
1513 59.55
1514 59.50
1515 59.43
1516 59.51
1517 59.54
1518 59.61
1519 59.49
1520 59.56
1521 59.45
1522 59.52
1523 59.54
1524 59.49
1525 59.49
1526 59.56
1527 59.49
1528 59.60
1529 59.54
1530 59.53
1531 59.53
1532 59.52
1533 59.40
1534 59.51
1535 59.61
1536 59.50
1537 59.60
1538 59.47
1539 59.55
1540 59.57
1541 59.49
1542 59.45
1543 59.54
1544 59.61
1545 59.52
1546 59.70
1547 59.52
1548 59.50
1549 59.50
1550 59.52
1551 59.56
1552 59.47
1553 59.50
1554 59.74
1555 59.54
1556 59.65
1557 59.59
1558 59.61
1559 59.56
1560 59.54
1561 59.61
1562 59.54
1563 59.61
1564 59.61
1565 59.56
1566 59.68
1567 59.51
1568 59.56
1569 59.44
1570 59.51
1571 59.59
1572 59.66
1573 59.54
1574 59.69
1575 59.60
1576 59.61
1577 59.56
1578 59.49
1579 59.50
1580 59.50
1581 59.41
1582 59.62
1583 59.58
1584 59.78
1585 59.51
1586 59.61
1587 59.57
1588 59.53
1589 59.54
1590 59.56
1591 59.52
1592 59.67
1593 59.53
1594 59.59
1595 59.53
1596 59.54
1597 59.47
1598 59.58
1599 59.54
1600 59.53
1601 59.45
1602 59.55
1603 59.47
1604 59.57
1605 59.45
1606 59.55
1607 59.54
1608 59.76
1609 59.72
1610 59.56
1611 59.59
1612 59.52
1613 59.50
1614 59.50
1615 59.59
1616 59.54
1617 59.69
1618 59.58
1619 59.58
1620 59.49
1621 59.56
1622 59.52
1623 59.65
1624 59.67
1625 59.55
1626 59.70
1627 59.60
1628 59.63
1629 59.58
1630 59.56
1631 59.54
1632 59.64
1633 59.65
1634 59.49
1635 59.50
1636 59.59
1637 59.53
1638 59.61
1639 59.61
1640 59.54
1641 59.61
1642 59.56
1643 59.61
1644 59.63
1645 59.65
1646 59.67
1647 59.59
1648 59.61
1649 59.49
1650 59.59
1651 59.61
1652 59.68
1653 59.65
1654 59.65
1655 59.67
1656 59.64
1657 59.56
1658 59.51
1659 59.60
1660 59.61
1661 59.63
1662 59.59
1663 59.74
1664 59.60
1665 59.59
1666 59.46
1667 59.62
1668 59.63
1669 59.55
1670 59.60
1671 59.70
1672 59.59
1673 59.61
1674 59.60
1675 59.66
1676 59.60
1677 59.71
1678 59.68
1679 59.71
1680 59.64
1681 59.57
1682 59.50
1683 59.47
1684 59.64
1685 59.70
1686 59.67
1687 59.74
1688 59.81
1689 59.78
1690 59.76
1691 59.55
1692 59.63
1693 59.58
1694 59.66
1695 59.51
1696 59.67
1697 59.54
1698 59.62
1699 59.65
1700 59.71
1701 59.66
1702 59.61
1703 59.45
1704 59.70
1705 59.61
1706 59.59
1707 59.62
1708 59.77
1709 59.69
1710 59.53
1711 59.67
1712 59.77
1713 59.59
1714 59.56
1715 59.82
1716 59.67
1717 59.82
1718 59.54
1719 59.58
1720 59.68
1721 59.63
1722 59.47
1723 59.71
1724 59.65
1725 59.86
1726 59.62
1727 59.70
1728 59.70
1729 59.65
1730 59.54
1731 59.72
1732 59.70
1733 59.67
1734 59.71
1735 59.52
1736 59.63
1737 59.59
1738 59.72
1739 59.74
1740 59.64
1741 59.75
1742 59.66
1743 59.53
1744 59.59
1745 59.56
1746 59.74
1747 59.68
1748 59.66
1749 60.01
1750 59.66
1751 59.48
1752 59.63
1753 59.65
1754 59.60
1755 59.72
1756 59.76
1757 59.61
1758 59.77
1759 59.67
1760 59.79
1761 59.63
1762 59.67
1763 59.67
1764 59.68
1765 59.70
1766 59.57
1767 59.61
1768 59.67
1769 59.76
1770 59.61
1771 59.65
1772 59.72
1773 59.73
1774 59.71
1775 59.60
1776 59.60
1777 59.76
1778 59.75
1779 59.60
1780 59.79
1781 59.82
1782 59.81
1783 59.64
1784 59.68
1785 59.54
1786 59.58
1787 59.63
1788 59.56
1789 59.79
1790 59.75
1791 59.60
1792 59.67
1793 59.54
1794 59.67
1795 59.63
1796 59.76
1797 59.68
1798 59.81
1799 59.65
1800 59.59
1801 59.63
1802 59.68
1803 59.69
1804 59.66
1805 59.68
1806 59.68
1807 59.68
1808 59.68
1809 59.70
1810 59.73
1811 59.58
1812 59.62
1813 59.68
1814 59.77
1815 59.59
1816 59.77
1817 59.63
1818 59.67
1819 59.85
1820 59.74
1821 59.73
1822 59.72
1823 59.63
1824 59.71
1825 59.73
1826 59.76
1827 59.85
1828 59.65
1829 59.72
1830 59.79
1831 59.67
1832 59.78
1833 59.77
1834 59.79
1835 59.81
1836 59.69
1837 59.80
1838 59.84
1839 59.79
1840 59.67
1841 59.74
1842 59.72
1843 59.82
1844 59.72
1845 59.72
1846 59.81
1847 59.82
1848 59.70
1849 59.68
1850 59.62
1851 59.68
1852 59.86
1853 59.69
1854 59.78
1855 59.69
1856 59.73
1857 59.59
1858 59.58
1859 59.74
1860 59.90
1861 59.78
1862 59.68
1863 59.74
1864 59.70
1865 59.72
1866 59.74
1867 59.60
1868 59.58
1869 59.60
1870 59.80
1871 59.86
1872 59.72
1873 59.68
1874 59.66
1875 59.77
1876 59.89
1877 59.59
1878 59.81
1879 59.74
1880 59.77
1881 59.68
1882 59.68
1883 59.80
1884 59.79
1885 59.63
1886 59.79
1887 59.78
1888 59.67
1889 59.83
1890 59.67
1891 59.68
1892 59.70
1893 59.76
1894 59.79
1895 59.77
1896 59.84
1897 59.76
1898 59.70
1899 59.63
1900 59.77
1901 59.79
1902 59.77
1903 59.83
1904 59.84
1905 59.67
1906 60.00
1907 59.70
1908 59.76
1909 59.82
1910 59.78
1911 59.74
1912 59.79
1913 59.80
1914 59.76
1915 59.78
1916 59.73
1917 59.76
1918 59.73
1919 59.72
1920 59.74
1921 59.79
1922 59.76
1923 59.75
1924 59.68
1925 59.63
1926 59.67
1927 59.68
1928 59.54
1929 59.84
1930 59.96
1931 59.92
1932 59.67
1933 59.78
1934 59.90
1935 59.68
1936 59.75
1937 59.79
1938 59.75
1939 59.76
1940 59.74
1941 59.72
1942 59.83
1943 59.74
1944 59.74
1945 59.77
1946 59.85
1947 59.74
1948 59.89
1949 59.61
1950 59.77
1951 59.72
1952 59.86
1953 59.76
1954 59.83
1955 59.66
1956 59.76
1957 59.83
1958 59.85
1959 59.74
1960 59.72
1961 59.77
1962 59.80
1963 59.73
1964 59.77
1965 59.85
1966 59.81
1967 59.86
1968 59.75
1969 59.97
1970 59.89
1971 59.74
1972 59.73
1973 59.76
1974 59.83
1975 59.87
1976 59.80
1977 59.90
1978 59.69
1979 59.65
1980 59.43
1981 58.98
1982 57.95
1983 56.62
1984 55.32
1985 53.92
1986 52.09
1987 49.28
1988 45.76
1989 40.08
1990 34.68
1991 30.23
1992 27.79
1993 25.82
1994 23.10
1995 21.62
1996 20.98
1997 20.75
1998 20.66
1999 20.55
2000 20.42
2001 20.59
2002 20.66
2003 20.74
2004 20.83
2005 20.79
2006 20.94
2007 21.05
2008 20.97
2009 20.82
2010 20.78
2011 20.69
2012 20.83
2013 20.74
2014 20.76
2015 20.92
2016 20.92
2017 21.07
2018 21.10
2019 21.25
2020 21.31
2021 21.38
2022 21.48
2023 21.65
2024 21.54
2025 21.62
2026 21.82
2027 21.75
2028 21.83
2029 21.84
2030 21.95
2031 21.93
2032 21.98
2033 22.03
2034 22.07
2035 22.07
2036 22.12
2037 22.06
2038 22.11
2039 22.12
2040 22.17
2041 22.14
2042 22.16
2043 22.25
2044 22.29
2045 22.14
2046 22.22
2047 22.19
2048 22.28
2049 22.22
2050 22.33
2051 22.35
2052 22.32
2053 22.33
2054 22.33
2055 22.20
2056 22.30
2057 22.33
2058 22.41
2059 22.42
2060 22.37
2061 22.34
2062 22.32
2063 22.39
2064 22.30
2065 22.34
2066 22.32
2067 22.36
2068 22.44
2069 22.39
2070 22.32
