1 2.25
2 2.53
3 2.71
4 2.94
5 3.05
6 3.23
7 3.39
8 3.53
9 3.65
10 3.67
11 3.99
12 3.93
13 4.02
14 4.08
15 4.18
16 4.25
17 4.28
18 4.34
19 4.47
20 4.47
21 4.58
22 4.63
23 4.76
24 4.70
25 4.70
26 4.78
27 4.78
28 4.87
29 4.89
30 4.93
31 4.95
32 4.95
33 4.94
34 5.09
35 5.07
36 5.05
37 5.08
38 5.16
39 5.18
40 5.24
41 5.11
42 5.24
43 5.18
44 5.15
45 5.21
46 5.29
47 5.49
48 6.02
49 6.62
50 7.16
51 7.66
52 8.19
53 8.64
54 9.16
55 10.09
56 11.54
57 12.83
58 13.98
59 32.10
60 49.30
61 56.21
62 58.34
63 59.07
64 59.22
65 59.38
66 59.50
67 59.52
68 59.51
69 59.60
70 59.65
71 59.55
72 59.62
73 59.58
74 59.54
75 59.43
76 59.47
77 59.55
78 59.58
79 59.49
80 59.53
81 59.63
82 59.63
83 59.60
84 59.64
85 59.64
86 59.55
87 59.56
88 59.59
89 59.52
90 59.67
91 59.62
92 59.74
93 59.67
94 59.59
95 59.70
96 59.66
97 59.58
98 59.67
99 59.61
100 59.54
101 59.58
102 59.65
103 59.56
104 59.65
105 59.73
106 59.62
107 59.63
108 59.67
109 59.58
110 59.50
111 59.52
112 59.70
113 59.68
114 59.56
115 59.57
116 59.67
117 59.65
118 59.55
119 59.59
120 59.71
121 59.65
122 59.58
123 59.58
124 59.72
125 59.65
126 59.65
127 59.74
128 59.53
129 59.60
130 59.50
131 59.66
132 59.68
133 59.75
134 59.72
135 59.61
136 59.43
137 59.60
138 59.67
139 59.68
140 59.64
141 59.62
142 59.74
143 59.63
144 59.51
145 59.74
146 59.62
147 59.65
148 59.69
149 59.55
150 59.66
151 59.67
152 59.68
153 59.68
154 59.79
155 59.63
156 59.49
157 59.79
158 59.75
159 59.61
160 59.77
161 59.74
162 59.70
163 59.62
164 59.64
165 59.69
166 59.76
167 59.71
168 59.70
169 59.59
170 59.66
171 59.59
172 59.72
173 59.72
174 59.69
175 59.88
176 59.67
177 59.56
178 59.75
179 59.72
180 59.85
181 59.66
182 59.68
183 59.76
184 59.74
185 59.68
186 59.61
187 59.77
188 59.72
189 59.67
190 59.61
191 59.80
192 59.62
193 59.70
194 59.82
195 59.77
196 59.66
197 59.62
198 59.73
199 59.77
200 59.67
201 59.70
202 59.72
203 59.82
204 59.69
205 59.74
206 59.73
207 59.75
208 59.70
209 59.78
210 59.84
211 59.74
212 59.67
213 59.68
214 59.83
215 59.85
216 59.74
217 59.80
218 59.83
219 59.66
220 59.68
221 59.73
222 59.75
223 59.79
224 59.57
225 59.78
226 59.75
227 59.66
228 59.80
229 59.56
230 59.76
231 59.86
232 59.78
233 59.78
234 59.70
235 59.79
236 59.68
237 59.83
238 59.81
239 59.87
240 59.74
241 59.83
242 59.64
243 59.83
244 59.67
245 59.87
246 59.83
247 59.89
248 59.69
249 59.87
250 59.89
251 59.76
252 59.75
253 59.86
254 59.87
255 59.90
256 59.79
257 59.83
258 59.94
259 59.89
260 59.76
261 59.65
262 59.92
263 59.82
264 59.83
265 59.81
266 59.92
267 59.88
268 59.80
269 59.72
270 59.76
271 59.68
272 59.74
273 59.84
274 59.95
275 59.87
276 59.72
277 59.86
278 59.83
279 59.73
280 59.85
281 59.91
282 59.79
283 59.91
284 59.81
285 59.75
286 59.85
287 59.86
288 59.94
289 59.90
290 59.83
291 59.85
292 59.98
293 59.89
294 59.85
295 59.78
296 59.89
297 59.90
298 59.83
299 59.89
300 59.79
301 59.81
302 59.82
303 59.84
304 59.79
305 59.90
306 59.89
307 59.86
308 59.86
309 59.74
310 59.85
311 59.82
312 59.83
313 59.89
314 59.91
315 59.90
316 59.89
317 60.07
318 59.81
319 59.87
320 59.94
321 59.88
322 59.82
323 59.94
324 59.78
325 59.70
326 59.86
327 59.98
328 59.98
329 59.94
330 59.96
331 59.88
332 59.86
333 59.83
334 59.89
335 59.78
336 59.94
337 59.88
338 59.81
339 59.88
340 59.97
341 59.93
342 59.81
343 59.88
344 59.95
345 59.86
346 59.73
347 59.94
348 59.98
349 59.83
350 59.90
351 59.95
352 59.77
353 59.85
354 59.88
355 59.88
356 59.92
357 59.86
358 59.88
359 59.96
360 60.01
361 59.92
362 60.01
363 59.76
364 59.81
365 59.96
366 59.94
367 59.95
368 59.89
369 59.94
370 59.97
371 59.90
372 59.90
373 59.81
374 59.81
375 59.98
376 59.97
377 60.03
378 60.00
379 59.84
380 60.01
381 59.91
382 59.97
383 59.88
384 59.99
385 60.06
386 59.92
387 59.90
388 59.87
389 59.90
390 59.90
391 59.91
392 60.05
393 59.96
394 59.83
395 59.94
396 59.91
397 59.96
398 59.88
399 60.00
400 59.95
401 60.06
402 59.95
403 60.02
404 59.94
405 59.98
406 59.89
407 60.04
408 60.02
409 60.16
410 59.92
411 59.94
412 59.97
413 60.00
414 60.02
415 59.80
416 59.92
417 60.02
418 60.09
419 59.98
420 59.87
421 60.00
422 59.89
423 59.86
424 59.96
425 60.01
426 60.05
427 60.04
428 59.85
429 59.94
430 60.00
431 59.94
432 60.10
433 60.05
434 60.04
435 60.01
436 60.07
437 59.95
438 60.07
439 59.89
440 59.99
441 60.03
442 60.10
443 60.10
444 59.97
445 60.04
446 60.08
447 59.91
448 59.83
449 60.07
450 60.02
451 60.03
452 60.00
453 59.90
454 60.07
455 60.00
456 59.94
457 59.93
458 60.03
459 60.14
460 60.07
461 59.88
462 60.07
463 59.96
464 59.91
465 60.03
466 60.05
467 60.05
468 60.10
469 60.14
470 59.88
471 59.99
472 59.95
473 60.01
474 60.06
475 60.07
476 60.05
477 60.02
478 59.99
479 59.97
480 60.07
481 60.07
482 60.00
483 59.95
484 60.01
485 60.19
486 60.01
487 59.92
488 60.05
489 60.03
490 59.87
491 60.07
492 59.94
493 60.04
494 60.14
495 59.93
496 60.03
497 60.01
498 60.05
499 60.18
500 60.03
501 60.16
502 60.11
503 60.00
504 60.05
505 59.99
506 59.90
507 60.09
508 60.08
509 60.06
510 59.95
511 60.03
512 60.03
513 60.03
514 60.11
515 60.08
516 60.11
517 60.12
518 59.97
519 59.98
520 60.16
521 60.05
522 60.09
523 59.98
524 60.14
525 60.09
526 60.09
527 60.09
528 60.03
529 60.08
530 60.04
531 60.06
532 60.01
533 60.01
534 60.01
535 60.03
536 60.01
537 60.14
538 59.94
539 59.98
540 60.08
541 60.13
542 60.00
543 60.05
544 59.98
545 60.14
546 60.03
547 60.04
548 60.06
549 60.04
550 60.07
551 59.99
552 59.98
553 60.01
554 60.03
555 59.96
556 60.05
557 60.14
558 60.13
559 60.03
560 60.00
561 60.02
562 60.08
563 60.03
564 60.24
565 60.09
566 60.16
567 60.23
568 60.22
569 60.03
570 60.00
571 60.11
572 60.13
573 60.14
574 60.27
575 60.03
576 60.12
577 60.10
578 60.05
579 60.10
580 60.16
581 60.07
582 60.11
583 60.18
584 60.14
585 60.08
586 60.00
587 60.16
588 60.08
589 60.14
590 60.03
591 60.14
592 60.11
593 60.22
594 60.10
595 60.07
596 60.07
597 60.08
598 60.15
599 60.19
600 60.13
601 60.00
602 60.10
603 60.19
604 60.12
605 60.18
606 60.05
607 60.24
608 60.17
609 59.97
610 60.01
611 60.12
612 60.06
613 60.08
614 60.06
615 60.23
616 60.18
617 60.04
618 60.09
619 60.16
620 60.08
621 60.01
622 60.17
623 60.01
624 60.10
625 60.10
626 60.18
627 60.07
628 60.07
629 60.14
630 60.22
631 60.18
632 60.19
633 60.01
634 60.15
635 60.19
636 60.24
637 60.10
638 60.11
639 60.17
640 60.15
641 60.01
642 60.03
643 60.08
644 60.16
645 60.09
646 60.18
647 60.19
648 60.11
649 60.10
650 60.13
651 60.09
652 60.12
653 60.16
654 60.16
655 60.16
656 60.20
657 60.27
658 60.12
659 60.05
660 60.15
661 60.07
662 60.19
663 60.17
664 60.15
665 60.28
666 60.14
667 60.10
668 60.16
669 60.27
670 60.24
671 60.23
672 60.17
673 60.11
674 60.08
675 60.12
676 60.21
677 60.14
678 60.16
679 60.18
680 60.03
681 60.13
682 60.08
683 60.12
684 60.23
685 60.10
686 60.27
687 60.20
688 60.07
689 60.28
690 60.21
691 60.20
692 60.28
693 60.00
694 60.30
695 60.17
696 60.13
697 60.17
698 60.16
699 60.28
700 60.12
701 60.06
702 60.25
703 60.20
704 60.07
705 60.22
706 60.28
707 60.17
708 60.03
709 60.23
710 60.03
711 60.17
712 60.09
713 60.23
714 60.27
715 60.18
716 60.20
717 60.16
718 60.19
719 60.18
720 60.10
721 60.07
722 60.14
723 60.12
724 60.37
725 60.23
726 60.27
727 60.08
728 60.31
729 60.10
730 60.00
731 60.12
732 60.19
733 60.14
734 60.20
735 60.17
736 60.19
737 60.24
738 60.17
739 60.18
740 60.32
741 60.31
742 60.20
743 60.32
744 60.15
745 60.16
746 60.16
747 60.30
748 60.11
749 60.17
750 60.23
751 60.36
752 60.23
753 60.19
754 60.32
755 60.12
756 60.16
757 60.17
758 60.20
759 60.20
760 60.19
761 60.16
762 60.22
763 60.23
764 60.09
765 60.17
766 60.24
767 60.21
768 60.20
769 60.32
770 60.35
771 60.17
772 60.16
773 60.18
774 60.21
775 60.31
776 60.16
777 60.24
778 60.14
779 60.08
780 60.16
781 60.18
782 60.31
783 60.32
784 60.10
785 60.24
786 60.17
787 60.27
788 60.14
789 60.30
790 60.27
791 60.21
792 60.26
793 60.32
794 60.28
795 60.21
796 60.25
797 60.35
798 60.38
799 60.17
800 60.25
801 60.16
802 60.26
803 60.27
804 60.31
805 60.27
806 60.21
807 60.11
808 60.13
809 60.14
810 60.16
811 60.27
812 60.22
813 60.30
814 60.11
815 60.28
816 60.23
817 60.15
818 60.30
819 60.30
820 60.23
821 60.20
822 60.25
823 60.22
824 60.23
825 60.32
826 60.34
827 60.29
828 60.36
829 60.14
830 60.28
831 60.38
832 60.34
833 60.22
834 60.36
835 60.30
836 60.30
837 60.15
838 60.14
839 60.27
840 60.37
841 60.39
842 60.32
843 60.32
844 60.24
845 60.28
846 60.35
847 60.23
848 60.21
849 60.32
850 60.39
851 60.30
852 60.33
853 60.27
854 60.28
855 60.10
856 60.39
857 60.34
858 60.27
859 60.31
860 60.26
861 60.19
862 60.29
863 60.42
864 60.39
865 60.27
866 60.19
867 60.21
868 60.21
869 60.20
870 60.32
871 60.26
872 60.30
873 60.25
874 60.20
875 60.22
876 60.27
877 60.25
878 60.34
879 60.44
880 60.38
881 60.19
882 60.29
883 60.24
884 60.22
885 60.32
886 60.33
887 60.32
888 60.25
889 60.23
890 60.34
891 60.23
892 60.23
893 60.23
894 60.36
895 60.48
896 60.17
897 60.21
898 60.25
899 60.27
900 60.31
901 60.25
902 60.32
903 60.25
904 60.24
905 60.16
906 60.20
907 60.41
908 60.14
909 60.21
910 60.36
911 60.25
912 60.28
913 60.22
914 60.22
915 60.29
916 60.30
917 60.23
918 60.34
919 60.37
920 60.30
921 60.35
922 60.29
923 60.23
924 60.30
925 60.34
926 60.34
927 60.37
928 60.36
929 60.30
930 60.26
931 60.37
932 60.37
933 60.28
934 60.36
935 60.38
936 60.22
937 60.39
938 60.31
939 60.39
940 60.34
941 60.36
942 60.40
943 60.26
944 60.16
945 60.38
946 60.34
947 60.31
948 60.38
949 60.28
950 60.43
951 60.33
952 60.25
953 60.23
954 60.42
955 60.34
956 60.34
957 60.29
958 60.32
959 60.30
960 60.25
961 60.23
962 60.38
963 60.35
964 60.38
965 60.40
966 60.40
967 60.46
968 60.17
969 60.17
970 60.45
971 60.29
972 60.28
973 60.43
974 60.41
975 60.36
976 60.18
977 60.23
978 60.22
979 60.45
980 60.41
981 60.39
982 60.27
983 60.45
984 60.16
985 60.29
986 60.25
987 60.39
988 60.45
989 60.38
990 60.28
991 60.43
992 60.33
993 60.13
994 60.34
995 60.35
996 60.34
997 60.37
998 60.34
999 60.44
1000 60.32
1001 60.38
1002 60.26
1003 60.30
1004 60.46
1005 60.46
1006 60.30
1007 60.37
1008 60.24
1009 60.21
1010 60.26
1011 60.35
1012 60.43
1013 60.36
1014 60.23
1015 60.35
1016 60.28
1017 60.26
1018 60.39
1019 60.35
1020 60.37
1021 60.28
1022 60.27
1023 60.35
1024 60.27
1025 60.35
1026 60.37
1027 60.33
1028 60.31
1029 60.29
1030 60.37
1031 60.45
1032 60.25
1033 60.32
1034 60.39
1035 60.39
1036 60.14
1037 60.30
1038 60.31
1039 60.42
1040 60.28
1041 60.26
1042 60.20
1043 60.27
1044 60.36
1045 60.38
1046 60.39
1047 60.39
1048 60.39
1049 60.40
1050 60.41
1051 60.37
1052 60.29
1053 60.34
1054 60.28
1055 60.21
1056 60.40
1057 60.43
1058 60.33
1059 60.30
1060 60.47
1061 60.43
1062 60.36
1063 60.30
1064 60.31
1065 60.27
1066 60.36
1067 60.44
1068 60.39
1069 60.25
1070 60.32
1071 60.39
1072 60.39
1073 60.28
1074 60.46
1075 60.55
1076 60.30
1077 60.40
1078 60.26
1079 60.47
1080 60.44
1081 60.40
1082 60.47
1083 60.41
1084 60.40
1085 60.38
1086 60.43
1087 60.43
1088 60.31
1089 60.39
1090 60.44
1091 60.42
1092 60.34
1093 60.37
1094 60.42
1095 60.32
1096 60.26
1097 60.25
1098 60.34
1099 60.20
1100 60.41
1101 60.30
1102 60.48
1103 60.38
1104 60.23
1105 60.20
1106 60.25
1107 60.25
1108 60.40
1109 60.39
1110 60.39
1111 60.28
1112 60.22
1113 60.34
1114 60.40
1115 60.43
1116 60.43
1117 60.36
1118 60.39
1119 60.32
1120 60.26
1121 60.38
1122 60.29
1123 60.28
1124 60.35
1125 60.43
1126 60.49
1127 60.43
1128 60.31
1129 60.34
1130 60.46
1131 60.41
1132 60.37
1133 60.31
1134 60.47
1135 60.45
1136 60.34
1137 60.30
1138 60.35
1139 60.33
1140 60.35
1141 60.44
1142 60.45
1143 60.27
1144 60.27
1145 60.41
1146 60.39
1147 60.30
1148 60.36
1149 60.56
1150 60.43
1151 60.39
1152 60.24
1153 60.45
1154 60.50
1155 60.34
1156 60.39
1157 60.46
1158 60.36
1159 60.39
1160 60.39
1161 60.35
1162 60.44
1163 60.43
1164 60.47
1165 60.43
1166 60.37
1167 60.26
1168 60.37
1169 60.32
1170 60.38
1171 60.46
1172 60.39
1173 60.44
1174 60.38
1175 60.38
1176 60.35
1177 60.34
1178 60.41
1179 60.41
1180 60.49
1181 60.47
1182 60.25
1183 60.32
1184 60.48
1185 60.40
1186 60.46
1187 60.36
1188 60.49
1189 60.36
1190 60.30
1191 60.37
1192 60.39
1193 60.56
1194 60.38
1195 60.31
1196 60.35
1197 60.41
1198 60.46
1199 60.50
1200 60.42
1201 60.38
1202 60.41
1203 60.37
1204 60.30
1205 60.21
1206 60.35
1207 60.46
1208 60.41
1209 60.46
1210 60.33
1211 60.35
1212 60.30
1213 60.37
1214 60.32
1215 60.43
1216 60.52
1217 60.43
1218 60.37
1219 60.43
1220 60.43
1221 60.46
1222 60.34
1223 60.50
1224 60.40
1225 60.53
1226 60.32
1227 60.43
1228 60.43
1229 60.35
1230 60.38
1231 60.41
1232 60.40
1233 60.50
1234 60.41
1235 60.33
1236 60.28
1237 60.56
1238 60.40
1239 60.41
1240 60.36
1241 60.46
1242 60.54
1243 60.39
1244 60.36
1245 60.45
1246 60.31
1247 60.47
1248 60.42
1249 60.50
1250 60.43
1251 60.37
1252 60.41
1253 60.43
1254 60.36
1255 60.48
1256 60.38
1257 60.44
1258 60.34
1259 60.37
1260 60.46
1261 60.34
1262 60.41
1263 60.34
1264 60.39
1265 60.43
1266 60.48
1267 60.48
1268 60.37
1269 60.49
1270 60.28
1271 60.39
1272 60.30
1273 60.39
1274 60.45
1275 60.41
1276 60.44
1277 60.35
1278 60.33
1279 60.36
1280 60.31
1281 60.40
1282 60.54
1283 60.61
1284 60.36
1285 60.34
1286 60.36
1287 60.49
1288 60.38
1289 60.43
1290 60.45
1291 60.52
1292 60.51
1293 60.37
1294 60.44
1295 60.51
1296 60.43
1297 60.36
1298 60.48
1299 60.44
1300 60.49
1301 60.57
1302 60.48
1303 60.42
1304 60.43
1305 60.36
1306 60.36
1307 60.48
1308 60.48
1309 60.49
1310 60.50
1311 60.38
1312 60.39
1313 60.45
1314 60.39
1315 60.32
1316 60.42
1317 60.58
1318 60.52
1319 60.54
1320 60.61
1321 60.43
1322 60.29
1323 60.36
1324 60.37
1325 60.44
1326 60.50
1327 60.53
1328 60.57
1329 60.59
1330 60.38
1331 60.43
1332 60.47
1333 60.42
1334 60.45
1335 60.48
1336 60.39
1337 60.48
1338 60.36
1339 60.45
1340 60.47
1341 60.55
1342 60.56
1343 60.51
1344 60.51
1345 60.57
1346 60.47
1347 60.48
1348 60.40
1349 60.38
1350 60.56
1351 60.47
1352 60.48
1353 60.56
1354 60.52
1355 60.50
1356 60.40
1357 60.36
1358 60.56
1359 60.60
1360 60.53
1361 60.54
1362 60.43
1363 60.39
1364 60.45
1365 60.49
1366 60.54
1367 60.58
1368 60.44
1369 60.63
1370 60.45
1371 60.45
1372 60.45
1373 60.48
1374 60.62
1375 60.50
1376 60.51
1377 60.50
1378 60.34
1379 60.40
1380 60.49
1381 60.56
1382 60.48
1383 60.48
1384 60.38
1385 60.59
1386 60.41
1387 60.48
1388 60.65
1389 60.48
1390 60.48
1391 60.52
1392 60.36
1393 60.51
1394 60.45
1395 60.40
1396 60.39
1397 60.52
1398 60.45
1399 60.38
1400 60.54
1401 60.46
1402 60.54
1403 60.47
1404 60.50
1405 60.58
1406 60.45
1407 60.52
1408 60.45
1409 60.53
1410 60.45
1411 60.45
1412 60.56
1413 60.47
1414 60.48
1415 60.61
1416 60.61
1417 60.44
1418 60.50
1419 60.47
1420 60.55
1421 60.37
1422 60.52
1423 60.48
1424 60.61
1425 60.38
1426 60.41
1427 60.59
1428 60.44
1429 60.51
1430 60.48
1431 60.44
1432 60.50
1433 60.39
1434 60.48
1435 60.45
1436 60.44
1437 60.56
1438 60.50
1439 60.61
1440 60.49
1441 60.50
1442 60.42
1443 60.49
1444 60.59
1445 60.48
1446 60.52
1447 60.55
1448 60.56
1449 60.56
1450 60.47
1451 60.43
1452 60.57
1453 60.47
1454 60.52
1455 60.56
1456 60.54
1457 60.42
1458 60.48
1459 60.46
1460 60.48
1461 60.35
1462 60.41
1463 60.61
1464 60.47
1465 60.42
1466 60.43
1467 60.44
1468 60.57
1469 60.41
1470 60.54
1471 60.56
1472 60.44
1473 60.41
1474 60.52
1475 60.52
1476 60.55
1477 60.51
1478 60.59
1479 60.47
1480 60.48
1481 60.58
1482 60.72
1483 60.58
1484 60.43
1485 60.55
1486 60.58
1487 60.56
1488 60.48
1489 60.52
1490 60.51
1491 60.64
1492 60.56
1493 60.59
1494 60.60
1495 60.54
1496 60.53
1497 60.54
1498 60.52
1499 60.64
1500 60.35
1501 60.64
1502 60.59
1503 60.48
1504 60.67
1505 60.52
1506 60.58
1507 60.65
1508 60.43
1509 60.38
1510 60.40
1511 60.39
1512 60.34
1513 60.50
1514 60.55
1515 60.50
1516 60.41
1517 60.44
1518 60.47
1519 60.45
1520 60.51
1521 60.54
1522 60.54
1523 60.51
1524 60.42
1525 60.61
1526 60.57
1527 60.52
1528 60.60
1529 60.58
1530 60.52
1531 60.30
1532 60.51
1533 60.49
1534 60.51
1535 60.48
1536 60.75
1537 60.59
1538 60.50
1539 60.53
1540 60.62
1541 60.56
1542 60.59
1543 60.58
1544 60.52
1545 60.40
1546 60.54
1547 60.47
1548 60.56
1549 60.64
1550 60.52
1551 60.55
1552 60.55
1553 60.47
1554 60.49
1555 60.54
1556 60.54
1557 60.63
1558 60.55
1559 60.57
1560 60.49
1561 60.46
1562 60.52
1563 60.59
1564 60.53
1565 60.59
1566 60.58
1567 60.52
1568 60.54
1569 60.52
1570 60.48
1571 60.50
1572 60.49
1573 60.60
1574 60.51
1575 60.72
1576 60.57
1577 60.57
1578 60.56
1579 60.45
1580 60.50
1581 60.48
1582 60.62
1583 60.57
1584 60.55
1585 60.71
1586 60.56
1587 60.49
1588 60.43
1589 60.61
1590 60.54
1591 60.58
1592 60.48
1593 60.64
1594 60.66
1595 60.48
1596 60.45
1597 60.45
1598 60.58
1599 60.49
1600 60.56
1601 60.54
1602 60.56
1603 60.57
1604 60.59
1605 60.53
1606 60.52
1607 60.71
1608 60.49
1609 60.58
1610 60.52
1611 60.54
1612 60.53
1613 60.36
1614 60.50
1615 60.48
1616 60.54
1617 60.62
1618 60.45
1619 60.52
1620 60.60
1621 60.61
1622 60.46
1623 60.46
1624 60.67
1625 60.56
1626 60.53
1627 60.60
1628 60.49
1629 60.56
1630 60.39
1631 60.53
1632 60.58
1633 60.56
1634 60.44
1635 60.52
1636 60.63
1637 60.63
1638 60.64
1639 60.47
1640 60.54
1641 60.45
1642 60.48
1643 60.55
1644 60.52
1645 60.62
1646 60.61
1647 60.51
1648 60.46
1649 60.54
1650 60.54
1651 60.54
1652 60.60
1653 60.62
1654 60.65
1655 60.54
1656 60.49
1657 60.47
1658 60.53
1659 60.63
1660 60.49
1661 60.50
1662 60.50
1663 60.62
1664 60.49
1665 60.42
1666 60.57
1667 60.47
1668 60.44
1669 60.39
1670 60.61
1671 60.56
1672 60.56
1673 60.54
1674 60.55
1675 60.63
1676 60.52
1677 60.39
1678 60.54
1679 60.57
1680 60.59
1681 60.49
1682 60.67
1683 60.61
1684 60.55
1685 60.49
1686 60.52
1687 60.53
1688 60.58
1689 60.57
1690 60.67
1691 60.61
1692 60.58
1693 60.60
1694 60.49
1695 60.61
1696 60.54
1697 60.43
1698 60.66
1699 60.69
1700 60.68
1701 60.60
1702 60.62
1703 60.57
1704 60.54
1705 60.46
1706 60.60
1707 60.53
1708 60.66
1709 60.60
1710 60.58
1711 60.52
1712 60.46
1713 60.61
1714 60.59
1715 60.60
1716 60.53
1717 60.61
1718 60.50
1719 60.63
1720 60.50
1721 60.46
1722 60.59
1723 60.62
1724 60.44
1725 60.62
1726 60.70
1727 60.58
1728 60.58
1729 60.55
1730 60.50
1731 60.55
1732 60.57
1733 60.70
1734 60.55
1735 60.68
1736 60.71
1737 60.53
1738 60.56
1739 60.50
1740 60.42
1741 60.51
1742 60.51
1743 60.49
1744 60.62
1745 60.52
1746 60.48
1747 60.52
1748 60.48
1749 60.41
1750 60.52
1751 60.61
1752 60.61
1753 60.63
1754 60.44
1755 60.57
1756 60.52
1757 60.43
1758 60.51
1759 60.52
1760 60.57
1761 60.64
1762 60.59
1763 60.60
1764 60.54
1765 60.55
1766 60.56
1767 60.54
1768 60.61
1769 60.55
1770 60.58
1771 60.53
1772 60.49
1773 60.54
1774 60.54
1775 60.55
1776 60.50
1777 60.58
1778 60.58
1779 60.62
1780 60.54
1781 60.61
1782 60.60
1783 60.51
1784 60.54
1785 60.69
1786 60.55
1787 60.65
1788 60.58
1789 60.55
1790 60.64
1791 60.49
1792 60.52
1793 60.59
1794 60.56
1795 60.54
1796 60.53
1797 60.63
1798 60.73
1799 60.51
1800 60.52
1801 60.52
1802 60.60
1803 60.52
1804 60.52
1805 60.55
1806 60.73
1807 60.56
1808 60.47
1809 60.43
1810 60.59
1811 60.61
1812 60.54
1813 60.57
1814 60.56
1815 60.51
1816 60.63
1817 60.62
1818 60.58
1819 60.54
1820 60.54
1821 60.56
1822 60.55
1823 60.62
1824 60.58
1825 60.57
1826 60.55
1827 60.59
1828 60.65
1829 60.70
1830 60.72
1831 60.67
1832 60.59
1833 60.57
1834 60.51
1835 60.56
1836 60.63
1837 60.61
1838 60.67
1839 60.62
1840 60.65
1841 60.67
1842 60.51
1843 60.56
1844 60.56
1845 60.69
1846 60.60
1847 60.53
1848 60.58
1849 60.61
1850 60.48
1851 60.55
1852 60.47
1853 60.70
1854 60.60
1855 60.61
1856 60.55
1857 60.60
1858 60.67
1859 60.53
1860 60.56
1861 60.59
1862 60.56
1863 60.61
1864 60.61
1865 60.54
1866 60.66
1867 60.63
1868 60.51
1869 60.65
1870 60.63
1871 60.56
1872 60.62
1873 60.72
1874 60.63
1875 60.61
1876 60.61
1877 60.47
1878 60.57
1879 60.49
1880 60.74
1881 60.54
1882 60.65
1883 60.61
1884 60.64
1885 60.49
1886 60.55
1887 60.67
1888 60.70
1889 60.62
1890 60.76
1891 60.71
1892 60.53
1893 60.58
1894 60.57
1895 60.57
1896 60.59
1897 60.55
1898 60.74
1899 60.57
1900 60.54
1901 60.48
1902 60.61
1903 60.62
1904 60.53
1905 60.49
1906 60.63
1907 60.65
1908 60.54
1909 60.54
1910 60.58
1911 60.65
1912 60.64
1913 60.66
1914 60.59
1915 60.72
1916 60.56
1917 60.55
1918 60.59
1919 60.71
1920 60.76
1921 60.64
1922 60.76
1923 60.59
1924 60.63
1925 60.50
1926 60.60
1927 60.56
1928 60.60
1929 60.71
1930 60.59
1931 60.59
1932 60.58
1933 60.47
1934 60.61
1935 60.61
1936 60.59
1937 60.72
1938 60.72
1939 60.69
1940 60.55
1941 60.47
1942 60.61
1943 60.69
1944 60.64
1945 60.55
1946 60.59
1947 60.56
1948 60.63
1949 60.76
1950 60.74
1951 60.58
1952 60.63
1953 60.41
1954 60.52
1955 60.52
1956 60.56
1957 60.55
1958 60.65
1959 60.54
1960 60.50
1961 60.63
1962 60.69
1963 60.57
1964 60.53
1965 60.68
1966 60.68
1967 60.49
1968 60.61
1969 60.63
1970 60.64
1971 60.63
1972 60.60
1973 60.61
1974 60.42
1975 60.60
1976 60.56
1977 60.61
1978 60.59
1979 60.78
1980 60.68
1981 60.52
1982 60.59
1983 60.56
1984 60.63
1985 60.57
1986 60.71
1987 60.59
1988 60.63
1989 60.64
1990 60.51
1991 60.47
1992 60.61
1993 60.63
1994 60.68
1995 60.58
1996 60.67
1997 60.61
1998 60.50
1999 60.54
2000 60.56
2001 60.65
2002 60.58
2003 60.64
2004 60.63
2005 60.50
2006 60.63
2007 60.67
2008 60.69
2009 60.52
2010 60.64
2011 60.59
2012 60.52
2013 60.62
2014 60.69
2015 60.59
2016 60.69
2017 60.48
2018 60.52
2019 60.59
2020 60.69
2021 60.65
2022 60.58
2023 60.66
2024 60.66
2025 60.57
2026 60.60
2027 60.63
2028 60.70
2029 60.59
2030 60.63
2031 60.61
2032 60.66
2033 60.44
2034 60.60
2035 60.59
2036 60.66
2037 60.41
2038 60.56
2039 60.68
2040 60.74
2041 60.64
2042 60.51
2043 60.61
2044 60.58
2045 60.66
2046 60.65
2047 60.70
2048 60.70
2049 60.61
2050 60.57
2051 60.57
2052 60.69
2053 60.45
2054 60.63
2055 60.61
2056 60.61
2057 60.61
2058 60.50
2059 60.62
2060 60.56
2061 60.63
2062 60.58
2063 60.64
2064 60.61
2065 60.56
2066 60.57
2067 60.58
2068 60.57
2069 60.62
2070 60.56
2071 60.62
2072 60.56
2073 60.72
2074 60.50
2075 60.62
2076 60.54
2077 60.59
2078 60.57
2079 60.65
2080 60.67
2081 60.48
2082 60.53
2083 60.63
2084 60.61
2085 60.69
2086 60.53
2087 60.63
2088 60.61
2089 60.57
2090 60.64
2091 60.64
2092 60.59
2093 60.63
2094 60.67
2095 60.70
2096 60.70
2097 60.64
2098 60.48
2099 60.56
2100 60.68
2101 60.68
2102 60.59
2103 60.66
2104 60.79
2105 60.68
2106 60.58
2107 60.58
2108 60.64
2109 60.60
2110 60.67
2111 60.68
2112 60.60
2113 60.51
2114 60.63
2115 60.64
2116 60.60
2117 60.63
2118 60.62
2119 60.68
2120 60.68
2121 60.75
2122 60.64
2123 60.63
2124 60.63
2125 60.67
2126 60.61
2127 60.58
2128 60.73
2129 60.71
2130 60.65
2131 60.56
2132 60.66
2133 60.58
2134 60.61
2135 60.70
2136 60.69
2137 60.75
2138 60.69
2139 60.56
2140 60.54
2141 60.74
2142 60.59
2143 60.63
2144 60.56
2145 60.62
2146 60.59
2147 60.57
2148 60.61
2149 60.63
2150 60.65
2151 60.70
2152 60.57
2153 60.65
2154 60.64
2155 60.63
2156 60.55
2157 60.57
2158 60.70
2159 60.67
2160 60.74
2161 60.72
2162 60.63
2163 60.54
2164 60.63
2165 60.64
2166 60.61
2167 60.63
2168 60.54
2169 60.69
2170 60.61
2171 60.54
2172 60.62
2173 60.63
2174 60.56
2175 60.57
2176 60.56
2177 60.59
2178 60.72
2179 60.71
2180 60.58
2181 60.63
2182 60.78
2183 60.69
2184 60.56
2185 60.74
2186 60.66
2187 60.54
2188 60.65
2189 60.67
2190 60.62
2191 60.61
2192 60.56
2193 60.65
2194 60.67
2195 60.62
2196 60.70
2197 60.65
2198 60.60
2199 60.57
2200 60.64
2201 60.78
2202 60.58
2203 60.53
2204 60.61
2205 60.72
2206 60.74
2207 60.65
2208 60.58
2209 60.67
2210 60.61
2211 60.64
2212 60.64
2213 60.71
2214 60.65
2215 60.60
2216 60.61
2217 60.72
2218 60.65
2219 60.58
2220 60.62
2221 60.57
2222 60.49
2223 60.56
2224 60.63
2225 60.65
2226 60.56
2227 60.72
2228 60.64
2229 60.51
2230 60.57
2231 60.65
2232 60.67
2233 60.69
2234 60.82
2235 60.74
2236 60.63
2237 60.57
2238 60.58
2239 60.62
2240 60.54
2241 60.83
2242 60.76
2243 60.62
2244 60.64
2245 60.70
2246 60.76
2247 60.70
2248 60.57
2249 60.50
2250 60.54
2251 60.67
2252 60.52
2253 60.65
2254 60.64
2255 60.55
2256 60.56
2257 60.49
2258 60.71
2259 60.60
2260 60.63
2261 60.65
2262 60.67
2263 60.54
2264 60.63
2265 60.64
2266 60.66
2267 60.71
2268 60.66
2269 60.67
2270 60.65
2271 60.58
2272 60.59
2273 60.58
2274 60.70
2275 60.68
2276 60.64
2277 60.76
2278 60.69
2279 60.55
2280 60.55
2281 60.73
2282 60.66
2283 60.78
2284 60.65
2285 60.70
2286 60.62
2287 60.43
2288 60.63
2289 60.60
2290 60.70
2291 60.72
2292 60.68
2293 60.63
2294 60.72
2295 60.54
2296 60.68
2297 60.72
2298 60.70
2299 60.64
2300 60.66
2301 60.58
2302 60.57
2303 60.67
2304 60.71
2305 60.70
2306 60.61
2307 60.54
2308 60.75
2309 60.61
2310 60.66
2311 60.59
2312 60.59
2313 60.71
2314 60.61
2315 60.74
2316 60.70
2317 60.63
2318 60.73
2319 60.72
2320 60.61
2321 60.55
2322 60.71
2323 60.85
2324 60.65
2325 60.58
2326 60.64
2327 60.58
2328 60.51
2329 60.61
2330 60.72
2331 60.72
2332 60.61
2333 60.61
2334 60.64
2335 60.63
2336 60.59
2337 60.71
2338 60.63
2339 60.69
2340 60.56
2341 60.76
2342 60.59
2343 60.69
2344 60.62
2345 60.54
2346 60.61
2347 60.70
2348 60.68
2349 60.66
2350 60.67
2351 60.70
2352 60.60
2353 60.63
2354 60.81
2355 60.71
2356 60.50
2357 60.69
2358 60.62
2359 60.61
2360 60.68
2361 60.72
2362 60.71
2363 60.78
2364 60.66
2365 60.65
2366 60.60
2367 60.63
2368 60.60
2369 60.64
2370 60.56
2371 60.58
2372 60.58
2373 60.65
2374 60.65
2375 60.70
2376 60.62
2377 60.65
2378 60.62
2379 60.66
2380 60.58
2381 60.61
2382 60.54
2383 60.64
2384 60.63
2385 60.59
2386 60.59
2387 60.74
2388 60.59
2389 60.72
2390 60.69
2391 60.68
2392 60.65
2393 60.73
2394 60.72
2395 60.60
2396 60.61
2397 60.66
2398 60.71
2399 60.61
2400 60.74
2401 60.78
2402 60.64
2403 60.61
2404 60.58
2405 60.76
2406 60.67
2407 60.70
2408 60.71
2409 60.60
2410 60.66
2411 60.69
2412 60.66
2413 60.71
2414 60.60
2415 60.55
2416 60.61
2417 60.65
2418 60.61
2419 60.78
2420 60.80
2421 60.63
2422 60.62
2423 60.58
2424 60.61
2425 60.56
2426 60.74
2427 60.65
2428 60.53
2429 60.56
2430 60.58
2431 60.66
2432 60.67
2433 60.68
2434 60.64
2435 60.72
2436 60.56
2437 60.56
2438 60.60
2439 60.74
2440 60.63
2441 60.64
2442 60.74
2443 60.58
2444 60.65
2445 60.70
2446 60.73
2447 60.75
2448 60.76
2449 60.76
2450 60.61
2451 60.58
2452 60.58
2453 60.56
2454 60.64
2455 60.80
2456 60.71
2457 60.68
2458 60.81
2459 60.54
2460 60.54
2461 60.66
2462 60.81
2463 60.73
2464 60.66
2465 60.69
2466 60.66
2467 60.56
2468 60.53
2469 60.76
2470 60.59
2471 60.69
2472 60.64
2473 60.71
2474 60.55
2475 60.57
2476 60.63
2477 60.66
2478 60.72
2479 60.65
2480 60.51
2481 60.50
2482 60.65
2483 60.74
2484 60.51
2485 60.73
2486 60.62
2487 60.69
2488 60.59
2489 60.61
2490 60.62
2491 60.58
2492 60.64
2493 60.70
2494 60.88
2495 60.82
2496 60.60
2497 60.72
2498 60.75
2499 60.57
2500 60.62
2501 60.70
2502 60.56
2503 60.66
2504 60.66
2505 60.66
2506 60.71
2507 60.69
2508 60.63
2509 60.61
2510 60.58
2511 60.48
2512 60.74
2513 60.76
2514 60.79
2515 60.68
2516 60.62
2517 60.63
2518 60.75
2519 60.65
2520 60.64
2521 60.65
2522 60.62
2523 60.71
2524 60.66
2525 60.67
2526 60.74
2527 60.67
2528 60.68
2529 60.71
2530 60.63
2531 60.67
2532 60.57
2533 60.53
2534 60.53
2535 60.30
2536 60.02
2537 59.97
2538 59.00
2539 57.98
2540 56.96
2541 49.03
2542 32.98
2543 25.68
2544 21.98
2545 19.48
2546 17.67
2547 16.24
2548 14.99
2549 14.20
2550 13.73
2551 13.42
2552 13.18
2553 12.93
2554 12.66
2555 12.48
2556 12.30
2557 12.24
2558 12.18
2559 12.10
2560 11.98
2561 11.91
2562 11.75
2563 11.75
2564 11.54
2565 11.55
2566 11.53
2567 11.36
2568 11.30
2569 11.24
2570 11.21
2571 11.06
2572 11.04
2573 10.94
2574 10.97
2575 10.73
2576 10.71
2577 10.76
2578 10.71
2579 10.50
2580 10.53
2581 10.38
2582 10.35
2583 10.22
2584 10.26
2585 10.20
2586 10.10
2587 10.00
2588 9.99
2589 9.92
2590 9.90
2591 9.82
2592 9.76
2593 9.70
2594 9.58
2595 9.67
2596 9.48
2597 9.43
2598 9.42
2599 9.37
2600 9.34
