1 17.66
2 17.46
3 17.23
4 17.05
5 17.01
6 16.86
7 16.72
8 16.62
9 16.49
10 16.24
11 16.24
12 16.17
13 16.15
14 15.96
15 15.85
16 15.82
17 15.70
18 15.62
19 15.60
20 15.55
21 15.54
22 15.43
23 15.43
24 15.38
25 15.35
26 15.26
27 15.27
28 15.22
29 15.15
30 15.10
31 15.12
32 15.02
33 15.09
34 15.13
35 15.24
36 15.67
37 15.97
38 16.53
39 33.07
40 48.31
41 55.50
42 57.76
43 58.28
44 58.71
45 58.69
46 58.67
47 58.86
48 58.84
49 58.77
50 58.85
51 58.84
52 58.77
53 58.79
54 58.70
55 58.64
56 58.77
57 58.66
58 58.80
59 58.68
60 58.60
61 58.70
62 58.72
63 58.82
64 58.68
65 58.59
66 58.61
67 58.50
68 58.53
69 58.43
70 58.57
71 58.47
72 58.42
73 58.46
74 58.31
75 58.25
76 58.16
77 58.27
78 58.28
79 58.26
80 58.15
81 58.14
82 57.87
83 57.95
84 57.93
85 57.99
86 58.02
87 57.95
88 57.83
89 57.90
90 57.87
91 57.83
92 57.84
93 57.93
94 57.70
95 57.63
96 57.58
97 57.63
98 57.64
99 57.59
100 57.62
101 57.61
102 57.55
103 57.38
104 57.47
105 57.40
106 57.34
107 57.38
108 57.41
109 57.27
110 57.36
111 57.20
112 57.22
113 57.25
114 57.10
115 57.08
116 57.12
117 57.13
118 56.90
119 56.80
120 56.79
121 56.94
122 56.86
123 56.80
124 56.87
125 56.83
126 56.53
127 56.64
128 56.73
129 56.72
130 56.68
131 56.73
132 56.79
133 56.55
134 56.56
135 56.70
136 56.63
137 56.70
138 56.58
139 56.77
140 56.63
141 56.65
142 56.59
143 56.59
144 56.72
145 56.62
146 56.62
147 56.76
148 56.69
149 56.66
150 56.62
151 56.85
152 56.70
153 56.61
154 56.73
155 56.72
156 56.58
157 56.77
158 56.74
159 56.74
160 56.64
161 56.63
162 56.73
163 56.73
164 56.60
165 56.65
166 56.64
167 56.74
168 56.75
169 56.65
170 56.67
171 56.66
172 56.69
173 56.68
174 56.69
175 56.54
176 56.61
177 56.62
178 56.82
179 56.63
180 56.73
181 56.62
182 56.60
183 56.72
184 56.67
185 56.68
186 56.74
187 56.65
188 56.63
189 56.75
190 56.49
191 56.69
192 56.92
193 56.77
194 56.59
195 56.70
196 56.69
197 56.75
198 56.72
199 56.72
200 56.72
201 56.71
202 56.74
203 56.80
204 56.70
205 56.71
206 56.73
207 56.95
208 56.64
209 56.74
210 56.82
211 56.68
212 56.77
213 56.78
214 56.81
215 56.71
216 56.65
217 56.77
218 56.88
219 56.72
220 56.77
221 56.82
222 56.63
223 56.74
224 56.79
225 56.92
226 56.94
227 56.86
228 56.81
229 56.76
230 56.70
231 56.78
232 56.86
233 56.79
234 56.81
235 56.99
236 56.81
237 56.88
238 56.73
239 56.86
240 56.93
241 56.79
242 56.83
243 56.87
244 56.91
245 57.04
246 56.94
247 57.02
248 56.90
249 56.97
250 56.93
251 57.03
252 56.97
253 56.91
254 56.94
255 56.89
256 56.93
257 56.84
258 56.81
259 56.94
260 56.86
261 56.94
262 56.98
263 56.92
264 56.89
265 57.03
266 56.96
267 56.99
268 56.98
269 56.99
270 57.03
271 56.98
272 56.93
273 57.01
274 56.96
275 56.95
276 56.95
277 57.05
278 57.10
279 57.01
280 57.08
281 57.01
282 57.00
283 56.92
284 57.01
285 57.07
286 57.13
287 57.03
288 57.02
289 57.08
290 57.11
291 57.08
292 57.06
293 57.10
294 57.19
295 57.01
296 57.14
297 56.96
298 56.96
299 57.13
300 57.14
301 57.12
302 57.03
303 57.06
304 57.12
305 57.03
306 57.03
307 57.15
308 57.16
309 57.18
310 57.12
311 56.93
312 57.06
313 57.05
314 57.01
315 57.20
316 57.18
317 57.20
318 57.15
319 57.06
320 57.22
321 57.17
322 57.25
323 57.13
324 57.15
325 57.21
326 57.26
327 57.24
328 57.17
329 57.20
330 57.35
331 57.27
332 57.10
333 57.14
334 57.29
335 57.31
336 57.23
337 57.31
338 57.31
339 57.25
340 57.24
341 57.30
342 57.34
343 57.34
344 57.34
345 57.30
346 57.33
347 57.30
348 57.29
349 57.19
350 57.31
351 57.32
352 57.30
353 57.36
354 57.22
355 57.36
356 57.19
357 57.36
358 57.41
359 57.26
360 57.31
361 57.36
362 57.38
363 57.38
364 57.43
365 57.47
366 57.38
367 57.27
368 57.47
369 57.39
370 57.34
371 57.48
372 57.32
373 57.43
374 57.26
375 57.47
376 57.47
377 57.37
378 57.45
379 57.42
380 57.41
381 57.26
382 57.41
383 57.58
384 57.53
385 57.43
386 57.47
387 57.36
388 57.38
389 57.41
390 57.55
391 57.64
392 57.44
393 57.34
394 57.40
395 57.43
396 57.53
397 57.47
398 57.62
399 57.54
400 57.43
401 57.46
402 57.43
403 57.49
404 57.66
405 57.56
406 57.51
407 57.49
408 57.48
409 57.59
410 57.69
411 57.42
412 57.59
413 57.54
414 57.57
415 57.53
416 57.55
417 57.66
418 57.70
419 57.68
420 57.72
421 57.48
422 57.52
423 57.66
424 57.55
425 57.60
426 57.71
427 57.62
428 57.59
429 57.61
430 57.53
431 57.60
432 57.63
433 57.69
434 57.65
435 57.62
436 57.58
437 57.57
438 57.71
439 57.73
440 57.59
441 57.59
442 57.54
443 57.84
444 57.68
445 57.75
446 57.67
447 57.64
448 57.74
449 57.68
450 57.67
451 57.73
452 57.73
453 57.71
454 57.84
455 57.66
456 57.57
457 57.76
458 57.66
459 57.75
460 57.80
461 57.82
462 57.73
463 57.57
464 57.72
465 57.82
466 57.87
467 57.76
468 57.61
469 57.76
470 57.84
471 57.67
472 57.78
473 57.91
474 57.79
475 57.66
476 57.69
477 57.82
478 57.82
479 57.82
480 57.81
481 57.64
482 57.75
483 57.71
484 57.90
485 57.83
486 57.89
487 57.74
488 57.78
489 57.69
490 57.74
491 57.81
492 57.82
493 57.78
494 57.99
495 57.82
496 57.82
497 57.81
498 57.79
499 57.91
500 57.90
501 57.84
502 57.91
503 57.82
504 57.83
505 57.86
506 57.99
507 57.94
508 57.80
509 57.83
510 57.93
511 57.73
512 57.85
513 57.89
514 57.90
515 57.89
516 57.83
517 58.01
518 57.88
519 57.91
520 58.02
521 57.93
522 57.98
523 57.91
524 58.01
525 57.91
526 57.99
527 57.92
528 57.89
529 58.00
530 57.85
531 57.98
532 57.99
533 58.00
534 58.08
535 57.97
536 57.85
537 57.84
538 58.04
539 58.06
540 58.08
541 58.08
542 57.92
543 58.02
544 58.03
545 58.08
546 57.99
547 58.03
548 58.02
549 57.96
550 57.96
551 58.07
552 57.97
553 58.08
554 57.99
555 58.00
556 57.99
557 58.02
558 58.01
559 58.08
560 57.99
561 58.08
562 57.99
563 58.07
564 58.15
565 58.05
566 58.06
567 58.11
568 58.04
569 58.10
570 57.99
571 58.07
572 58.08
573 58.20
574 58.07
575 58.13
576 57.95
577 58.02
578 58.19
579 58.01
580 58.17
581 58.10
582 58.19
583 58.15
584 58.02
585 58.30
586 58.15
587 58.19
588 58.18
589 58.17
590 58.09
591 58.21
592 58.13
593 58.08
594 58.11
595 58.13
596 58.09
597 58.08
598 58.18
599 58.01
600 58.24
601 58.06
602 58.24
603 58.22
604 58.26
605 58.10
606 58.10
607 58.20
608 58.22
609 58.17
610 58.13
611 58.31
612 58.18
613 58.01
614 58.12
615 58.09
616 58.24
617 58.31
618 58.27
619 58.15
620 58.11
621 58.17
622 58.29
623 58.22
624 58.16
625 58.28
626 58.10
627 58.19
628 58.26
629 58.23
630 58.19
631 58.16
632 58.15
633 58.15
634 58.18
635 58.21
636 58.32
637 58.20
638 58.08
639 58.26
640 58.29
641 58.25
642 58.24
643 58.24
644 58.17
645 58.13
646 58.09
647 58.20
648 58.27
649 58.22
650 58.24
651 58.17
652 58.20
653 58.19
654 58.29
655 58.34
656 58.21
657 58.15
658 58.11
659 58.25
660 58.29
661 58.18
662 58.36
663 58.22
664 58.18
665 58.18
666 58.11
667 58.31
668 58.41
669 58.37
670 58.20
671 58.25
672 58.38
673 58.17
674 58.22
675 58.27
676 58.34
677 58.25
678 58.17
679 58.41
680 58.33
681 58.23
682 58.30
683 58.24
684 58.40
685 58.32
686 58.33
687 58.32
688 58.36
689 58.30
690 58.32
691 58.36
692 58.44
693 58.32
694 58.26
695 58.32
696 58.30
697 58.45
698 58.26
699 58.27
700 58.27
701 58.48
702 58.28
703 58.59
704 58.30
705 58.26
706 58.40
707 58.39
708 58.38
709 58.28
710 58.35
711 58.18
712 58.40
713 58.38
714 58.34
715 58.32
716 58.38
717 58.25
718 58.35
719 58.42
720 58.40
721 58.37
722 58.32
723 58.39
724 58.33
725 58.37
726 58.38
727 58.38
728 58.30
729 58.29
730 58.45
731 58.31
732 58.44
733 58.50
734 58.34
735 58.20
736 58.45
737 58.38
738 58.35
739 58.43
740 58.40
741 58.37
742 58.34
743 58.52
744 58.49
745 58.36
746 58.45
747 58.36
748 58.50
749 58.41
750 58.47
751 58.38
752 58.37
753 58.40
754 58.64
755 58.29
756 58.36
757 58.41
758 58.40
759 58.46
760 58.56
761 58.37
762 58.45
763 58.43
764 58.49
765 58.39
766 58.48
767 58.34
768 58.44
769 58.47
770 58.46
771 58.40
772 58.26
773 58.36
774 58.44
775 58.44
776 58.46
777 58.34
778 58.31
779 58.43
780 58.59
781 58.48
782 58.61
783 58.35
784 58.35
785 58.45
786 58.52
787 58.43
788 58.38
789 58.31
790 58.41
791 58.52
792 58.40
793 58.47
794 58.36
795 58.44
796 58.40
797 58.60
798 58.43
799 58.41
800 58.24
801 58.41
802 58.52
803 58.56
804 58.52
805 58.34
806 58.51
807 58.40
808 58.51
809 58.58
810 58.34
811 58.40
812 58.41
813 58.46
814 58.57
815 58.66
816 58.48
817 58.42
818 58.47
819 58.43
820 58.37
821 58.39
822 58.46
823 58.45
824 58.41
825 58.39
826 58.50
827 58.58
828 58.47
829 58.51
830 58.52
831 58.52
832 58.45
833 58.43
834 58.40
835 58.46
836 58.47
837 58.55
838 58.53
839 58.48
840 58.44
841 58.46
842 58.45
843 58.50
844 58.52
845 58.46
846 58.52
847 58.41
848 58.50
849 58.49
850 58.55
851 58.41
852 58.52
853 58.52
854 58.60
855 58.48
856 58.47
857 58.49
858 58.45
859 58.54
860 58.56
861 58.54
862 58.44
863 58.53
864 58.44
865 58.63
866 58.57
867 58.48
868 58.50
869 58.41
870 58.47
871 58.47
872 58.56
873 58.54
874 58.40
875 58.43
876 58.52
877 58.40
878 58.44
879 58.39
880 58.60
881 58.53
882 58.64
883 58.50
884 58.46
885 58.56
886 58.51
887 58.48
888 58.54
889 58.49
890 58.62
891 58.44
892 58.51
893 58.59
894 58.52
895 58.45
896 58.57
897 58.58
898 58.41
899 58.48
900 58.53
901 58.45
902 58.41
903 58.50
904 58.51
905 58.67
906 58.51
907 58.62
908 58.47
909 58.44
910 58.56
911 58.45
912 58.40
913 58.52
914 58.60
915 58.41
916 58.56
917 58.64
918 58.52
919 58.63
920 58.52
921 58.49
922 58.57
923 58.62
924 58.66
925 58.57
926 58.46
927 58.46
928 58.54
929 58.73
930 58.50
931 58.51
932 58.47
933 58.45
934 58.67
935 58.59
936 58.47
937 58.54
938 58.47
939 58.54
940 58.58
941 58.56
942 58.53
943 58.46
944 58.60
945 58.61
946 58.46
947 58.56
948 58.67
949 58.54
950 58.52
951 58.46
952 58.69
953 58.68
954 58.58
955 58.62
956 58.59
957 58.64
958 58.59
959 58.52
960 58.51
961 58.54
962 58.51
963 58.46
964 58.61
965 58.50
966 58.57
967 58.41
968 58.55
969 58.55
970 58.75
971 58.53
972 58.62
973 58.49
974 58.57
975 58.53
976 58.52
977 58.56
978 58.55
979 58.59
980 58.45
981 58.38
982 58.63
983 58.63
984 58.52
985 58.45
986 58.55
987 58.60
988 58.54
989 58.66
990 58.66
991 58.63
992 58.55
993 58.54
994 58.62
995 58.50
996 58.62
997 58.58
998 58.57
999 58.46
1000 58.48
1001 58.78
1002 58.53
1003 58.64
1004 58.54
1005 58.55
1006 58.60
1007 58.55
1008 58.63
1009 58.50
1010 58.49
1011 58.63
1012 58.56
1013 58.63
1014 58.71
1015 58.63
1016 58.46
1017 58.54
1018 58.56
1019 58.62
1020 58.61
1021 58.59
1022 58.52
1023 58.46
1024 58.57
1025 58.57
1026 58.63
1027 58.66
1028 58.49
1029 58.50
1030 58.62
1031 58.61
1032 58.62
1033 58.57
1034 58.49
1035 58.50
1036 58.75
1037 58.64
1038 58.67
1039 58.65
1040 58.68
1041 58.52
1042 58.66
1043 58.63
1044 58.62
1045 58.59
1046 58.65
1047 58.41
1048 58.59
1049 58.59
1050 58.66
1051 58.57
1052 58.69
1053 58.61
1054 58.56
1055 58.64
1056 58.72
1057 58.70
1058 58.64
1059 58.57
1060 58.75
1061 58.51
1062 58.59
1063 58.63
1064 58.56
1065 58.53
1066 58.45
1067 58.52
1068 58.64
1069 58.55
1070 58.61
1071 58.58
1072 58.58
1073 58.64
1074 58.65
1075 58.63
1076 58.73
1077 58.59
1078 58.53
1079 58.56
1080 58.70
1081 58.79
1082 58.68
1083 58.61
1084 58.65
1085 58.60
1086 58.57
1087 58.63
1088 58.68
1089 58.68
1090 58.64
1091 58.57
1092 58.59
1093 58.65
1094 58.62
1095 58.68
1096 58.71
1097 58.54
1098 58.51
1099 58.69
1100 58.63
1101 58.75
1102 58.63
1103 58.69
1104 58.57
1105 58.53
1106 58.71
1107 58.78
1108 58.52
1109 58.64
1110 58.64
1111 58.64
1112 58.67
1113 58.71
1114 58.73
1115 58.68
1116 58.66
1117 58.64
1118 58.66
1119 58.78
1120 58.62
1121 58.64
1122 58.52
1123 58.68
1124 58.77
1125 58.76
1126 58.55
1127 58.64
1128 58.53
1129 58.69
1130 58.66
1131 58.64
1132 58.71
1133 58.63
1134 58.65
1135 58.71
1136 58.66
1137 58.60
1138 58.70
1139 58.62
1140 58.46
1141 58.59
1142 58.71
1143 58.69
1144 58.76
1145 58.72
1146 58.51
1147 58.75
1148 58.68
1149 58.73
1150 58.66
1151 58.63
1152 58.72
1153 58.56
1154 58.61
1155 58.62
1156 58.73
1157 58.72
1158 58.43
1159 58.75
1160 58.69
1161 58.68
1162 58.57
1163 58.69
1164 58.75
1165 58.55
1166 58.59
1167 58.68
1168 58.64
1169 58.70
1170 58.77
1171 58.79
1172 58.56
1173 58.66
1174 58.83
1175 58.75
1176 58.61
1177 58.73
1178 58.84
1179 58.64
1180 58.59
1181 58.81
1182 58.72
1183 58.73
1184 58.57
1185 58.77
1186 58.64
1187 58.70
1188 58.68
1189 58.73
1190 58.79
1191 58.73
1192 58.57
1193 58.65
1194 58.59
1195 58.67
1196 58.70
1197 58.75
1198 58.69
1199 58.64
1200 58.68
1201 58.73
1202 58.52
1203 58.64
1204 58.75
1205 58.78
1206 58.68
1207 58.66
1208 58.71
1209 58.64
1210 58.65
1211 58.88
1212 58.78
1213 58.61
1214 58.70
1215 58.74
1216 58.66
1217 58.72
1218 58.72
1219 58.73
1220 58.74
1221 58.66
1222 58.71
1223 58.86
1224 58.72
1225 58.70
1226 58.75
1227 58.71
1228 58.72
1229 58.80
1230 58.78
1231 58.64
1232 58.63
1233 58.63
1234 58.70
1235 58.69
1236 58.83
1237 58.66
1238 58.79
1239 58.63
1240 58.80
1241 58.78
1242 58.89
1243 58.67
1244 58.83
1245 58.77
1246 58.60
1247 58.57
1248 58.63
1249 58.85
1250 58.73
1251 58.88
1252 58.71
1253 58.57
1254 58.56
1255 58.71
1256 58.79
1257 58.84
1258 58.70
1259 58.69
1260 58.68
1261 58.64
1262 58.76
1263 58.82
1264 58.68
1265 58.69
1266 58.67
1267 58.72
1268 58.67
1269 58.79
1270 58.85
1271 58.73
1272 58.62
1273 58.56
1274 58.65
1275 58.81
1276 58.67
1277 58.76
1278 58.89
1279 58.83
1280 58.62
1281 58.66
1282 58.80
1283 58.77
1284 58.67
1285 58.76
1286 58.84
1287 58.68
1288 58.66
1289 58.78
1290 58.89
1291 58.76
1292 58.79
1293 58.72
1294 58.82
1295 58.66
1296 58.68
1297 58.71
1298 58.92
1299 58.75
1300 58.68
1301 58.78
1302 58.66
1303 58.65
1304 58.73
1305 58.77
1306 58.79
1307 58.77
1308 58.75
1309 58.88
1310 58.79
1311 58.75
1312 58.84
1313 58.77
1314 58.88
1315 58.82
1316 58.70
1317 58.79
1318 58.64
1319 58.65
1320 58.82
1321 58.77
1322 58.90
1323 58.70
1324 58.78
1325 58.74
1326 58.75
1327 58.74
1328 58.84
1329 58.81
1330 58.71
1331 58.67
1332 58.68
1333 58.86
1334 58.75
1335 58.73
1336 58.86
1337 58.95
1338 58.87
1339 58.64
1340 58.86
1341 58.76
1342 58.77
1343 58.78
1344 58.66
1345 58.78
1346 58.84
1347 58.84
1348 58.86
1349 58.75
1350 58.77
1351 58.98
1352 58.87
1353 58.88
1354 58.76
1355 58.71
1356 58.83
1357 58.84
1358 58.82
1359 58.79
1360 58.82
1361 58.75
1362 58.77
1363 58.70
1364 58.74
1365 58.82
1366 58.80
1367 58.75
1368 58.88
1369 58.72
1370 58.70
1371 58.89
1372 58.87
1373 58.91
1374 58.84
1375 58.80
1376 58.75
1377 58.75
1378 58.74
1379 59.00
1380 58.95
1381 58.77
1382 58.89
1383 58.85
1384 58.81
1385 58.88
1386 58.86
1387 58.75
1388 58.88
1389 58.68
1390 58.79
1391 58.88
1392 58.76
1393 58.85
1394 58.93
1395 58.86
1396 58.83
1397 58.75
1398 58.84
1399 58.88
1400 58.81
1401 58.89
1402 58.81
1403 58.79
1404 58.72
1405 58.81
1406 58.82
1407 58.95
1408 58.85
1409 58.93
1410 58.74
1411 58.80
1412 58.82
1413 58.89
1414 58.82
1415 58.79
1416 58.85
1417 58.74
1418 58.90
1419 58.82
1420 58.87
1421 58.83
1422 58.79
1423 58.92
1424 58.91
1425 58.68
1426 58.73
1427 58.82
1428 58.73
1429 58.86
1430 58.80
1431 58.80
1432 58.85
1433 58.74
1434 58.79
1435 58.84
1436 58.85
1437 58.69
1438 58.72
1439 58.91
1440 58.97
1441 58.86
1442 58.90
1443 58.96
1444 58.80
1445 58.75
1446 58.86
1447 58.87
1448 58.80
1449 58.88
1450 58.97
1451 58.99
1452 58.77
1453 58.85
1454 58.94
1455 59.08
1456 58.91
1457 58.92
1458 58.91
1459 58.74
1460 58.80
1461 58.72
1462 58.89
1463 58.86
1464 58.87
1465 58.90
1466 58.86
1467 58.78
1468 58.88
1469 58.86
1470 58.83
1471 58.91
1472 58.87
1473 58.92
1474 58.84
1475 58.93
1476 58.89
1477 58.99
1478 58.79
1479 58.87
1480 58.90
1481 58.99
1482 58.82
1483 58.97
1484 58.90
1485 58.83
1486 58.87
1487 58.92
1488 59.06
1489 58.86
1490 58.92
1491 58.97
1492 58.98
1493 58.84
1494 58.72
1495 58.99
1496 58.93
1497 58.87
1498 59.01
1499 58.84
1500 58.82
1501 59.04
1502 58.98
1503 58.98
1504 58.80
1505 58.92
1506 58.81
1507 58.75
1508 58.84
1509 58.95
1510 58.87
1511 58.89
1512 58.91
1513 58.92
1514 58.89
1515 58.77
1516 58.94
1517 59.01
1518 58.93
1519 58.93
1520 58.82
1521 58.92
1522 58.95
1523 58.95
1524 58.97
1525 58.83
1526 58.83
1527 58.91
1528 58.97
1529 58.95
1530 58.85
1531 58.84
1532 58.87
1533 58.85
1534 58.88
1535 58.76
1536 59.07
1537 58.97
1538 58.81
1539 58.98
1540 58.98
1541 58.88
1542 58.89
1543 58.89
1544 59.05
1545 58.77
1546 58.93
1547 58.96
1548 59.04
1549 58.88
1550 58.98
1551 58.97
1552 58.96
1553 58.88
1554 59.03
1555 59.08
1556 58.87
1557 58.91
1558 58.90
1559 58.98
1560 58.72
1561 58.81
1562 58.79
1563 58.91
1564 58.89
1565 58.91
1566 58.84
1567 58.88
1568 58.79
1569 58.98
1570 59.03
1571 58.86
1572 59.01
1573 59.07
1574 58.94
1575 58.82
1576 58.82
1577 58.80
1578 58.93
1579 59.04
1580 58.86
1581 59.09
1582 58.97
1583 59.02
1584 58.97
1585 59.03
1586 58.96
1587 59.00
1588 58.79
1589 58.98
1590 58.84
1591 58.86
1592 59.12
1593 58.97
1594 59.05
1595 58.98
1596 58.84
1597 58.94
1598 58.92
1599 58.87
1600 59.05
1601 58.96
1602 59.04
1603 58.93
1604 58.85
1605 58.83
1606 59.06
1607 59.08
1608 58.99
1609 58.99
1610 58.80
1611 58.96
1612 59.00
1613 58.95
1614 58.84
1615 59.11
1616 59.03
1617 59.01
1618 58.88
1619 59.05
1620 59.05
1621 58.95
1622 59.09
1623 58.96
1624 59.11
1625 59.01
1626 58.91
1627 58.98
1628 58.94
1629 59.02
1630 59.08
1631 58.98
1632 58.93
1633 58.93
1634 59.00
1635 59.02
1636 59.03
1637 58.91
1638 58.98
1639 58.99
1640 58.84
1641 58.98
1642 58.95
1643 59.05
1644 59.09
1645 58.89
1646 59.10
1647 58.94
1648 58.88
1649 59.02
1650 59.03
1651 59.04
1652 58.93
1653 59.02
1654 58.98
1655 59.00
1656 58.96
1657 59.07
1658 59.10
1659 59.11
1660 59.02
1661 58.97
1662 58.94
1663 58.84
1664 58.95
1665 58.92
1666 59.04
1667 59.08
1668 58.95
1669 58.99
1670 58.93
1671 58.95
1672 59.04
1673 59.03
1674 59.05
1675 58.87
1676 58.96
1677 58.89
1678 59.00
1679 59.08
1680 59.11
1681 59.05
1682 59.07
1683 58.93
1684 59.03
1685 59.03
1686 59.15
1687 58.88
1688 59.08
1689 59.09
1690 59.04
1691 59.09
1692 58.96
1693 59.08
1694 59.06
1695 59.01
1696 59.12
1697 58.98
1698 59.09
1699 59.05
1700 58.99
1701 59.06
1702 59.02
1703 58.93
1704 59.13
1705 58.88
1706 59.13
1707 59.09
1708 59.06
1709 59.04
1710 58.95
1711 58.89
1712 58.98
1713 59.02
1714 59.07
1715 59.11
1716 59.00
1717 59.11
1718 59.04
1719 59.06
1720 59.09
1721 59.01
1722 59.16
1723 59.03
1724 58.97
1725 59.04
1726 58.97
1727 59.06
1728 59.07
1729 59.17
1730 59.26
1731 59.06
1732 58.92
1733 58.91
1734 59.05
1735 59.18
1736 59.18
1737 59.13
1738 59.13
1739 59.02
1740 58.98
1741 59.03
1742 59.09
1743 59.18
1744 58.94
1745 59.11
1746 59.10
1747 58.99
1748 59.04
1749 58.98
1750 59.08
1751 59.13
1752 59.04
1753 59.15
1754 58.97
1755 58.99
1756 59.01
1757 59.20
1758 59.23
1759 59.11
1760 59.05
1761 59.05
1762 59.00
1763 59.07
1764 59.10
1765 59.10
1766 59.03
1767 58.99
1768 59.09
1769 59.11
1770 59.11
1771 59.16
1772 59.18
1773 59.04
1774 58.95
1775 59.11
1776 59.09
1777 59.02
1778 59.07
1779 59.09
1780 59.05
1781 59.02
1782 59.06
1783 59.04
1784 59.17
1785 59.16
1786 59.15
1787 59.08
1788 59.04
1789 59.05
1790 58.89
1791 59.04
1792 59.11
1793 59.12
1794 58.98
1795 59.05
1796 59.01
1797 59.16
1798 59.06
1799 59.00
1800 58.93
1801 59.06
1802 59.08
1803 59.14
1804 59.16
1805 59.12
1806 59.16
1807 59.00
1808 58.98
1809 59.14
1810 59.13
1811 59.16
1812 59.18
1813 59.19
1814 59.01
1815 59.02
1816 59.22
1817 59.12
1818 59.02
1819 59.19
1820 59.04
1821 59.16
1822 59.13
1823 59.19
1824 59.13
1825 59.05
1826 58.99
1827 59.02
1828 59.22
1829 59.23
1830 59.13
1831 59.19
1832 59.07
1833 58.93
1834 59.12
1835 59.10
1836 59.19
1837 59.16
1838 59.02
1839 59.11
1840 59.19
1841 59.03
1842 59.16
1843 59.13
1844 59.17
1845 59.08
1846 59.06
1847 59.06
1848 59.22
1849 59.13
1850 59.10
1851 59.10
1852 59.09
1853 59.07
1854 59.09
1855 59.17
1856 59.25
1857 59.15
1858 59.05
1859 59.02
1860 59.00
1861 58.95
1862 59.22
1863 59.05
1864 59.11
1865 58.96
1866 59.12
1867 59.11
1868 59.00
1869 59.13
1870 59.17
1871 59.13
1872 59.02
1873 59.07
1874 59.16
1875 59.11
1876 59.07
1877 59.22
1878 59.12
1879 59.04
1880 59.22
1881 59.23
1882 59.11
1883 59.22
1884 59.07
1885 59.13
1886 59.16
1887 59.17
1888 59.13
1889 59.25
1890 59.08
1891 59.13
1892 59.06
1893 59.05
1894 59.22
1895 59.06
1896 59.23
1897 59.11
1898 59.08
1899 59.11
1900 59.11
1901 59.21
1902 59.25
1903 59.18
1904 59.14
1905 59.07
1906 59.23
1907 59.14
1908 59.25
1909 59.25
1910 59.21
1911 59.12
1912 59.11
1913 59.15
1914 59.18
1915 59.23
1916 59.17
1917 59.20
1918 59.23
1919 59.12
1920 59.06
1921 59.22
1922 59.27
1923 59.27
1924 59.28
1925 59.08
1926 59.23
1927 59.14
1928 59.14
1929 59.18
1930 59.25
1931 59.30
1932 59.20
1933 59.19
1934 59.22
1935 59.08
1936 59.07
1937 59.14
1938 59.36
1939 59.23
1940 59.22
1941 59.18
1942 59.17
1943 59.13
1944 59.27
1945 59.25
1946 59.22
1947 59.18
1948 59.14
1949 59.16
1950 59.22
1951 59.07
1952 59.15
1953 59.34
1954 59.17
1955 59.14
1956 59.05
1957 59.22
1958 59.24
1959 59.30
1960 59.31
1961 59.29
1962 59.18
1963 59.27
1964 59.19
1965 59.18
1966 59.31
1967 59.23
1968 59.18
1969 59.25
1970 59.11
1971 59.18
1972 59.23
1973 59.16
1974 59.31
1975 59.21
1976 59.31
1977 59.27
1978 59.32
1979 59.16
1980 59.27
1981 59.29
1982 59.17
1983 59.06
1984 59.39
1985 59.10
1986 59.26
1987 59.24
1988 59.23
1989 59.27
1990 59.15
1991 59.08
1992 59.19
1993 59.23
1994 59.28
1995 59.23
1996 59.23
1997 59.32
1998 59.25
1999 59.08
2000 59.13
2001 59.19
2002 59.26
2003 59.26
2004 59.21
2005 59.16
2006 59.29
2007 59.08
2008 59.28
2009 59.22
2010 59.25
2011 59.27
2012 59.31
2013 59.27
2014 59.13
2015 59.32
2016 59.20
2017 59.22
2018 59.21
2019 59.22
2020 59.27
2021 59.23
2022 59.21
2023 59.13
2024 59.22
2025 59.14
2026 59.24
2027 59.23
2028 59.42
2029 59.12
2030 59.25
2031 59.16
2032 59.25
2033 59.11
2034 59.19
2035 59.15
2036 59.25
2037 59.32
2038 59.09
2039 59.18
2040 59.29
2041 59.24
2042 59.08
2043 59.13
2044 59.34
2045 59.30
2046 59.17
2047 59.20
2048 59.29
2049 59.21
2050 59.16
2051 59.34
2052 59.32
2053 59.31
2054 59.26
2055 59.24
2056 59.26
2057 59.29
2058 59.29
2059 59.20
2060 59.32
2061 59.34
2062 59.32
2063 59.10
2064 59.10
2065 59.25
2066 59.26
2067 59.22
2068 59.19
2069 59.39
2070 59.31
2071 59.16
2072 59.23
2073 59.15
2074 59.25
2075 59.31
2076 59.27
2077 59.20
2078 59.35
2079 59.16
2080 59.20
2081 59.16
2082 59.23
2083 59.32
2084 59.33
2085 59.26
2086 59.28
2087 59.33
2088 59.19
2089 59.32
2090 59.34
2091 59.20
2092 59.26
2093 59.30
2094 59.37
2095 59.37
2096 59.29
2097 59.20
2098 59.19
2099 59.30
2100 59.10
2101 59.34
2102 59.36
2103 59.30
2104 59.24
2105 59.27
2106 59.28
2107 59.31
2108 59.36
2109 59.27
2110 59.36
2111 59.27
2112 59.31
2113 59.18
2114 59.18
2115 59.19
2116 59.18
2117 59.24
2118 59.33
2119 59.24
2120 59.41
2121 59.31
2122 59.27
2123 59.27
2124 59.19
2125 59.27
2126 59.15
2127 59.34
2128 59.36
2129 59.28
2130 59.21
2131 59.31
2132 59.45
2133 59.28
2134 59.36
2135 59.22
2136 59.40
2137 59.33
2138 59.27
2139 59.23
2140 59.39
2141 59.18
2142 59.26
2143 59.38
2144 59.25
2145 59.31
2146 59.16
2147 59.30
2148 59.38
2149 59.26
2150 59.30
2151 59.21
2152 59.32
2153 59.23
2154 59.45
2155 59.20
2156 59.23
2157 59.36
2158 59.32
2159 59.23
2160 59.31
2161 59.32
2162 59.41
2163 59.32
2164 59.31
2165 59.36
2166 59.18
2167 59.21
2168 59.26
2169 59.32
2170 59.31
2171 59.30
2172 59.39
2173 59.36
2174 59.44
2175 59.30
2176 59.27
2177 59.26
2178 59.31
2179 59.47
2180 59.43
2181 59.29
2182 59.45
2183 59.41
2184 59.25
2185 59.38
2186 59.34
2187 59.25
2188 59.30
2189 59.40
2190 59.32
2191 59.36
2192 59.37
2193 59.37
2194 59.34
2195 59.25
2196 59.37
2197 59.37
2198 59.30
2199 59.30
2200 59.45
2201 59.38
2202 59.32
2203 59.25
2204 59.38
2205 59.35
2206 59.25
2207 59.30
2208 59.25
2209 59.36
2210 59.41
2211 59.44
2212 59.21
2213 59.35
2214 59.25
2215 59.30
2216 59.32
2217 59.37
2218 59.41
2219 59.27
2220 59.24
2221 59.31
2222 59.30
2223 59.30
2224 59.35
2225 59.39
2226 59.36
2227 59.38
2228 59.47
2229 59.13
2230 59.28
2231 59.25
2232 59.31
2233 59.39
2234 59.31
2235 59.34
2236 59.32
2237 59.21
2238 59.31
2239 59.38
2240 59.28
2241 59.34
2242 59.37
2243 59.36
2244 59.31
2245 59.31
2246 59.33
2247 59.17
2248 59.30
2249 59.42
2250 59.43
2251 59.40
2252 59.32
2253 59.38
2254 59.36
2255 59.32
2256 59.33
2257 59.47
2258 59.43
2259 59.25
2260 59.34
2261 59.38
2262 59.40
2263 59.49
2264 59.34
2265 59.45
2266 59.39
2267 59.32
2268 59.27
2269 59.43
2270 59.44
2271 59.38
2272 59.40
2273 59.36
2274 59.40
2275 59.33
2276 59.41
2277 59.27
2278 59.40
2279 59.38
2280 59.29
2281 59.37
2282 59.38
2283 59.31
2284 59.35
2285 59.30
2286 59.31
2287 59.59
2288 59.45
2289 59.47
2290 59.44
2291 59.36
2292 59.34
2293 59.33
2294 59.43
2295 59.54
2296 59.32
2297 59.46
2298 59.44
2299 59.39
2300 59.32
2301 59.30
2302 59.32
2303 59.33
2304 59.48
2305 59.45
2306 59.43
2307 59.41
2308 59.36
2309 59.35
2310 59.38
2311 59.41
2312 59.37
2313 59.38
2314 59.51
2315 59.31
2316 59.23
2317 59.31
2318 59.41
2319 59.42
2320 59.53
2321 59.50
2322 59.45
2323 59.46
2324 59.32
2325 59.55
2326 59.46
2327 59.46
2328 59.47
2329 59.30
2330 59.42
2331 59.41
2332 59.47
2333 59.37
2334 59.31
2335 59.52
2336 59.51
2337 59.39
2338 59.45
2339 59.42
2340 59.47
2341 59.45
2342 59.37
2343 59.39
2344 59.49
2345 59.46
2346 59.41
2347 59.48
2348 59.48
2349 59.35
2350 59.34
2351 59.34
2352 59.38
2353 59.41
2354 59.41
2355 59.39
2356 59.51
2357 59.43
2358 59.45
2359 59.34
2360 59.47
2361 59.45
2362 59.35
2363 59.40
2364 59.39
2365 59.35
2366 59.41
2367 59.43
2368 59.47
2369 59.33
2370 59.40
2371 59.41
2372 59.32
2373 59.45
2374 59.32
2375 59.38
2376 59.52
2377 59.47
2378 59.43
2379 59.43
2380 59.53
2381 59.31
2382 59.35
2383 59.47
2384 59.56
2385 59.38
2386 59.40
2387 59.45
2388 59.54
2389 59.31
2390 59.39
2391 59.48
2392 59.57
2393 59.57
2394 59.53
2395 59.50
2396 59.45
2397 59.45
2398 59.45
2399 59.33
2400 59.44
2401 59.49
2402 59.49
2403 59.38
2404 59.43
2405 59.41
2406 59.33
2407 59.39
2408 59.42
2409 59.43
2410 59.46
2411 59.44
2412 59.53
2413 59.48
2414 59.41
2415 59.45
2416 59.47
2417 59.54
2418 59.47
2419 59.44
2420 59.53
2421 59.47
2422 59.41
2423 59.33
2424 59.36
2425 59.53
2426 59.48
2427 59.54
2428 59.49
2429 59.52
2430 59.47
2431 59.39
2432 59.34
2433 59.41
2434 59.47
2435 59.52
2436 59.46
2437 59.40
2438 59.40
2439 59.37
2440 59.47
2441 59.41
2442 59.55
2443 59.52
2444 59.44
2445 59.49
2446 59.34
2447 59.38
2448 59.42
2449 59.59
2450 59.50
2451 59.47
2452 59.41
2453 59.62
2454 59.44
2455 59.32
2456 59.42
2457 59.60
2458 59.54
2459 59.61
2460 59.49
2461 59.29
2462 59.42
2463 59.42
2464 59.34
2465 59.47
2466 59.48
2467 59.47
2468 59.44
2469 59.45
2470 59.54
2471 59.42
2472 59.36
2473 59.57
2474 59.44
2475 59.54
2476 59.49
2477 59.49
2478 59.54
2479 59.58
2480 59.33
2481 59.52
2482 59.56
2483 59.66
2484 59.52
2485 59.33
2486 59.52
2487 59.55
2488 59.40
2489 59.49
2490 59.45
2491 59.53
2492 59.52
2493 59.40
2494 59.42
2495 59.60
2496 59.47
2497 59.49
2498 59.55
2499 59.43
2500 59.64
2501 59.49
2502 59.36
2503 59.45
2504 59.51
2505 59.41
2506 59.48
2507 59.49
2508 59.62
2509 59.56
2510 59.43
2511 59.57
2512 59.44
2513 59.43
2514 59.47
2515 59.45
2516 59.74
2517 59.51
2518 59.53
2519 59.50
2520 59.50
2521 59.47
2522 59.58
2523 59.56
2524 59.45
2525 59.50
2526 59.45
2527 59.54
2528 59.46
2529 59.54
2530 59.62
2531 59.60
2532 59.63
2533 59.52
2534 59.48
2535 59.51
2536 59.64
2537 59.45
2538 59.64
2539 59.42
2540 59.59
2541 59.40
2542 59.37
2543 59.57
2544 59.41
2545 59.63
2546 59.58
2547 59.54
2548 59.46
2549 59.50
2550 59.36
2551 59.49
2552 59.59
2553 59.61
2554 59.56
2555 59.51
2556 59.63
2557 59.47
2558 59.58
2559 59.50
2560 59.60
2561 59.57
2562 59.58
2563 59.53
2564 59.50
2565 59.58
2566 59.34
2567 59.46
2568 59.58
2569 59.47
2570 59.60
2571 59.60
2572 59.58
2573 59.47
2574 59.42
2575 59.48
2576 59.43
2577 59.49
2578 59.58
2579 59.43
2580 59.67
2581 59.60
2582 59.44
2583 59.54
2584 59.50
2585 59.39
2586 59.45
2587 59.63
2588 59.51
2589 59.58
2590 59.50
2591 59.64
2592 59.58
2593 59.54
2594 59.63
2595 59.55
2596 59.58
2597 59.49
2598 59.52
2599 59.49
2600 59.62
2601 59.62
2602 59.57
2603 59.67
2604 59.50
2605 59.60
2606 59.40
2607 59.66
2608 59.48
2609 59.64
2610 59.50
2611 59.39
2612 59.68
2613 59.59
2614 59.63
2615 59.49
2616 59.52
2617 59.57
2618 59.56
2619 59.49
2620 59.55
2621 59.65
2622 59.64
2623 59.57
2624 59.58
2625 59.64
2626 59.59
2627 59.63
2628 59.49
2629 59.65
2630 59.66
2631 59.49
2632 59.62
2633 59.48
2634 59.53
2635 59.50
2636 59.50
2637 59.63
2638 59.56
2639 59.58
2640 59.45
2641 59.44
2642 59.46
2643 59.51
2644 59.40
2645 59.53
2646 59.60
2647 59.49
2648 59.54
2649 59.56
2650 59.55
2651 59.65
2652 59.47
2653 59.58
2654 59.59
2655 59.65
2656 59.60
2657 59.63
2658 59.54
2659 59.57
2660 59.55
2661 59.53
2662 59.59
2663 59.74
2664 59.64
2665 59.54
2666 59.54
2667 59.47
2668 59.52
2669 59.49
2670 59.42
2671 59.52
2672 59.60
2673 59.59
2674 59.61
2675 59.54
2676 59.52
2677 59.53
2678 59.60
2679 59.47
2680 59.63
2681 59.60
2682 59.54
2683 59.49
2684 59.65
2685 59.59
2686 59.59
2687 59.62
2688 59.57
2689 59.72
2690 59.61
2691 59.54
2692 59.68
2693 59.61
2694 59.40
2695 59.53
2696 59.68
2697 59.67
2698 59.53
2699 59.47
2700 59.71
2701 59.52
2702 59.47
2703 59.72
2704 59.62
2705 59.60
2706 59.61
2707 59.49
2708 59.49
2709 59.53
2710 59.56
2711 59.63
2712 59.62
2713 59.52
2714 59.57
2715 59.50
2716 59.64
2717 59.54
2718 59.61
2719 59.62
2720 59.72
2721 59.63
2722 59.45
2723 59.44
2724 59.46
2725 59.65
2726 59.62
2727 59.58
2728 59.56
2729 59.61
2730 59.52
2731 59.59
2732 59.63
2733 59.60
2734 59.65
2735 59.69
2736 59.62
2737 59.61
2738 59.58
2739 59.56
2740 59.62
2741 59.59
2742 59.58
2743 59.66
2744 59.54
2745 59.58
2746 59.64
2747 59.62
2748 59.79
2749 59.58
2750 59.64
2751 59.65
2752 59.58
2753 59.57
2754 59.61
2755 59.65
2756 59.52
2757 59.57
2758 59.79
2759 59.61
2760 59.49
2761 59.48
2762 59.61
2763 59.52
2764 59.69
2765 59.61
2766 59.72
2767 59.74
2768 59.65
2769 59.58
2770 59.53
2771 59.61
2772 59.61
2773 59.65
2774 59.61
2775 59.71
2776 59.61
2777 59.45
2778 59.49
2779 59.61
2780 59.70
2781 59.74
2782 59.64
2783 59.70
2784 59.68
2785 59.54
2786 59.56
2787 59.59
2788 59.67
2789 59.66
2790 59.60
2791 59.81
2792 59.60
2793 59.51
2794 59.69
2795 59.61
2796 59.62
2797 59.64
2798 59.53
2799 59.71
2800 59.55
2801 59.59
2802 59.61
2803 59.76
2804 59.70
2805 59.62
2806 59.65
2807 59.68
2808 59.61
2809 59.67
2810 59.58
2811 59.74
2812 59.79
2813 59.55
2814 59.57
2815 59.58
2816 59.68
2817 59.60
2818 59.58
2819 59.63
2820 59.56
2821 59.78
2822 59.51
2823 59.50
2824 59.64
2825 59.61
2826 59.54
2827 59.63
2828 59.67
2829 59.73
2830 59.56
2831 59.58
2832 59.67
2833 59.57
2834 59.58
2835 59.56
2836 59.76
2837 59.64
2838 59.63
2839 59.65
2840 59.57
2841 59.51
2842 59.51
2843 59.58
2844 59.59
2845 59.77
2846 59.70
2847 59.60
2848 59.60
2849 59.65
2850 59.60
2851 59.58
2852 59.65
2853 59.67
2854 59.79
2855 59.57
2856 59.67
2857 59.63
2858 59.58
2859 59.68
2860 59.65
2861 59.66
2862 59.71
2863 59.66
2864 59.51
2865 59.74
2866 59.52
2867 59.61
2868 59.64
2869 59.73
2870 59.65
2871 59.68
2872 59.42
2873 59.64
2874 59.61
2875 59.59
2876 59.58
2877 59.60
2878 59.67
2879 59.71
2880 59.61
2881 59.57
2882 59.69
2883 59.66
2884 59.51
2885 59.72
2886 59.68
2887 59.68
2888 59.83
2889 59.73
2890 59.66
2891 59.65
2892 59.53
2893 59.52
2894 59.65
2895 59.74
2896 59.63
2897 59.68
2898 59.63
2899 59.58
2900 59.60
2901 59.53
2902 59.67
2903 59.68
2904 59.76
2905 59.64
2906 59.79
2907 59.79
2908 59.56
2909 59.59
2910 59.66
2911 59.73
2912 59.74
2913 59.54
2914 59.67
2915 59.61
2916 59.74
2917 59.58
2918 59.61
2919 59.65
2920 59.67
2921 59.71
2922 59.55
2923 59.72
2924 59.52
2925 59.73
2926 59.74
2927 59.74
2928 59.72
2929 59.59
2930 59.72
2931 59.66
2932 59.70
2933 59.76
2934 59.63
2935 59.63
2936 59.70
2937 59.68
2938 59.73
2939 59.63
2940 59.61
2941 59.45
2942 59.58
2943 59.63
2944 59.72
2945 59.61
2946 59.65
2947 59.76
2948 59.63
2949 59.59
2950 59.58
2951 59.74
2952 59.79
2953 59.74
2954 59.61
2955 59.65
2956 59.78
2957 59.69
2958 59.67
2959 59.77
2960 59.83
2961 59.70
2962 59.61
2963 59.58
2964 59.68
2965 59.56
2966 59.51
2967 59.61
2968 59.77
2969 59.70
2970 59.52
2971 59.68
2972 59.71
2973 59.61
2974 59.70
2975 59.71
2976 59.60
2977 59.77
2978 59.60
2979 59.61
2980 59.78
2981 59.67
2982 59.64
2983 59.72
2984 59.72
2985 59.72
2986 59.66
2987 59.54
2988 59.71
2989 59.65
2990 59.57
2991 59.69
2992 59.76
2993 59.65
2994 59.75
2995 59.66
2996 59.62
2997 59.62
2998 59.64
2999 59.68
3000 59.81
3001 59.76
3002 59.60
3003 59.62
3004 59.58
3005 59.64
3006 59.71
3007 59.77
3008 59.67
3009 59.72
3010 59.68
3011 59.59
3012 59.61
3013 59.58
3014 59.63
3015 59.78
3016 59.72
3017 59.72
3018 59.47
3019 59.69
3020 59.67
3021 59.80
3022 59.71
3023 59.64
3024 59.77
3025 59.61
3026 59.77
3027 59.67
3028 59.61
3029 59.85
3030 59.64
3031 59.77
3032 59.76
3033 59.77
3034 59.77
3035 59.65
3036 59.60
3037 59.78
3038 59.54
3039 59.72
3040 59.78
3041 59.65
3042 59.71
3043 59.65
3044 59.58
3045 59.75
3046 59.61
3047 59.72
3048 59.72
3049 59.68
3050 59.74
3051 59.64
3052 59.63
3053 59.68
3054 59.57
3055 59.72
3056 59.78
3057 59.77
3058 59.87
3059 59.72
3060 59.61
3061 59.64
3062 59.77
3063 59.63
3064 59.59
3065 59.69
3066 59.79
3067 59.65
3068 59.74
3069 59.68
3070 59.74
3071 59.59
3072 59.72
3073 59.70
3074 59.73
3075 59.65
3076 59.63
3077 59.63
3078 59.82
3079 59.73
3080 59.76
3081 59.74
3082 59.57
3083 59.77
3084 59.71
3085 59.79
3086 59.76
3087 59.80
3088 59.79
3089 59.58
3090 59.76
3091 59.86
3092 59.78
3093 59.63
3094 59.60
3095 59.58
3096 59.70
3097 59.68
3098 59.59
3099 59.71
3100 59.83
3101 59.77
3102 59.65
3103 59.68
3104 59.73
3105 59.76
3106 59.68
3107 59.69
3108 59.77
3109 59.64
3110 59.73
3111 59.60
3112 59.72
3113 59.65
3114 59.81
3115 59.88
3116 59.74
3117 59.78
3118 59.61
3119 59.58
3120 59.76
3121 59.66
3122 59.60
3123 59.68
3124 59.81
3125 59.68
3126 59.70
3127 59.65
3128 59.77
3129 59.68
3130 59.77
3131 59.68
3132 59.68
3133 59.68
3134 59.66
3135 59.70
3136 59.81
3137 59.76
3138 59.77
3139 59.74
3140 59.78
3141 59.69
3142 59.61
3143 59.75
3144 59.63
3145 59.75
3146 59.78
3147 59.74
3148 59.61
3149 59.55
3150 59.70
3151 59.71
3152 59.77
3153 59.73
3154 59.83
3155 59.75
3156 59.72
3157 59.59
3158 59.85
3159 59.88
3160 59.70
3161 59.80
3162 59.95
3163 59.74
3164 59.76
3165 59.67
3166 59.81
3167 59.92
3168 59.75
3169 59.77
3170 59.80
3171 59.76
3172 59.76
3173 59.82
3174 59.76
3175 59.76
3176 59.70
3177 59.71
3178 59.71
3179 59.70
3180 59.68
3181 59.73
3182 59.76
3183 59.83
3184 59.71
3185 59.57
3186 59.74
3187 59.63
3188 59.67
3189 59.66
3190 59.64
3191 59.58
3192 59.44
3193 58.43
3194 57.45
3195 45.00
3196 37.54
3197 32.14
3198 28.31
3199 25.91
3200 23.93
3201 22.53
3202 21.34
3203 20.38
3204 19.48
3205 18.96
3206 18.42
3207 17.80
3208 17.34
3209 17.00
3210 16.58
3211 16.11
3212 16.09
3213 15.69
3214 15.36
3215 15.19
3216 15.00
3217 14.78
3218 14.65
3219 14.40
3220 14.25
3221 14.16
3222 14.02
3223 13.90
3224 13.73
3225 13.64
3226 13.46
3227 13.40
3228 13.26
3229 13.06
3230 12.97
3231 13.05
3232 12.96
3233 12.74
3234 12.64
3235 12.73
3236 12.54
3237 12.37
3238 12.22
3239 12.15
3240 12.18
3241 12.10
3242 12.04
3243 11.83
3244 11.90
3245 11.64
3246 11.41
3247 11.39
3248 11.43
3249 11.40
3250 11.39
3251 11.24
3252 11.16
3253 11.01
3254 10.83
3255 10.81
3256 10.65
3257 10.70
3258 10.53
3259 10.42
3260 10.48
3261 10.44
3262 10.16
3263 10.02
3264 10.10
3265 10.10
3266 10.14
3267 10.14
3268 10.56
3269 9.89
3270 9.49
