1 7.59
2 7.11
3 6.55
4 6.17
5 5.81
6 5.39
7 5.05
8 4.81
9 4.52
10 4.20
11 3.98
12 3.68
13 3.53
14 3.30
15 3.21
16 3.74
17 4.62
18 17.35
19 38.55
20 50.91
21 55.08
22 56.62
23 58.40
24 59.25
25 59.79
26 59.82
27 60.05
28 59.99
29 60.01
30 60.13
31 60.06
32 59.90
33 59.83
34 59.94
35 60.04
36 60.04
37 59.93
38 59.99
39 59.92
40 59.96
41 60.00
42 59.97
43 59.88
44 60.02
45 59.92
46 60.03
47 59.81
48 59.99
49 59.76
50 59.72
51 59.82
52 59.74
53 59.69
54 59.80
55 59.77
56 59.83
57 59.79
58 59.65
59 59.47
60 59.56
61 59.71
62 59.73
63 59.54
64 59.59
65 59.58
66 59.58
67 59.59
68 59.58
69 59.75
70 59.67
71 59.56
72 59.59
73 59.81
74 59.72
75 59.79
76 59.61
77 59.66
78 59.56
79 59.60
80 59.70
81 59.64
82 59.72
83 59.70
84 59.70
85 59.74
86 59.59
87 59.59
88 59.83
89 59.62
90 59.70
91 59.67
92 59.76
93 59.82
94 59.81
95 59.70
96 59.86
97 59.72
98 59.56
99 59.67
100 59.63
101 59.62
102 59.71
103 59.77
104 59.57
105 59.70
106 59.61
107 59.53
108 59.69
109 59.65
110 59.66
111 59.47
112 59.61
113 59.65
114 59.65
115 59.63
116 59.56
117 59.41
118 59.50
119 59.58
120 59.51
121 59.51
122 59.58
123 59.69
124 59.71
125 59.44
126 59.51
127 59.58
128 59.64
129 59.36
130 59.47
131 59.60
132 59.74
133 59.70
134 59.59
135 59.56
136 59.57
137 59.67
138 59.49
139 59.52
140 59.58
141 59.45
142 59.58
143 59.67
144 59.53
145 59.55
146 59.49
147 59.53
148 59.63
149 59.50
150 59.54
151 59.66
152 59.55
153 59.53
154 59.77
155 59.47
156 59.52
157 59.41
158 59.58
159 59.53
160 59.54
161 59.60
162 59.55
163 59.76
164 59.50
165 59.56
166 59.49
167 59.38
168 59.45
169 59.50
170 59.43
171 59.56
172 59.70
173 59.55
174 59.50
175 59.58
176 59.41
177 59.50
178 59.64
179 59.43
180 59.40
181 59.54
182 59.71
183 59.56
184 59.58
185 59.59
186 59.70
187 59.62
188 59.49
189 59.58
190 59.63
191 59.45
192 59.64
193 59.50
194 59.54
195 59.65
196 59.62
197 59.49
198 59.55
199 59.48
200 59.53
201 59.65
202 59.61
203 59.56
204 59.66
205 59.67
206 59.49
207 59.60
208 59.47
209 59.50
210 59.62
211 59.58
212 59.78
213 59.58
214 59.61
215 59.63
216 59.51
217 59.61
218 59.66
219 59.57
220 59.56
221 59.58
222 59.65
223 59.65
224 59.56
225 59.42
226 59.67
227 59.77
228 59.68
229 59.70
230 59.55
231 59.65
232 59.70
233 59.49
234 59.51
235 59.63
236 59.65
237 59.52
238 59.61
239 59.67
240 59.59
241 59.65
242 59.50
243 59.61
244 59.66
245 59.62
246 59.58
247 59.74
248 59.65
249 59.57
250 59.69
251 59.59
252 59.47
253 59.70
254 59.52
255 59.65
256 59.63
257 59.72
258 59.65
259 59.75
260 59.70
261 59.70
262 59.53
263 59.73
264 59.65
265 59.68
266 59.63
267 59.64
268 59.53
269 59.67
270 59.63
271 59.59
272 59.56
273 59.61
274 59.67
275 59.76
276 59.69
277 59.81
278 59.70
279 59.60
280 59.69
281 59.67
282 59.68
283 59.72
284 59.77
285 59.62
286 59.73
287 59.68
288 59.66
289 59.47
290 59.62
291 59.80
292 59.77
293 59.77
294 59.77
295 59.71
296 59.77
297 59.74
298 59.69
299 59.68
300 59.78
301 59.73
302 59.76
303 59.81
304 59.76
305 59.68
306 59.66
307 59.74
308 59.71
309 59.75
310 59.67
311 59.81
312 59.79
313 59.71
314 59.66
315 59.88
316 59.74
317 59.90
318 59.85
319 59.75
320 59.77
321 59.88
322 59.63
323 59.78
324 59.76
325 59.69
326 59.88
327 59.72
328 59.68
329 59.90
330 59.80
331 59.63
332 59.73
333 59.82
334 59.87
335 59.78
336 60.00
337 59.77
338 59.80
339 59.81
340 59.88
341 59.71
342 59.74
343 59.78
344 59.77
345 59.83
346 59.74
347 59.97
348 59.88
349 59.90
350 59.76
351 59.84
352 59.88
353 59.77
354 59.81
355 59.83
356 59.82
357 59.79
358 59.73
359 59.92
360 59.88
361 59.81
362 60.08
363 59.83
364 59.89
365 59.86
366 59.77
367 59.77
368 59.79
369 59.97
370 59.86
371 59.88
372 59.82
373 59.97
374 59.73
375 59.82
376 59.86
377 59.79
378 59.90
379 59.90
380 59.90
381 59.94
382 59.88
383 59.83
384 59.97
385 59.97
386 59.79
387 59.92
388 59.93
389 59.88
390 60.01
391 59.97
392 60.09
393 60.01
394 59.84
395 59.84
396 59.87
397 59.83
398 59.96
399 59.91
400 59.89
401 59.99
402 60.04
403 59.92
404 59.96
405 59.79
406 59.85
407 59.88
408 60.01
409 59.93
410 60.06
411 60.07
412 59.90
413 59.90
414 59.85
415 59.96
416 59.97
417 59.92
418 60.07
419 59.96
420 59.97
421 59.79
422 59.90
423 59.97
424 60.09
425 59.95
426 60.07
427 59.99
428 59.98
429 60.00
430 60.04
431 59.87
432 59.92
433 59.97
434 59.96
435 60.08
436 59.98
437 59.92
438 59.93
439 60.03
440 59.99
441 60.16
442 60.05
443 60.13
444 60.03
445 59.90
446 59.88
447 60.01
448 60.03
449 60.02
450 60.10
451 60.11
452 60.14
453 59.91
454 59.88
455 60.01
456 60.05
457 60.08
458 60.11
459 60.08
460 60.08
461 60.01
462 59.85
463 59.79
464 59.95
465 59.96
466 60.00
467 60.10
468 60.03
469 60.17
470 60.05
471 60.02
472 59.91
473 59.91
474 59.97
475 59.96
476 59.98
477 59.97
478 59.97
479 60.19
480 59.97
481 60.03
482 60.01
483 59.96
484 59.94
485 59.99
486 60.04
487 60.18
488 60.10
489 59.93
490 60.05
491 60.08
492 60.05
493 60.09
494 60.07
495 60.10
496 60.06
497 59.97
498 60.07
499 60.17
500 59.99
501 60.15
502 59.91
503 60.14
504 60.14
505 60.19
506 60.12
507 60.02
508 60.20
509 59.99
510 60.06
511 60.00
512 60.03
513 59.99
514 60.12
515 60.09
516 60.11
517 60.03
518 60.17
519 60.04
520 59.94
521 60.08
522 60.12
523 60.09
524 60.00
525 60.15
526 60.23
527 60.12
528 59.87
529 60.09
530 60.07
531 60.10
532 60.04
533 60.09
534 60.13
535 60.12
536 60.15
537 59.97
538 59.95
539 60.03
540 60.23
541 60.11
542 60.06
543 60.16
544 60.14
545 59.93
546 59.80
547 60.08
548 60.20
549 59.96
550 60.17
551 60.12
552 60.23
553 60.14
554 60.01
555 60.01
556 60.19
557 60.02
558 60.09
559 60.14
560 60.15
561 60.12
562 60.06
563 59.97
564 60.08
565 60.02
566 60.04
567 60.08
568 60.17
569 60.08
570 59.96
571 59.96
572 60.06
573 60.15
574 60.16
575 60.32
576 60.03
577 60.13
578 60.12
579 60.04
580 60.09
581 60.11
582 60.02
583 60.22
584 60.10
585 60.19
586 60.15
587 60.08
588 60.12
589 60.12
590 60.10
591 60.17
592 60.17
593 60.20
594 60.10
595 59.92
596 60.07
597 60.17
598 60.19
599 60.05
600 60.17
601 60.10
602 60.14
603 60.11
604 60.10
605 60.07
606 60.25
607 60.22
608 60.31
609 60.19
610 60.24
611 60.05
612 60.16
613 60.19
614 60.21
615 60.14
616 60.12
617 60.25
618 60.25
619 60.17
620 60.03
621 60.19
622 60.05
623 60.08
624 60.08
625 60.16
626 60.26
627 60.14
628 60.06
629 60.22
630 60.21
631 60.18
632 60.18
633 60.08
634 60.25
635 60.12
636 60.12
637 60.09
638 60.10
639 60.15
640 60.12
641 60.14
642 60.34
643 60.14
644 60.17
645 60.06
646 60.07
647 60.20
648 59.99
649 60.13
650 60.26
651 60.07
652 60.29
653 60.12
654 60.04
655 60.15
656 60.15
657 60.12
658 60.26
659 60.09
660 60.12
661 60.31
662 60.04
663 60.12
664 60.09
665 60.07
666 60.11
667 60.11
668 60.28
669 60.34
670 60.27
671 60.16
672 60.16
673 60.29
674 60.05
675 60.14
676 60.16
677 60.33
678 60.17
679 60.07
680 60.22
681 60.20
682 60.10
683 60.09
684 60.21
685 60.17
686 60.17
687 60.18
688 60.21
689 60.10
690 60.13
691 60.09
692 60.17
693 60.04
694 60.25
695 60.21
696 60.25
697 60.23
698 60.20
699 60.25
700 60.06
701 60.18
702 60.20
703 60.11
704 60.21
705 60.18
706 60.18
707 60.08
708 60.19
709 60.30
710 59.95
711 60.19
712 60.12
713 60.28
714 60.07
715 60.13
716 60.18
717 60.25
718 60.03
719 60.05
720 60.08
721 60.17
722 60.24
723 60.07
724 60.16
725 60.32
726 60.09
727 60.09
728 60.14
729 60.09
730 60.06
731 60.05
732 60.14
733 60.05
734 60.20
735 60.19
736 60.18
737 60.12
738 60.12
739 60.12
740 60.19
741 60.15
742 60.26
743 60.11
744 60.05
745 60.13
746 60.23
747 60.03
748 60.14
749 60.15
750 60.25
751 60.17
752 60.06
753 60.00
754 60.27
755 60.21
756 60.12
757 60.03
758 60.09
759 60.30
760 60.12
761 60.05
762 60.20
763 59.94
764 60.01
765 60.30
766 60.30
767 60.20
768 60.17
769 60.04
770 60.17
771 60.09
772 60.10
773 60.13
774 60.08
775 60.10
776 60.12
777 60.09
778 60.23
779 60.16
780 60.11
781 60.06
782 60.11
783 60.07
784 60.16
785 60.15
786 60.27
787 60.18
788 60.05
789 60.19
790 60.25
791 60.25
792 60.13
793 60.12
794 60.09
795 60.17
796 60.12
797 60.25
798 60.13
799 60.19
800 60.09
801 60.14
802 59.94
803 60.15
804 60.07
805 60.28
806 60.16
807 60.17
808 60.12
809 60.08
810 60.13
811 60.10
812 60.32
813 60.27
814 60.20
815 60.25
816 60.10
817 60.10
818 60.12
819 60.16
820 60.12
821 60.14
822 60.05
823 60.17
824 60.16
825 60.08
826 60.19
827 60.14
828 60.10
829 60.25
830 60.21
831 60.13
832 60.05
833 60.10
834 60.12
835 60.18
836 60.21
837 60.16
838 60.24
839 60.25
840 60.28
841 60.06
842 60.12
843 60.03
844 60.23
845 60.16
846 60.07
847 60.10
848 60.23
849 60.12
850 60.02
851 60.17
852 60.15
853 60.19
854 60.02
855 60.08
856 60.20
857 60.06
858 60.07
859 60.19
860 60.13
861 60.16
862 60.15
863 60.03
864 60.21
865 60.07
866 60.27
867 60.03
868 60.12
869 60.01
870 60.08
871 60.07
872 60.21
873 60.15
874 60.12
875 60.09
876 60.13
877 60.01
878 59.97
879 60.13
880 60.05
881 60.25
882 60.15
883 60.21
884 59.92
885 60.08
886 59.97
887 60.03
888 59.99
889 60.20
890 60.16
891 60.17
892 60.13
893 60.13
894 60.05
895 59.96
896 60.04
897 60.07
898 60.12
899 60.27
900 60.19
901 60.08
902 60.07
903 59.94
904 60.08
905 60.18
906 60.23
907 60.10
908 60.12
909 60.08
910 60.06
911 60.15
912 60.08
913 60.08
914 60.12
915 60.08
916 60.23
917 59.98
918 60.08
919 60.28
920 60.12
921 60.14
922 60.12
923 60.08
924 60.13
925 59.90
926 60.00
927 59.99
928 60.01
929 60.06
930 59.98
931 60.18
932 60.10
933 60.21
934 60.06
935 60.12
936 60.13
937 60.01
938 59.99
939 60.11
940 60.01
941 60.19
942 60.08
943 60.24
944 60.06
945 60.12
946 60.11
947 60.09
948 60.07
949 60.09
950 60.11
951 60.16
952 59.91
953 60.12
954 60.10
955 60.06
956 60.04
957 60.17
958 60.20
959 60.10
960 60.25
961 60.08
962 60.17
963 60.12
964 60.03
965 60.02
966 60.19
967 60.02
968 60.14
969 60.09
970 60.14
971 60.20
972 60.01
973 60.10
974 59.97
975 60.12
976 60.13
977 60.04
978 60.12
979 60.17
980 60.20
981 59.79
982 60.08
983 60.14
984 60.17
985 60.24
986 60.19
987 60.16
988 60.08
989 59.95
990 59.99
991 60.09
992 60.10
993 60.22
994 60.09
995 60.07
996 60.12
997 60.22
998 60.00
999 60.08
1000 60.06
1001 60.12
1002 59.97
1003 59.99
1004 60.10
1005 60.00
1006 60.11
1007 60.14
1008 60.02
1009 59.92
1010 59.97
1011 59.90
1012 60.09
1013 60.17
1014 60.10
1015 60.08
1016 60.11
1017 59.96
1018 60.14
1019 59.97
1020 60.10
1021 60.14
1022 59.95
1023 60.14
1024 60.01
1025 59.98
1026 60.02
1027 59.98
1028 60.01
1029 60.01
1030 60.14
1031 60.03
1032 60.03
1033 59.98
1034 60.16
1035 59.97
1036 60.02
1037 60.11
1038 60.14
1039 59.96
1040 60.01
1041 60.08
1042 60.11
1043 59.89
1044 60.06
1045 60.19
1046 59.96
1047 60.02
1048 59.95
1049 60.15
1050 59.96
1051 60.12
1052 59.98
1053 60.18
1054 60.05
1055 59.94
1056 60.06
1057 60.04
1058 60.08
1059 60.08
1060 59.99
1061 60.08
1062 60.07
1063 59.98
1064 59.99
1065 59.97
1066 60.08
1067 60.13
1068 60.05
1069 60.16
1070 60.05
1071 60.07
1072 60.08
1073 60.07
1074 60.04
1075 60.07
1076 60.04
1077 60.12
1078 60.06
1079 60.02
1080 60.07
1081 60.02
1082 59.94
1083 60.13
1084 60.01
1085 60.07
1086 60.07
1087 60.02
1088 60.10
1089 59.98
1090 60.09
1091 60.12
1092 60.08
1093 60.10
1094 60.10
1095 59.97
1096 60.04
1097 60.08
1098 59.94
1099 60.00
1100 60.05
1101 60.18
1102 60.03
1103 59.94
1104 59.93
1105 59.86
1106 60.09
1107 60.05
1108 60.01
1109 60.14
1110 60.09
1111 60.08
1112 59.96
1113 60.00
1114 59.96
1115 59.99
1116 60.14
1117 59.96
1118 60.10
1119 60.02
1120 60.13
1121 60.01
1122 60.21
1123 59.92
1124 60.07
1125 60.12
1126 59.96
1127 60.10
1128 59.95
1129 60.01
1130 60.05
1131 60.07
1132 60.01
1133 60.09
1134 59.94
1135 60.00
1136 60.04
1137 60.03
1138 59.97
1139 59.92
1140 60.06
1141 60.03
1142 60.13
1143 60.04
1144 60.23
1145 60.11
1146 59.92
1147 59.95
1148 59.95
1149 60.08
1150 60.16
1151 60.03
1152 59.99
1153 59.84
1154 59.98
1155 60.00
1156 60.07
1157 60.00
1158 60.08
1159 60.01
1160 60.19
1161 59.90
1162 59.97
1163 60.10
1164 59.97
1165 59.97
1166 60.09
1167 60.01
1168 60.17
1169 59.96
1170 59.87
1171 59.96
1172 60.05
1173 60.06
1174 60.00
1175 60.10
1176 60.05
1177 59.94
1178 59.85
1179 60.09
1180 60.10
1181 59.96
1182 59.88
1183 60.08
1184 60.09
1185 59.87
1186 59.88
1187 60.01
1188 60.05
1189 60.17
1190 59.98
1191 60.06
1192 60.07
1193 59.94
1194 59.92
1195 60.05
1196 60.03
1197 60.01
1198 60.05
1199 59.82
1200 59.99
1201 59.98
1202 59.83
1203 60.06
1204 60.09
1205 60.00
1206 60.10
1207 60.06
1208 60.02
1209 60.03
1210 59.94
1211 59.93
1212 59.96
1213 59.99
1214 60.14
1215 59.99
1216 60.01
1217 60.13
1218 59.95
1219 60.04
1220 60.12
1221 59.95
1222 60.01
1223 60.09
1224 60.02
1225 60.11
1226 60.09
1227 60.12
1228 59.90
1229 59.88
1230 60.02
1231 59.98
1232 60.07
1233 59.92
1234 59.99
1235 60.07
1236 59.81
1237 60.09
1238 60.02
1239 60.02
1240 59.95
1241 59.99
1242 59.88
1243 60.17
1244 60.08
1245 60.04
1246 59.97
1247 59.98
1248 59.93
1249 60.04
1250 59.96
1251 60.05
1252 60.04
1253 60.05
1254 59.87
1255 59.92
1256 59.99
1257 59.96
1258 59.95
1259 59.94
1260 59.99
1261 59.92
1262 59.87
1263 59.94
1264 59.88
1265 60.07
1266 59.98
1267 60.00
1268 59.99
1269 60.00
1270 59.95
1271 60.05
1272 60.01
1273 59.94
1274 60.02
1275 59.90
1276 59.95
1277 59.92
1278 59.90
1279 59.89
1280 59.97
1281 60.01
1282 59.86
1283 60.06
1284 60.04
1285 59.87
1286 59.95
1287 59.96
1288 60.08
1289 60.01
1290 59.98
1291 60.16
1292 60.09
1293 59.98
1294 59.94
1295 59.85
1296 60.10
1297 60.08
1298 60.16
1299 60.04
1300 60.14
1301 59.89
1302 59.83
1303 59.95
1304 59.99
1305 59.96
1306 60.09
1307 60.04
1308 60.15
1309 60.07
1310 59.95
1311 59.96
1312 59.99
1313 59.96
1314 59.99
1315 59.98
1316 60.06
1317 60.01
1318 59.90
1319 59.87
1320 59.88
1321 59.94
1322 59.97
1323 59.99
1324 59.96
1325 60.20
1326 59.96
1327 59.99
1328 59.87
1329 59.90
1330 60.03
1331 59.89
1332 59.92
1333 59.99
1334 60.00
1335 59.71
1336 59.95
1337 59.91
1338 59.99
1339 60.10
1340 60.10
1341 59.94
1342 59.99
1343 59.86
1344 60.00
1345 59.97
1346 59.88
1347 59.97
1348 60.01
1349 59.91
1350 60.00
1351 59.99
1352 59.89
1353 60.09
1354 60.03
1355 59.97
1356 60.01
1357 59.85
1358 60.05
1359 59.88
1360 59.92
1361 59.92
1362 59.90
1363 59.95
1364 60.18
1365 60.01
1366 59.97
1367 60.09
1368 59.99
1369 60.01
1370 59.95
1371 60.05
1372 60.07
1373 59.94
1374 60.19
1375 60.02
1376 59.95
1377 59.84
1378 60.03
1379 60.07
1380 60.03
1381 59.99
1382 60.00
1383 60.03
1384 59.98
1385 59.90
1386 60.03
1387 60.00
1388 59.90
1389 60.13
1390 59.96
1391 59.99
1392 59.89
1393 59.97
1394 60.01
1395 60.08
1396 59.88
1397 60.12
1398 59.90
1399 59.99
1400 60.00
1401 59.97
1402 60.10
1403 60.01
1404 59.89
1405 59.95
1406 59.88
1407 60.01
1408 59.87
1409 59.91
1410 60.02
1411 59.85
1412 59.91
1413 59.97
1414 59.92
1415 60.05
1416 59.93
1417 60.11
1418 59.85
1419 59.81
1420 59.93
1421 60.15
1422 59.85
1423 59.96
1424 60.10
1425 59.95
1426 59.89
1427 59.92
1428 60.07
1429 59.95
1430 59.95
1431 60.08
1432 60.19
1433 59.96
1434 59.90
1435 59.99
1436 60.02
1437 60.03
1438 59.96
1439 60.00
1440 60.10
1441 60.03
1442 59.85
1443 59.95
1444 59.90
1445 59.92
1446 59.96
1447 59.95
1448 60.05
1449 59.97
1450 60.08
1451 60.11
1452 59.99
1453 59.92
1454 59.88
1455 59.93
1456 59.78
1457 59.85
1458 60.02
1459 59.85
1460 59.95
1461 59.99
1462 59.92
1463 60.05
1464 59.83
1465 59.83
1466 59.91
1467 60.03
1468 60.12
1469 59.85
1470 59.94
1471 59.99
1472 60.01
1473 60.00
1474 59.89
1475 59.97
1476 60.03
1477 59.94
1478 59.86
1479 59.98
1480 59.90
1481 60.02
1482 60.04
1483 60.12
1484 59.93
1485 59.88
1486 59.86
1487 59.98
1488 59.89
1489 59.91
1490 60.07
1491 60.01
1492 60.05
1493 59.99
1494 59.82
1495 59.91
1496 59.94
1497 59.81
1498 59.93
1499 59.92
1500 59.96
1501 59.94
1502 59.91
1503 59.88
1504 59.88
1505 59.93
1506 60.03
1507 60.01
1508 59.94
1509 59.84
1510 59.98
1511 59.91
1512 59.95
1513 59.95
1514 59.87
1515 59.99
1516 59.96
1517 59.96
1518 60.03
1519 59.81
1520 59.93
1521 59.94
1522 59.82
1523 59.92
1524 59.97
1525 59.90
1526 60.04
1527 59.92
1528 59.99
1529 59.99
1530 60.03
1531 59.93
1532 59.88
1533 59.69
1534 60.02
1535 60.01
1536 59.87
1537 60.01
1538 60.02
1539 60.05
1540 60.01
1541 59.92
1542 59.94
1543 60.02
1544 59.96
1545 59.98
1546 60.02
1547 59.97
1548 59.88
1549 59.92
1550 59.89
1551 59.97
1552 60.07
1553 59.91
1554 60.01
1555 60.00
1556 59.86
1557 59.89
1558 60.02
1559 60.07
1560 60.06
1561 60.00
1562 59.96
1563 59.89
1564 59.95
1565 59.79
1566 60.07
1567 59.93
1568 60.05
1569 60.11
1570 59.96
1571 59.87
1572 59.94
1573 59.88
1574 59.90
1575 59.94
1576 60.06
1577 59.88
1578 59.95
1579 59.98
1580 60.04
1581 59.83
1582 59.90
1583 59.92
1584 59.97
1585 60.03
1586 59.98
1587 60.06
1588 60.04
1589 59.97
1590 59.86
1591 59.84
1592 59.94
1593 60.01
1594 60.14
1595 60.07
1596 59.98
1597 60.12
1598 59.89
1599 59.89
1600 59.92
1601 60.00
1602 60.03
1603 59.95
1604 59.93
1605 60.06
1606 60.04
1607 59.83
1608 59.94
1609 60.02
1610 60.00
1611 59.99
1612 60.07
1613 59.95
1614 59.92
1615 59.83
1616 59.92
1617 59.96
1618 59.90
1619 59.97
1620 59.92
1621 60.01
1622 60.03
1623 59.92
1624 59.95
1625 59.94
1626 60.10
1627 60.10
1628 59.99
1629 59.99
1630 59.94
1631 59.84
1632 59.95
1633 60.01
1634 59.86
1635 60.03
1636 59.96
1637 60.03
1638 60.03
1639 59.83
1640 59.87
1641 59.80
1642 60.05
1643 59.89
1644 59.92
1645 59.95
1646 59.96
1647 59.93
1648 59.96
1649 59.85
1650 60.14
1651 59.91
1652 60.06
1653 60.05
1654 59.98
1655 59.84
1656 59.88
1657 59.99
1658 60.02
1659 59.96
1660 59.93
1661 60.03
1662 59.93
1663 59.85
1664 59.82
1665 59.93
1666 59.95
1667 59.98
1668 59.96
1669 60.07
1670 59.79
1671 59.87
1672 59.97
1673 59.94
1674 60.00
1675 59.90
1676 59.91
1677 60.08
1678 59.79
1679 59.87
1680 59.89
1681 60.03
1682 60.03
1683 60.01
1684 59.87
1685 60.02
1686 59.91
1687 59.90
1688 59.96
1689 59.90
1690 60.06
1691 59.97
1692 59.84
1693 60.00
1694 59.87
1695 59.87
1696 59.90
1697 60.01
1698 60.01
1699 59.96
1700 59.87
1701 59.97
1702 59.90
1703 59.91
1704 60.01
1705 60.06
1706 60.05
1707 59.99
1708 60.07
1709 59.83
1710 59.92
1711 59.88
1712 59.97
1713 59.91
1714 60.02
1715 60.02
1716 59.91
1717 59.79
1718 59.96
1719 59.90
1720 59.90
1721 60.05
1722 59.94
1723 60.05
1724 59.94
1725 59.83
1726 59.93
1727 59.92
1728 59.76
1729 59.92
1730 59.94
1731 59.92
1732 59.98
1733 59.94
1734 59.88
1735 59.87
1736 60.03
1737 59.97
1738 59.98
1739 60.00
1740 59.94
1741 59.82
1742 59.95
1743 59.91
1744 59.77
1745 59.94
1746 59.97
1747 59.92
1748 59.83
1749 59.83
1750 59.98
1751 60.05
1752 59.91
1753 59.85
1754 59.85
1755 59.94
1756 59.92
1757 59.88
1758 59.91
1759 59.96
1760 59.90
1761 59.97
1762 60.07
1763 59.91
1764 59.97
1765 60.02
1766 60.00
1767 59.97
1768 59.90
1769 59.92
1770 59.97
1771 60.07
1772 59.85
1773 59.82
1774 60.06
1775 60.02
1776 59.94
1777 60.07
1778 59.89
1779 60.00
1780 59.93
1781 59.99
1782 59.88
1783 59.85
1784 59.89
1785 59.90
1786 60.04
1787 60.03
1788 59.93
1789 59.99
1790 59.94
1791 59.91
1792 59.93
1793 59.81
1794 59.89
1795 59.92
1796 60.03
1797 60.05
1798 59.98
1799 59.88
1800 59.81
1801 59.79
1802 59.93
1803 59.86
1804 59.96
1805 60.06
1806 59.87
1807 59.92
1808 59.91
1809 59.97
1810 59.82
1811 59.90
1812 59.79
1813 59.97
1814 60.16
1815 60.05
1816 59.91
1817 59.96
1818 59.85
1819 59.82
1820 59.84
1821 59.95
1822 59.97
1823 59.95
1824 59.87
1825 59.92
1826 59.99
1827 60.00
1828 59.79
1829 59.95
1830 59.94
1831 60.03
1832 60.01
1833 59.88
1834 59.95
1835 59.99
1836 59.88
1837 59.92
1838 59.96
1839 60.01
1840 59.96
1841 60.02
1842 60.14
1843 60.07
1844 59.99
1845 59.93
1846 59.95
1847 59.84
1848 60.06
1849 59.99
1850 59.96
1851 59.83
1852 59.93
1853 59.91
1854 59.78
1855 60.04
1856 59.95
1857 60.06
1858 59.94
1859 60.03
1860 59.98
1861 59.90
1862 59.96
1863 59.90
1864 59.97
1865 60.11
1866 59.92
1867 59.96
1868 59.99
1869 59.90
1870 59.92
1871 59.94
1872 59.92
1873 60.00
1874 60.01
1875 60.01
1876 59.94
1877 59.97
1878 59.96
1879 59.83
1880 59.93
1881 60.09
1882 60.07
1883 59.98
1884 60.02
1885 59.96
1886 59.86
1887 59.88
1888 59.92
1889 60.00
1890 59.98
1891 60.02
1892 59.93
1893 60.01
1894 59.95
1895 59.94
1896 60.02
1897 59.99
1898 60.08
1899 60.01
1900 59.94
1901 60.20
1902 60.00
1903 59.96
1904 59.91
1905 59.97
1906 59.97
1907 60.02
1908 59.99
1909 59.96
1910 59.99
1911 59.94
1912 59.87
1913 59.81
1914 60.14
1915 60.01
1916 59.89
1917 59.88
1918 60.01
1919 60.16
1920 59.77
1921 59.93
1922 59.96
1923 59.87
1924 59.96
1925 59.97
1926 60.08
1927 59.99
1928 60.10
1929 59.92
1930 59.99
1931 60.07
1932 60.02
1933 59.97
1934 59.94
1935 59.99
1936 59.82
1937 59.76
1938 59.88
1939 59.89
1940 60.02
1941 59.97
1942 59.97
1943 59.95
1944 60.17
1945 59.92
1946 59.86
1947 59.90
1948 60.07
1949 59.89
1950 59.85
1951 59.92
1952 60.08
1953 60.01
1954 59.95
1955 60.05
1956 59.90
1957 59.99
1958 59.92
1959 59.92
1960 59.94
1961 60.07
1962 59.92
1963 59.93
1964 59.89
1965 60.07
1966 59.86
1967 59.94
1968 59.95
1969 59.84
1970 60.01
1971 59.91
1972 59.85
1973 59.92
1974 59.84
1975 59.81
1976 59.96
1977 59.93
1978 60.14
1979 60.10
1980 59.91
1981 59.96
1982 60.07
1983 59.91
1984 59.97
1985 59.86
1986 59.90
1987 59.96
1988 59.96
1989 60.00
1990 60.02
1991 60.06
1992 59.93
1993 59.94
1994 59.86
1995 59.95
1996 60.13
1997 60.04
1998 59.81
1999 60.01
2000 59.95
2001 59.94
2002 59.81
2003 59.94
2004 60.08
2005 60.01
2006 60.11
2007 59.95
2008 59.89
2009 59.91
2010 59.96
2011 59.98
2012 59.80
2013 59.89
2014 59.93
2015 59.99
2016 59.94
2017 60.12
2018 60.03
2019 59.90
2020 59.81
2021 59.86
2022 59.89
2023 59.86
2024 59.92
2025 59.90
2026 59.89
2027 59.98
2028 59.99
2029 59.91
2030 59.93
2031 59.88
2032 59.88
2033 59.92
2034 59.97
2035 59.89
2036 60.11
2037 59.86
2038 59.89
2039 59.86
2040 59.97
2041 59.94
2042 60.02
2043 60.12
2044 60.00
2045 60.09
2046 59.89
2047 60.05
2048 60.03
2049 59.96
2050 59.99
2051 59.94
2052 60.09
2053 59.99
2054 59.94
2055 59.86
2056 60.02
2057 59.94
2058 59.89
2059 59.96
2060 59.87
2061 59.99
2062 60.07
2063 59.83
2064 60.03
2065 60.06
2066 59.94
2067 59.90
2068 59.83
2069 59.92
2070 60.05
2071 59.91
2072 59.92
2073 59.93
2074 59.92
2075 59.94
2076 59.86
2077 60.00
2078 60.00
2079 60.05
2080 59.90
2081 59.96
2082 59.88
2083 59.83
2084 59.98
2085 59.94
2086 59.96
2087 60.10
2088 59.87
2089 59.93
2090 60.04
2091 59.87
2092 59.93
2093 60.04
2094 60.07
2095 60.01
2096 59.92
2097 59.93
2098 59.89
2099 59.87
2100 59.94
2101 60.02
2102 59.91
2103 59.94
2104 59.85
2105 59.86
2106 59.88
2107 59.85
2108 59.99
2109 60.02
2110 60.06
2111 60.02
2112 59.87
2113 60.01
2114 59.92
2115 59.96
2116 59.87
2117 60.03
2118 60.08
2119 59.99
2120 59.93
2121 59.94
2122 60.08
2123 59.83
2124 60.04
2125 59.83
2126 60.04
2127 60.00
2128 59.98
2129 59.88
2130 60.17
2131 60.12
2132 59.92
2133 59.90
2134 60.16
2135 59.91
2136 60.07
2137 60.01
2138 59.98
2139 60.03
2140 59.99
2141 59.97
2142 59.98
2143 59.90
2144 60.05
2145 60.07
2146 59.91
2147 60.16
2148 60.05
2149 60.11
2150 59.92
2151 59.87
2152 59.87
2153 60.08
2154 60.05
2155 60.13
2156 59.99
2157 60.01
2158 59.90
2159 59.90
2160 59.96
2161 60.06
2162 60.05
2163 59.99
2164 59.99
2165 59.95
2166 60.05
2167 59.86
2168 59.90
2169 60.07
2170 59.99
2171 60.17
2172 59.99
2173 60.06
2174 60.14
2175 59.93
2176 59.99
2177 59.89
2178 59.90
2179 60.08
2180 59.95
2181 59.96
2182 60.03
2183 59.97
2184 59.84
2185 59.97
2186 59.90
2187 59.98
2188 59.93
2189 60.10
2190 60.11
2191 60.08
2192 60.03
2193 59.95
2194 60.00
2195 60.06
2196 60.03
2197 60.06
2198 60.06
2199 59.99
2200 59.93
2201 59.90
2202 59.96
2203 60.00
2204 59.98
2205 59.95
2206 60.06
2207 59.89
2208 59.94
2209 59.91
2210 59.97
2211 59.93
2212 60.09
2213 59.95
2214 59.94
2215 59.91
2216 59.83
2217 60.04
2218 60.05
2219 60.03
2220 60.03
2221 60.10
2222 60.10
2223 59.88
2224 59.85
2225 59.98
2226 60.01
2227 60.06
2228 60.03
2229 59.89
2230 59.88
2231 59.99
2232 59.94
2233 60.01
2234 60.07
2235 60.00
2236 60.02
2237 59.96
2238 60.05
2239 59.92
2240 59.88
2241 59.93
2242 59.98
2243 60.03
2244 59.97
2245 59.93
2246 59.97
2247 59.98
2248 59.97
2249 59.97
2250 59.97
2251 60.03
2252 59.95
2253 59.81
2254 60.03
2255 59.85
2256 59.85
2257 60.03
2258 60.12
2259 60.05
2260 59.96
2261 59.80
2262 60.02
2263 59.83
2264 59.99
2265 59.95
2266 59.97
2267 59.90
2268 60.17
2269 59.98
2270 60.07
2271 59.88
2272 59.84
2273 59.96
2274 60.02
2275 60.03
2276 60.02
2277 59.94
2278 59.85
2279 59.94
2280 60.01
2281 60.01
2282 59.99
2283 60.12
2284 60.06
2285 59.98
2286 59.87
2287 59.99
2288 59.96
2289 60.03
2290 60.07
2291 59.98
2292 59.91
2293 59.92
2294 59.99
2295 59.88
2296 60.03
2297 59.87
2298 59.96
2299 59.96
2300 60.10
2301 60.01
2302 59.96
2303 59.94
2304 59.92
2305 59.99
2306 59.94
2307 60.07
2308 59.90
2309 60.01
2310 59.82
2311 59.92
2312 59.94
2313 59.97
2314 60.05
2315 59.86
2316 60.02
2317 60.03
2318 59.85
2319 59.90
2320 59.90
2321 59.77
2322 59.94
2323 59.96
2324 59.95
2325 60.14
2326 60.01
2327 59.87
2328 59.89
2329 59.76
2330 59.87
2331 59.79
2332 59.92
2333 60.03
2334 60.03
2335 59.96
2336 60.04
2337 59.94
2338 59.86
2339 59.90
2340 59.95
2341 60.01
2342 60.00
2343 59.98
2344 59.99
2345 60.06
2346 59.93
2347 59.89
2348 59.94
2349 59.97
2350 59.98
2351 60.11
2352 59.92
2353 60.09
2354 60.21
2355 59.92
2356 59.92
2357 60.04
2358 59.94
2359 59.97
2360 59.97
2361 60.02
2362 59.99
2363 60.07
2364 60.13
2365 60.01
2366 59.94
2367 59.88
2368 59.95
2369 59.94
2370 59.99
2371 59.89
2372 60.05
2373 60.07
2374 60.01
2375 59.97
2376 59.96
2377 60.06
2378 60.08
2379 59.98
2380 59.96
2381 59.90
2382 60.00
2383 60.10
2384 60.06
2385 59.85
2386 60.01
2387 59.91
2388 59.91
2389 59.88
2390 60.05
2391 60.07
2392 60.02
2393 59.99
2394 60.01
2395 60.04
2396 60.00
2397 59.87
2398 59.95
2399 59.92
2400 59.94
2401 60.05
2402 59.95
2403 60.03
2404 60.11
2405 60.08
2406 60.08
2407 60.06
2408 59.94
2409 60.06
2410 60.08
2411 60.04
2412 60.09
2413 59.90
2414 59.99
2415 59.96
2416 59.90
2417 59.94
2418 60.00
2419 59.93
2420 60.03
2421 60.02
2422 60.05
2423 60.12
2424 59.93
2425 60.00
2426 59.99
2427 60.01
2428 60.00
2429 59.98
2430 60.03
2431 60.09
2432 60.08
2433 59.94
2434 60.01
2435 59.84
2436 59.87
2437 59.97
2438 60.22
2439 60.00
2440 59.97
2441 59.92
2442 60.03
2443 59.97
2444 59.99
2445 60.11
2446 60.11
2447 59.97
2448 60.00
2449 60.08
2450 59.87
2451 60.06
2452 60.07
2453 60.02
2454 60.01
2455 60.08
2456 60.01
2457 59.99
2458 60.09
2459 60.18
2460 59.99
2461 60.13
2462 60.09
2463 59.95
2464 59.90
2465 59.98
2466 59.94
2467 60.06
2468 60.08
2469 60.02
2470 60.14
2471 59.82
2472 60.01
2473 60.02
2474 59.91
2475 60.07
2476 60.03
2477 60.03
2478 60.14
2479 59.99
2480 59.96
2481 60.07
2482 60.02
2483 60.11
2484 59.98
2485 60.07
2486 60.01
2487 59.92
2488 60.04
2489 60.07
2490 60.04
2491 60.09
2492 60.01
2493 60.16
2494 59.95
2495 59.99
2496 59.90
2497 60.06
2498 60.03
2499 60.01
2500 59.89
2501 60.07
2502 59.96
2503 60.05
2504 59.97
2505 60.03
2506 60.07
2507 60.03
2508 60.05
2509 60.06
2510 60.05
2511 59.93
2512 60.07
2513 60.14
2514 60.06
2515 59.97
2516 59.96
2517 60.06
2518 59.92
2519 59.98
2520 59.96
2521 60.03
2522 60.13
2523 60.01
2524 59.81
2525 59.87
2526 59.94
2527 59.95
2528 59.96
2529 59.94
2530 60.02
2531 60.03
2532 60.19
2533 59.96
2534 60.07
2535 60.12
2536 59.85
2537 59.92
2538 59.93
2539 59.99
2540 60.16
2541 60.07
2542 60.05
2543 60.16
2544 59.98
2545 59.89
2546 60.04
2547 60.01
2548 60.06
2549 60.01
2550 60.01
2551 60.07
2552 60.04
2553 60.02
2554 60.08
2555 59.86
2556 60.08
2557 60.02
2558 60.06
2559 59.99
2560 60.06
2561 60.03
2562 60.00
2563 59.90
2564 60.04
2565 60.04
2566 60.07
2567 60.00
2568 60.05
2569 59.97
2570 60.17
2571 59.91
2572 59.98
2573 59.87
2574 60.08
2575 59.91
2576 60.08
2577 60.10
2578 60.11
2579 60.12
2580 59.90
2581 59.90
2582 60.05
2583 59.95
2584 59.97
2585 60.08
2586 60.26
2587 59.98
2588 60.01
2589 60.03
2590 59.91
2591 60.07
2592 59.87
2593 60.06
2594 59.96
2595 59.85
2596 60.07
2597 60.08
2598 59.98
2599 60.03
2600 60.04
2601 60.10
2602 60.01
2603 59.97
2604 59.92
2605 59.93
2606 60.04
2607 60.02
2608 60.00
2609 60.06
2610 60.09
2611 59.95
2612 60.02
2613 60.01
2614 60.03
2615 60.06
2616 60.05
2617 60.05
2618 60.02
2619 59.93
2620 60.09
2621 59.98
2622 59.99
2623 60.15
2624 59.96
2625 60.10
2626 60.08
2627 59.99
2628 60.08
2629 60.03
2630 59.99
2631 60.05
2632 60.10
2633 60.16
2634 60.11
2635 59.95
2636 60.01
2637 59.97
2638 60.18
2639 60.20
2640 60.08
2641 60.05
2642 60.09
2643 59.84
2644 59.97
2645 60.10
2646 60.00
2647 60.04
2648 59.91
2649 60.04
2650 60.03
2651 60.00
2652 60.07
2653 60.02
2654 60.12
2655 60.03
2656 59.97
2657 60.19
2658 60.00
2659 60.15
2660 60.03
2661 60.10
2662 60.10
2663 59.98
2664 60.00
2665 60.06
2666 60.05
2667 60.05
2668 60.06
2669 60.16
2670 60.03
2671 60.09
2672 60.05
2673 59.96
2674 60.04
2675 59.98
2676 60.06
2677 59.99
2678 60.12
2679 59.96
2680 60.04
2681 60.03
2682 59.96
2683 59.91
2684 60.07
2685 59.93
2686 59.98
2687 59.99
2688 59.96
2689 59.98
2690 59.99
2691 60.01
2692 60.01
2693 60.05
2694 59.95
2695 59.94
2696 60.03
2697 60.11
2698 60.17
2699 60.11
2700 60.19
2701 59.97
2702 59.92
2703 59.89
2704 60.09
2705 60.13
2706 59.95
2707 60.05
2708 59.91
2709 60.13
2710 60.08
2711 60.07
2712 60.01
2713 60.05
2714 60.02
2715 60.12
2716 60.09
2717 59.89
2718 60.03
2719 59.97
2720 60.09
2721 60.07
2722 59.94
2723 60.06
2724 59.96
2725 60.03
2726 59.96
2727 60.05
2728 59.97
2729 59.91
2730 59.98
2731 59.98
2732 59.93
2733 59.96
2734 60.02
2735 59.92
2736 59.90
2737 59.90
2738 60.07
2739 60.00
2740 60.01
2741 60.07
2742 60.18
2743 60.14
2744 59.92
2745 59.96
2746 59.98
2747 60.06
2748 60.10
2749 60.08
2750 60.10
2751 60.02
2752 59.93
2753 59.99
2754 60.10
2755 60.05
2756 60.08
2757 60.01
2758 59.99
2759 59.99
2760 60.00
2761 60.07
2762 60.05
2763 60.17
2764 60.09
2765 60.05
2766 59.97
2767 59.91
2768 59.90
2769 60.01
2770 60.21
2771 60.00
2772 60.06
2773 60.14
2774 59.87
2775 59.99
2776 60.12
2777 59.98
2778 60.09
2779 59.90
2780 59.99
2781 60.08
2782 60.15
2783 59.87
2784 60.02
2785 60.08
2786 60.10
2787 60.07
2788 60.04
2789 59.85
2790 60.07
2791 60.10
2792 60.07
2793 59.95
2794 60.05
2795 59.96
2796 60.02
2797 60.00
2798 60.05
2799 60.06
2800 59.97
2801 60.05
2802 60.12
2803 59.96
2804 59.99
2805 59.92
2806 60.07
2807 60.02
2808 59.94
2809 59.96
2810 59.96
2811 60.10
2812 60.01
2813 59.95
2814 60.16
2815 60.00
2816 60.04
2817 60.12
2818 60.11
2819 60.13
2820 59.95
2821 59.94
2822 59.90
2823 60.09
2824 60.18
2825 60.23
2826 60.06
2827 60.01
2828 60.03
2829 60.01
2830 59.86
2831 60.14
2832 60.07
2833 59.99
2834 59.95
2835 59.93
2836 59.98
2837 60.15
2838 59.99
2839 60.03
2840 60.07
2841 60.02
2842 60.03
2843 60.16
2844 60.01
2845 60.01
2846 59.90
2847 60.13
2848 60.02
2849 60.01
2850 60.00
2851 60.15
2852 60.12
2853 60.08
2854 59.95
2855 59.99
2856 60.07
2857 60.14
2858 59.97
2859 60.19
2860 60.03
2861 59.99
2862 59.96
2863 59.99
2864 60.04
2865 60.03
2866 60.03
2867 60.07
2868 59.91
2869 60.06
2870 60.08
2871 59.94
2872 60.01
2873 60.10
2874 60.10
2875 60.08
2876 59.99
2877 60.09
2878 60.03
2879 60.03
2880 59.93
2881 60.10
2882 60.09
2883 60.05
2884 59.97
2885 60.17
2886 60.05
2887 60.03
2888 60.07
2889 60.06
2890 59.99
2891 60.04
2892 60.05
2893 60.14
2894 60.02
2895 59.98
2896 60.01
2897 60.07
2898 59.97
2899 59.96
2900 60.07
2901 60.05
2902 60.07
2903 60.01
2904 60.07
2905 60.08
2906 60.10
2907 59.97
2908 60.13
2909 59.99
2910 60.03
2911 59.96
2912 60.16
2913 59.92
2914 60.06
2915 59.97
2916 60.13
2917 59.98
2918 60.03
2919 60.02
2920 60.07
2921 59.88
2922 60.01
2923 60.12
2924 60.23
2925 59.99
2926 60.04
2927 60.05
2928 60.08
2929 60.10
2930 60.16
2931 60.05
2932 59.97
2933 60.01
2934 60.03
2935 60.04
2936 60.04
2937 60.08
2938 60.11
2939 59.87
2940 60.05
2941 60.05
2942 60.13
2943 60.07
2944 60.04
2945 60.08
2946 59.99
2947 60.02
2948 60.15
2949 60.04
2950 60.07
2951 59.93
2952 60.02
2953 59.98
2954 59.95
2955 60.08
2956 60.17
2957 60.02
2958 59.98
2959 60.11
2960 60.06
2961 60.17
2962 60.08
2963 60.10
2964 60.19
2965 59.96
2966 60.15
2967 60.09
2968 60.23
2969 60.18
2970 60.00
2971 60.08
2972 59.90
2973 59.93
2974 60.08
2975 60.05
2976 60.21
2977 60.01
2978 60.04
2979 60.07
2980 60.02
2981 59.96
2982 60.03
2983 60.01
2984 59.93
2985 59.81
2986 60.07
2987 59.96
2988 60.02
2989 60.16
2990 60.14
2991 60.09
2992 59.96
2993 59.97
2994 60.13
2995 60.14
2996 59.98
2997 60.10
2998 60.01
2999 59.88
3000 60.08
3001 59.99
3002 60.16
3003 60.00
3004 60.13
3005 60.08
3006 60.00
3007 60.01
3008 60.07
3009 59.99
3010 60.08
3011 60.12
3012 60.10
3013 59.95
3014 59.98
3015 60.03
3016 60.05
3017 60.07
3018 60.03
3019 60.04
3020 60.10
3021 59.94
3022 60.01
3023 60.05
3024 59.99
3025 60.13
3026 60.01
3027 59.93
3028 59.94
3029 59.96
3030 60.01
3031 60.20
3032 60.04
3033 60.01
3034 60.00
3035 60.05
3036 59.96
3037 60.03
3038 60.08
3039 60.16
3040 60.15
3041 60.00
3042 60.05
3043 60.04
3044 60.03
3045 60.13
3046 60.07
3047 59.97
3048 59.91
3049 59.87
3050 60.08
3051 60.05
3052 60.07
3053 59.96
3054 60.03
3055 59.73
3056 59.49
3057 59.62
3058 59.29
3059 58.03
3060 56.67
3061 55.52
3062 52.00
3063 47.80
3064 44.80
3065 40.75
3066 36.64
3067 32.90
3068 30.04
3069 28.37
3070 26.58
3071 25.24
3072 24.26
3073 23.09
3074 21.57
3075 20.49
3076 19.91
3077 19.02
3078 18.51
3079 18.17
3080 17.86
3081 17.10
3082 16.49
3083 16.34
3084 16.24
3085 15.86
3086 15.78
3087 15.93
3088 15.42
3089 15.22
3090 14.90
3091 14.75
3092 14.30
3093 13.68
3094 13.30
3095 12.86
3096 12.48
3097 12.27
3098 12.86
3099 13.42
3100 13.96
