1 14.32
2 14.20
3 13.87
4 13.64
5 13.50
6 13.21
7 12.61
8 12.28
9 12.01
10 11.76
11 11.24
12 10.84
13 10.95
14 11.09
15 11.19
16 11.66
17 12.38
18 18.85
19 32.50
20 48.16
21 64.16
22 69.50
23 71.75
24 75.03
25 77.01
26 77.95
27 78.37
28 78.50
29 78.57
30 78.70
31 78.55
32 78.54
33 78.62
34 78.59
35 78.59
36 78.46
37 78.62
38 78.62
39 78.51
40 78.30
41 78.45
42 78.39
43 78.28
44 78.26
45 78.22
46 78.32
47 78.42
48 78.20
49 78.15
50 78.37
51 78.11
52 78.13
53 78.15
54 77.95
55 77.97
56 78.18
57 78.05
58 77.91
59 77.92
60 77.93
61 77.83
62 77.88
63 77.84
64 77.84
65 77.64
66 77.70
67 77.63
68 77.75
69 77.51
70 77.49
71 77.32
72 77.60
73 77.53
74 77.65
75 77.63
76 77.43
77 77.64
78 77.78
79 77.72
80 77.75
81 77.86
82 77.83
83 78.04
84 77.72
85 77.77
86 77.72
87 77.80
88 77.87
89 77.97
90 77.83
91 77.82
92 77.80
93 77.77
94 77.89
95 77.77
96 77.89
97 77.79
98 77.79
99 77.92
100 77.95
101 77.72
102 77.90
103 77.63
104 77.84
105 77.87
106 77.77
107 77.70
108 78.02
109 77.85
110 77.72
111 77.67
112 77.72
113 77.66
114 77.83
115 77.82
116 77.83
117 77.73
118 77.96
119 77.70
120 77.75
121 77.62
122 77.70
123 77.59
124 77.58
125 77.87
126 77.88
127 77.92
128 77.75
129 77.62
130 77.73
131 77.71
132 77.61
133 77.62
134 77.65
135 77.83
136 77.86
137 77.71
138 77.72
139 77.73
140 77.77
141 77.55
142 77.69
143 77.79
144 77.78
145 77.73
146 77.59
147 77.72
148 77.80
149 77.69
150 77.85
151 77.72
152 77.75
153 77.74
154 77.76
155 77.65
156 77.83
157 77.70
158 77.84
159 77.70
160 77.78
161 77.80
162 77.70
163 77.62
164 77.81
165 77.58
166 77.87
167 77.71
168 77.72
169 77.91
170 77.82
171 77.67
172 77.71
173 77.70
174 77.76
175 77.82
176 77.80
177 77.72
178 77.77
179 77.85
180 77.80
181 77.80
182 77.64
183 77.74
184 77.77
185 77.99
186 77.81
187 77.77
188 77.92
189 77.81
190 77.73
191 77.58
192 77.78
193 77.85
194 77.85
195 77.77
196 77.81
197 77.72
198 77.78
199 77.84
200 77.85
201 77.83
202 77.94
203 77.94
204 77.60
205 77.86
206 77.78
207 77.77
208 77.82
209 77.85
210 77.93
211 77.77
212 77.83
213 78.00
214 77.86
215 77.75
216 77.81
217 77.87
218 77.82
219 77.90
220 77.90
221 77.90
222 77.96
223 77.84
224 77.94
225 77.80
226 78.04
227 77.99
228 77.95
229 77.89
230 77.82
231 77.84
232 77.84
233 77.97
234 78.01
235 77.97
236 78.06
237 77.90
238 78.02
239 78.10
240 78.08
241 78.01
242 78.03
243 78.04
244 78.07
245 78.05
246 77.95
247 77.93
248 78.02
249 78.03
250 77.98
251 77.90
252 77.92
253 78.02
254 78.11
255 77.96
256 78.02
257 78.09
258 78.02
259 78.00
260 78.04
261 78.10
262 78.16
263 78.01
264 78.07
265 78.10
266 78.01
267 77.97
268 78.10
269 78.14
270 78.19
271 78.18
272 78.14
273 78.04
274 78.09
275 78.27
276 78.12
277 78.18
278 78.20
279 78.42
280 78.32
281 78.08
282 78.05
283 78.16
284 78.15
285 78.20
286 78.21
287 78.22
288 78.26
289 77.99
290 78.11
291 78.20
292 78.30
293 78.23
294 78.32
295 78.18
296 78.20
297 78.13
298 78.22
299 78.23
300 78.31
301 78.35
302 78.27
303 78.28
304 78.26
305 78.21
306 78.15
307 78.28
308 78.34
309 78.47
310 78.21
311 78.30
312 78.26
313 78.15
314 78.43
315 78.44
316 78.36
317 78.29
318 78.20
319 78.32
320 78.26
321 78.26
322 78.28
323 78.42
324 78.50
325 78.22
326 78.30
327 78.25
328 78.41
329 78.34
330 78.48
331 78.54
332 78.39
333 78.32
334 78.48
335 78.40
336 78.47
337 78.46
338 78.46
339 78.36
340 78.34
341 78.33
342 78.45
343 78.55
344 78.44
345 78.51
346 78.48
347 78.35
348 78.47
349 78.47
350 78.57
351 78.48
352 78.35
353 78.75
354 78.42
355 78.37
356 78.45
357 78.46
358 78.50
359 78.52
360 78.43
361 78.53
362 78.55
363 78.46
364 78.47
365 78.45
366 78.52
367 78.55
368 78.54
369 78.55
370 78.44
371 78.49
372 78.71
373 78.48
374 78.58
375 78.48
376 78.38
377 78.52
378 78.52
379 78.52
380 78.54
381 78.50
382 78.55
383 78.53
384 78.57
385 78.55
386 78.57
387 78.54
388 78.63
389 78.68
390 78.67
391 78.67
392 78.58
393 78.46
394 78.58
395 78.59
396 78.60
397 78.74
398 78.77
399 78.74
400 78.59
401 78.64
402 78.56
403 78.67
404 78.65
405 78.56
406 78.59
407 78.67
408 78.75
409 78.79
410 78.61
411 78.68
412 78.66
413 78.69
414 78.67
415 78.70
416 78.74
417 78.78
418 78.88
419 78.72
420 78.83
421 78.70
422 78.65
423 78.70
424 78.62
425 78.78
426 78.82
427 78.69
428 78.94
429 78.76
430 78.77
431 78.80
432 78.71
433 78.72
434 78.71
435 78.94
436 78.76
437 78.80
438 78.89
439 79.00
440 78.86
441 78.75
442 78.64
443 78.88
444 78.76
445 78.74
446 78.74
447 78.80
448 78.93
449 78.89
450 78.87
451 78.73
452 78.85
453 78.77
454 78.74
455 78.89
456 78.95
457 78.76
458 78.82
459 78.92
460 78.81
461 78.87
462 78.78
463 78.80
464 78.88
465 78.87
466 78.92
467 78.87
468 78.95
469 78.85
470 78.76
471 78.86
472 78.94
473 78.90
474 79.12
475 78.81
476 78.72
477 78.87
478 79.11
479 78.84
480 78.90
481 78.96
482 78.99
483 78.98
484 78.90
485 79.02
486 78.91
487 79.01
488 78.92
489 79.02
490 78.98
491 78.91
492 78.92
493 79.08
494 78.85
495 78.93
496 78.93
497 79.20
498 79.02
499 78.90
500 78.81
501 78.88
502 78.93
503 79.00
504 79.14
505 79.07
506 79.12
507 78.83
508 78.92
509 79.04
510 78.83
511 78.92
512 78.97
513 79.10
514 78.95
515 79.01
516 79.03
517 78.95
518 79.12
519 78.92
520 78.97
521 79.18
522 79.16
523 78.99
524 78.95
525 79.01
526 78.97
527 78.97
528 79.00
529 79.00
530 79.12
531 78.94
532 79.10
533 78.95
534 78.97
535 79.11
536 79.02
537 79.00
538 79.20
539 79.00
540 79.10
541 79.01
542 79.14
543 79.18
544 79.07
545 79.07
546 79.07
547 78.98
548 79.19
549 79.03
550 79.10
551 79.07
552 79.06
553 78.88
554 79.10
555 79.12
556 79.18
557 79.07
558 79.05
559 79.19
560 79.11
561 78.97
562 79.01
563 79.07
564 79.18
565 79.10
566 79.12
567 79.22
568 79.33
569 79.16
570 79.11
571 79.16
572 79.22
573 79.27
574 79.13
575 79.21
576 79.10
577 79.22
578 79.18
579 79.14
580 79.21
581 79.02
582 79.03
583 79.30
584 79.18
585 79.19
586 79.16
587 79.26
588 79.05
589 79.07
590 79.09
591 79.18
592 79.12
593 79.02
594 79.10
595 79.24
596 79.19
597 79.07
598 79.14
599 79.17
600 79.24
601 79.19
602 79.24
603 79.06
604 79.22
605 79.39
606 79.37
607 79.31
608 79.26
609 79.38
610 79.13
611 79.30
612 79.07
613 79.35
614 79.17
615 79.30
616 78.95
617 79.28
618 79.26
619 79.30
620 79.16
621 79.06
622 79.17
623 79.20
624 79.35
625 79.08
626 79.31
627 79.38
628 79.30
629 79.21
630 79.13
631 79.20
632 79.31
633 79.18
634 79.25
635 79.20
636 79.15
637 79.03
638 79.11
639 79.15
640 79.32
641 79.19
642 79.26
643 79.32
644 79.25
645 79.11
646 79.17
647 79.18
648 79.40
649 79.33
650 79.37
651 79.21
652 79.29
653 79.13
654 79.33
655 79.03
656 79.06
657 79.26
658 79.30
659 79.26
660 79.34
661 79.29
662 79.15
663 79.20
664 79.25
665 79.31
666 79.15
667 79.35
668 79.26
669 79.27
670 79.21
671 79.31
672 79.18
673 79.38
674 79.18
675 79.40
676 79.25
677 79.27
678 79.02
679 79.16
680 79.22
681 79.43
682 79.26
683 79.26
684 79.41
685 79.32
686 79.30
687 79.38
688 79.33
689 79.30
690 79.17
691 79.41
692 79.43
693 79.28
694 79.17
695 79.26
696 79.40
697 79.37
698 79.32
699 79.28
700 79.35
701 79.20
702 79.30
703 79.39
704 79.42
705 79.44
706 79.26
707 79.38
708 79.28
709 79.30
710 79.21
711 79.44
712 79.45
713 79.37
714 79.22
715 79.36
716 79.33
717 79.23
718 79.21
719 79.33
720 79.35
721 79.42
722 79.43
723 79.43
724 79.34
725 79.39
726 79.30
727 79.26
728 79.21
729 79.40
730 79.36
731 79.40
732 79.35
733 79.38
734 79.37
735 79.35
736 79.28
737 79.30
738 79.43
739 79.30
740 79.36
741 79.40
742 79.36
743 79.24
744 79.28
745 79.29
746 79.30
747 79.44
748 79.40
749 79.17
750 79.36
751 79.24
752 79.22
753 79.28
754 79.20
755 79.38
756 79.23
757 79.35
758 79.43
759 79.25
760 79.40
761 79.28
762 79.40
763 79.35
764 79.33
765 79.38
766 79.47
767 79.51
768 79.28
769 79.19
770 79.28
771 79.31
772 79.42
773 79.36
774 79.35
775 79.42
776 79.43
777 79.37
778 79.19
779 79.25
780 79.37
781 79.25
782 79.33
783 79.37
784 79.43
785 79.53
786 79.38
787 79.38
788 79.15
789 79.33
790 79.49
791 79.45
792 79.37
793 79.43
794 79.46
795 79.44
796 79.38
797 79.37
798 79.38
799 79.46
800 79.38
801 79.36
802 79.38
803 79.24
804 79.20
805 79.28
806 79.36
807 79.25
808 79.30
809 79.37
810 79.40
811 79.31
812 79.40
813 79.29
814 79.37
815 79.33
816 79.22
817 79.26
818 79.53
819 79.51
820 79.48
821 79.32
822 79.50
823 79.39
824 79.27
825 79.41
826 79.40
827 79.41
828 79.41
829 79.38
830 79.30
831 79.33
832 79.38
833 79.32
834 79.28
835 79.37
836 79.40
837 79.39
838 79.44
839 79.42
840 79.38
841 79.33
842 79.25
843 79.23
844 79.29
845 79.53
846 79.41
847 79.46
848 79.28
849 79.30
850 79.30
851 79.17
852 79.40
853 79.51
854 79.50
855 79.48
856 79.39
857 79.45
858 79.33
859 79.40
860 79.27
861 79.55
862 79.41
863 79.40
864 79.33
865 79.42
866 79.43
867 79.24
868 79.43
869 79.46
870 79.46
871 79.43
872 79.37
873 79.49
874 79.31
875 79.30
876 79.24
877 79.39
878 79.48
879 79.32
880 79.43
881 79.51
882 79.47
883 79.46
884 79.27
885 79.32
886 79.46
887 79.40
888 79.23
889 79.24
890 79.39
891 79.40
892 79.42
893 79.28
894 79.40
895 79.38
896 79.48
897 79.25
898 79.26
899 79.42
900 79.55
901 79.46
902 79.20
903 79.31
904 79.30
905 79.39
906 79.46
907 79.52
908 79.40
909 79.37
910 79.33
911 79.30
912 79.27
913 79.41
914 79.40
915 79.44
916 79.49
917 79.37
918 79.31
919 79.23
920 79.45
921 79.29
922 79.27
923 79.40
924 79.25
925 79.43
926 79.35
927 79.22
928 79.28
929 79.27
930 79.27
931 79.31
932 79.48
933 79.53
934 79.43
935 79.43
936 79.34
937 79.45
938 79.23
939 79.42
940 79.33
941 79.48
942 79.37
943 79.32
944 79.29
945 79.29
946 79.35
947 79.27
948 79.47
949 79.50
950 79.44
951 79.37
952 79.25
953 79.33
954 79.25
955 79.21
956 79.43
957 79.37
958 79.44
959 79.42
960 79.35
961 79.28
962 79.35
963 79.32
964 79.45
965 79.46
966 79.33
967 79.43
968 79.34
969 79.42
970 79.38
971 79.44
972 79.38
973 79.42
974 79.43
975 79.28
976 79.16
977 79.28
978 79.47
979 79.39
980 79.44
981 79.40
982 79.43
983 79.33
984 79.23
985 79.35
986 79.35
987 79.39
988 79.33
989 79.43
990 79.43
991 79.33
992 79.33
993 79.19
994 79.40
995 79.43
996 79.30
997 79.42
998 79.36
999 79.39
1000 79.32
1001 79.52
1002 79.41
1003 79.37
1004 79.29
1005 79.49
1006 79.50
1007 79.30
1008 79.38
1009 79.34
1010 79.29
1011 79.28
1012 79.27
1013 79.25
1014 79.40
1015 79.39
1016 79.47
1017 79.40
1018 79.32
1019 79.31
1020 79.29
1021 79.28
1022 79.25
1023 79.36
1024 79.39
1025 79.46
1026 79.58
1027 79.27
1028 79.51
1029 79.37
1030 79.47
1031 79.44
1032 79.36
1033 79.47
1034 79.51
1035 79.36
1036 79.42
1037 79.32
1038 79.48
1039 79.34
1040 79.26
1041 79.32
1042 79.28
1043 79.56
1044 79.46
1045 79.57
1046 79.54
1047 79.32
1048 79.18
1049 79.34
1050 79.38
1051 79.51
1052 79.53
1053 79.46
1054 79.46
1055 79.58
1056 79.23
1057 79.32
1058 79.32
1059 79.42
1060 79.59
1061 79.36
1062 79.37
1063 79.43
1064 79.47
1065 79.32
1066 79.36
1067 79.26
1068 79.61
1069 79.37
1070 79.31
1071 79.49
1072 79.39
1073 79.47
1074 79.55
1075 79.25
1076 79.28
1077 79.38
1078 79.22
1079 79.34
1080 79.40
1081 79.39
1082 79.46
1083 79.46
1084 79.30
1085 79.38
1086 79.30
1087 79.23
1088 79.34
1089 79.30
1090 79.51
1091 79.43
1092 79.39
1093 79.21
1094 79.43
1095 79.38
1096 79.27
1097 79.50
1098 79.45
1099 79.32
1100 79.48
1101 79.40
1102 79.37
1103 79.47
1104 79.34
1105 79.36
1106 79.35
1107 79.39
1108 79.44
1109 79.44
1110 79.54
1111 79.39
1112 79.22
1113 79.41
1114 79.36
1115 79.52
1116 79.35
1117 79.46
1118 79.38
1119 79.38
1120 79.44
1121 79.56
1122 79.31
1123 79.33
1124 79.53
1125 79.45
1126 79.61
1127 79.30
1128 79.32
1129 79.53
1130 79.37
1131 79.33
1132 79.35
1133 79.36
1134 79.51
1135 79.33
1136 79.25
1137 79.30
1138 79.42
1139 79.50
1140 79.47
1141 79.42
1142 79.29
1143 79.48
1144 79.34
1145 79.39
1146 79.40
1147 79.43
1148 79.52
1149 79.43
1150 79.37
1151 79.42
1152 79.48
1153 79.32
1154 79.30
1155 79.39
1156 79.41
1157 79.38
1158 79.35
1159 79.37
1160 79.40
1161 79.41
1162 79.30
1163 79.28
1164 79.42
1165 79.24
1166 79.43
1167 79.50
1168 79.46
1169 79.36
1170 79.34
1171 79.33
1172 79.22
1173 79.40
1174 79.49
1175 79.57
1176 79.36
1177 79.44
1178 79.59
1179 79.40
1180 79.35
1181 79.25
1182 79.32
1183 79.34
1184 79.44
1185 79.38
1186 79.33
1187 79.43
1188 79.39
1189 79.43
1190 79.40
1191 79.33
1192 79.48
1193 79.38
1194 79.27
1195 79.37
1196 79.55
1197 79.55
1198 79.31
1199 79.38
1200 79.24
1201 79.35
1202 79.34
1203 79.29
1204 79.42
1205 79.49
1206 79.42
1207 79.41
1208 79.33
1209 79.32
1210 79.40
1211 79.37
1212 79.38
1213 79.48
1214 79.54
1215 79.53
1216 79.40
1217 79.55
1218 79.32
1219 79.40
1220 79.45
1221 79.29
1222 79.44
1223 79.55
1224 79.32
1225 79.24
1226 79.34
1227 79.35
1228 79.36
1229 79.43
1230 79.55
1231 79.46
1232 79.45
1233 79.29
1234 79.31
1235 79.43
1236 79.34
1237 79.53
1238 79.48
1239 79.53
1240 79.51
1241 79.26
1242 79.41
1243 79.59
1244 79.38
1245 79.31
1246 79.50
1247 79.40
1248 79.46
1249 79.45
1250 79.47
1251 79.25
1252 79.27
1253 79.25
1254 79.43
1255 79.50
1256 79.40
1257 79.35
1258 79.45
1259 79.28
1260 79.30
1261 79.43
1262 79.51
1263 79.53
1264 79.30
1265 79.40
1266 79.42
1267 79.32
1268 79.32
1269 79.52
1270 79.47
1271 79.46
1272 79.38
1273 79.38
1274 79.48
1275 79.36
1276 79.44
1277 79.36
1278 79.46
1279 79.50
1280 79.38
1281 79.49
1282 79.36
1283 79.34
1284 79.32
1285 79.56
1286 79.36
1287 79.35
1288 79.30
1289 79.45
1290 79.44
1291 79.48
1292 79.59
1293 79.35
1294 79.63
1295 79.40
1296 79.40
1297 79.33
1298 79.51
1299 79.57
1300 79.30
1301 79.42
1302 79.53
1303 79.47
1304 79.43
1305 79.50
1306 79.55
1307 79.41
1308 79.36
1309 79.30
1310 79.45
1311 79.62
1312 79.54
1313 79.35
1314 79.40
1315 79.48
1316 79.34
1317 79.51
1318 79.25
1319 79.44
1320 79.40
1321 79.54
1322 79.50
1323 79.48
1324 79.62
1325 79.32
1326 79.26
1327 79.40
1328 79.48
1329 79.48
1330 79.38
1331 79.47
1332 79.31
1333 79.59
1334 79.43
1335 79.41
1336 79.50
1337 79.50
1338 79.50
1339 79.57
1340 79.36
1341 79.46
1342 79.61
1343 79.44
1344 79.51
1345 79.48
1346 79.41
1347 79.37
1348 79.48
1349 79.51
1350 79.46
1351 79.65
1352 79.43
1353 79.36
1354 79.51
1355 79.46
1356 79.49
1357 79.58
1358 79.31
1359 79.64
1360 79.38
1361 79.45
1362 79.25
1363 79.52
1364 79.61
1365 79.55
1366 79.49
1367 79.56
1368 79.40
1369 79.44
1370 79.35
1371 79.63
1372 79.46
1373 79.63
1374 79.45
1375 79.50
1376 79.61
1377 79.51
1378 79.53
1379 79.40
1380 79.35
1381 79.28
1382 79.45
1383 79.52
1384 79.37
1385 79.42
1386 79.44
1387 79.56
1388 79.38
1389 79.51
1390 79.47
1391 79.56
1392 79.46
1393 79.48
1394 79.33
1395 79.51
1396 79.49
1397 79.56
1398 79.48
1399 79.59
1400 79.57
1401 79.44
1402 79.27
1403 79.40
1404 79.48
1405 79.44
1406 79.62
1407 79.46
1408 79.67
1409 79.56
1410 79.51
1411 79.26
1412 79.57
1413 79.40
1414 79.62
1415 79.34
1416 79.52
1417 79.48
1418 79.57
1419 79.52
1420 79.37
1421 79.33
1422 79.56
1423 79.57
1424 79.46
1425 79.45
1426 79.44
1427 79.48
1428 79.54
1429 79.42
1430 79.39
1431 79.46
1432 79.40
1433 79.41
1434 79.49
1435 79.69
1436 79.62
1437 79.52
1438 79.50
1439 79.42
1440 79.50
1441 79.45
1442 79.53
1443 79.37
1444 79.58
1445 79.48
1446 79.57
1447 79.51
1448 79.50
1449 79.46
1450 79.56
1451 79.51
1452 79.47
1453 79.56
1454 79.44
1455 79.41
1456 79.53
1457 79.44
1458 79.54
1459 79.46
1460 79.62
1461 79.60
1462 79.39
1463 79.46
1464 79.40
1465 79.52
1466 79.46
1467 79.46
1468 79.51
1469 79.52
1470 79.49
1471 79.55
1472 79.68
1473 79.58
1474 79.52
1475 79.51
1476 79.57
1477 79.56
1478 79.59
1479 79.56
1480 79.48
1481 79.63
1482 79.52
1483 79.46
1484 79.41
1485 79.53
1486 79.57
1487 79.56
1488 79.48
1489 79.55
1490 79.44
1491 79.37
1492 79.51
1493 79.59
1494 79.55
1495 79.71
1496 79.44
1497 79.61
1498 79.47
1499 79.38
1500 79.52
1501 79.40
1502 79.44
1503 79.52
1504 79.79
1505 79.30
1506 79.58
1507 79.56
1508 79.40
1509 79.48
1510 79.52
1511 79.57
1512 79.56
1513 79.63
1514 79.65
1515 79.63
1516 79.56
1517 79.39
1518 79.42
1519 79.62
1520 79.48
1521 79.58
1522 79.56
1523 79.51
1524 79.56
1525 79.47
1526 79.45
1527 79.50
1528 79.51
1529 79.57
1530 79.65
1531 79.43
1532 79.63
1533 79.50
1534 79.57
1535 79.44
1536 79.53
1537 79.39
1538 79.62
1539 79.51
1540 79.47
1541 79.63
1542 79.70
1543 79.38
1544 79.48
1545 79.43
1546 79.63
1547 79.46
1548 79.56
1549 79.51
1550 79.59
1551 79.58
1552 79.57
1553 79.42
1554 79.49
1555 79.45
1556 79.56
1557 79.56
1558 79.55
1559 79.65
1560 79.77
1561 79.50
1562 79.61
1563 79.38
1564 79.36
1565 79.40
1566 79.56
1567 79.46
1568 79.62
1569 79.47
1570 79.55
1571 79.60
1572 79.61
1573 79.54
1574 79.38
1575 79.44
1576 79.63
1577 79.56
1578 79.54
1579 79.44
1580 79.79
1581 79.50
1582 79.45
1583 79.45
1584 79.72
1585 79.55
1586 79.46
1587 79.52
1588 79.60
1589 79.60
1590 79.45
1591 79.52
1592 79.70
1593 79.58
1594 79.55
1595 79.46
1596 79.66
1597 79.53
1598 79.46
1599 79.58
1600 79.63
1601 79.65
1602 79.54
1603 79.38
1604 79.43
1605 79.59
1606 79.43
1607 79.46
1608 79.55
1609 79.52
1610 79.60
1611 79.34
1612 79.45
1613 79.61
1614 79.61
1615 79.58
1616 79.62
1617 79.59
1618 79.71
1619 79.48
1620 79.54
1621 79.61
1622 79.49
1623 79.50
1624 79.53
1625 79.51
1626 79.58
1627 79.69
1628 79.65
1629 79.50
1630 79.53
1631 79.59
1632 79.46
1633 79.51
1634 79.44
1635 79.66
1636 79.58
1637 79.58
1638 79.75
1639 79.56
1640 79.43
1641 79.62
1642 79.52
1643 79.61
1644 79.63
1645 79.63
1646 79.54
1647 79.71
1648 79.48
1649 79.45
1650 79.53
1651 79.76
1652 79.69
1653 79.61
1654 79.64
1655 79.67
1656 79.52
1657 79.58
1658 79.48
1659 79.68
1660 79.56
1661 79.67
1662 79.58
1663 79.70
1664 79.64
1665 79.51
1666 79.46
1667 79.55
1668 79.72
1669 79.58
1670 79.58
1671 79.64
1672 79.64
1673 79.56
1674 79.51
1675 79.55
1676 79.63
1677 79.75
1678 79.53
1679 79.75
1680 79.66
1681 79.59
1682 79.43
1683 79.50
1684 79.54
1685 79.69
1686 79.64
1687 79.49
1688 79.67
1689 79.61
1690 79.60
1691 79.69
1692 79.50
1693 79.54
1694 79.44
1695 79.56
1696 79.63
1697 79.60
1698 79.53
1699 79.53
1700 79.52
1701 79.63
1702 79.80
1703 79.38
1704 79.62
1705 79.71
1706 79.50
1707 79.74
1708 79.54
1709 79.81
1710 79.70
1711 79.64
1712 79.76
1713 79.67
1714 79.53
1715 79.53
1716 79.58
1717 79.62
1718 79.58
1719 79.54
1720 79.64
1721 79.78
1722 79.57
1723 79.58
1724 79.64
1725 79.55
1726 79.68
1727 79.68
1728 79.65
1729 79.37
1730 79.62
1731 79.58
1732 79.61
1733 79.52
1734 79.61
1735 79.55
1736 79.66
1737 79.54
1738 79.51
1739 79.64
1740 79.70
1741 79.65
1742 79.62
1743 79.48
1744 79.56
1745 79.53
1746 79.59
1747 79.68
1748 79.71
1749 79.68
1750 79.75
1751 79.41
1752 79.38
1753 79.54
1754 79.59
1755 79.56
1756 79.59
1757 79.67
1758 79.73
1759 79.53
1760 79.64
1761 79.56
1762 79.48
1763 79.56
1764 79.71
1765 79.50
1766 79.77
1767 79.59
1768 79.56
1769 79.56
1770 79.69
1771 79.46
1772 79.69
1773 79.64
1774 79.73
1775 79.68
1776 79.64
1777 79.69
1778 79.56
1779 79.62
1780 79.64
1781 79.86
1782 79.68
1783 79.58
1784 79.52
1785 79.62
1786 79.61
1787 79.50
1788 79.60
1789 79.66
1790 79.65
1791 79.61
1792 79.60
1793 79.60
1794 79.51
1795 79.61
1796 79.78
1797 79.66
1798 79.58
1799 79.47
1800 79.57
1801 79.79
1802 79.57
1803 79.63
1804 79.61
1805 79.62
1806 79.54
1807 79.52
1808 79.76
1809 79.74
1810 79.57
1811 79.74
1812 79.74
1813 79.62
1814 79.40
1815 79.75
1816 79.72
1817 79.69
1818 79.75
1819 79.69
1820 79.74
1821 79.67
1822 79.62
1823 79.66
1824 79.65
1825 79.75
1826 79.74
1827 79.63
1828 79.70
1829 79.61
1830 79.56
1831 79.69
1832 79.66
1833 79.65
1834 79.57
1835 79.74
1836 79.83
1837 79.57
1838 79.44
1839 79.74
1840 79.71
1841 79.81
1842 79.66
1843 79.70
1844 79.69
1845 79.60
1846 79.58
1847 79.76
1848 79.77
1849 79.75
1850 79.66
1851 79.46
1852 79.76
1853 79.55
1854 79.55
1855 79.71
1856 79.84
1857 79.76
1858 79.63
1859 79.62
1860 79.70
1861 79.55
1862 79.75
1863 79.74
1864 79.72
1865 79.63
1866 79.58
1867 79.63
1868 79.59
1869 79.63
1870 79.86
1871 79.56
1872 79.69
1873 79.59
1874 79.59
1875 79.74
1876 79.66
1877 79.78
1878 79.72
1879 79.66
1880 79.58
1881 79.75
1882 79.55
1883 79.71
1884 79.85
1885 79.80
1886 79.76
1887 79.73
1888 79.62
1889 79.70
1890 79.68
1891 79.59
1892 79.61
1893 79.69
1894 79.71
1895 79.63
1896 79.70
1897 79.76
1898 79.65
1899 79.60
1900 79.68
1901 79.63
1902 79.69
1903 79.75
1904 79.55
1905 79.76
1906 79.59
1907 79.59
1908 79.60
1909 79.60
1910 79.65
1911 79.60
1912 79.85
1913 79.60
1914 79.64
1915 79.67
1916 79.79
1917 79.74
1918 79.77
1919 79.89
1920 79.60
1921 79.61
1922 79.70
1923 79.75
1924 79.76
1925 79.57
1926 79.75
1927 79.59
1928 79.70
1929 79.72
1930 79.95
1931 79.58
1932 79.69
1933 79.79
1934 79.70
1935 79.80
1936 79.84
1937 79.56
1938 79.66
1939 79.79
1940 79.75
1941 79.64
1942 79.74
1943 79.62
1944 79.46
1945 79.68
1946 79.65
1947 79.74
1948 79.76
1949 79.61
1950 79.66
1951 79.56
1952 79.74
1953 79.57
1954 79.64
1955 79.57
1956 79.61
1957 79.69
1958 79.69
1959 79.73
1960 79.69
1961 79.52
1962 79.69
1963 79.71
1964 79.79
1965 79.56
1966 79.69
1967 79.51
1968 79.63
1969 79.79
1970 79.86
1971 79.80
1972 79.75
1973 79.80
1974 79.65
1975 79.63
1976 79.74
1977 79.75
1978 79.65
1979 79.61
1980 79.73
1981 79.71
1982 79.68
1983 79.71
1984 79.60
1985 79.79
1986 79.61
1987 79.84
1988 79.72
1989 79.71
1990 79.79
1991 79.69
1992 79.71
1993 79.90
1994 79.81
1995 79.69
1996 79.71
1997 79.92
1998 79.76
1999 79.61
2000 79.76
2001 79.85
2002 79.59
2003 79.90
2004 79.75
2005 79.74
2006 79.66
2007 79.74
2008 79.61
2009 79.60
2010 79.77
2011 79.68
2012 79.76
2013 79.61
2014 79.69
2015 79.80
2016 79.72
2017 79.69
2018 79.67
2019 79.67
2020 79.75
2021 79.72
2022 79.87
2023 79.95
2024 79.73
2025 79.73
2026 79.66
2027 79.67
2028 79.80
2029 79.61
2030 79.68
2031 79.74
2032 79.72
2033 79.74
2034 79.68
2035 79.83
2036 79.76
2037 79.63
2038 79.77
2039 79.80
2040 79.78
2041 79.76
2042 79.78
2043 79.77
2044 79.63
2045 79.73
2046 79.79
2047 79.91
2048 79.61
2049 79.91
2050 79.83
2051 79.69
2052 79.76
2053 79.74
2054 79.87
2055 79.66
2056 79.87
2057 79.69
2058 79.64
2059 79.63
2060 79.95
2061 79.87
2062 79.74
2063 79.74
2064 79.72
2065 79.80
2066 79.71
2067 79.79
2068 79.71
2069 79.66
2070 79.62
2071 79.78
2072 79.82
2073 79.80
2074 79.84
2075 79.72
2076 79.76
2077 79.73
2078 79.75
2079 79.81
2080 79.65
2081 79.66
2082 79.59
2083 79.77
2084 79.66
2085 79.72
2086 79.78
2087 79.74
2088 79.90
2089 79.71
2090 79.65
2091 79.81
2092 79.79
2093 79.71
2094 79.93
2095 79.58
2096 79.79
2097 79.73
2098 79.76
2099 79.66
2100 79.77
2101 79.87
2102 79.84
2103 79.70
2104 79.82
2105 79.76
2106 79.75
2107 79.60
2108 79.83
2109 79.90
2110 79.78
2111 79.66
2112 79.73
2113 79.66
2114 79.83
2115 79.83
2116 79.70
2117 79.78
2118 79.63
2119 79.71
2120 79.87
2121 79.82
2122 79.83
2123 79.78
2124 80.07
2125 79.80
2126 79.64
2127 79.63
2128 79.84
2129 79.87
2130 79.86
2131 79.66
2132 79.62
2133 79.70
2134 79.70
2135 79.67
2136 79.84
2137 79.71
2138 79.79
2139 79.75
2140 79.74
2141 79.76
2142 79.65
2143 79.76
2144 79.83
2145 79.78
2146 79.76
2147 79.61
2148 79.80
2149 79.65
2150 79.59
2151 79.79
2152 79.84
2153 79.82
2154 79.54
2155 79.76
2156 79.84
2157 79.63
2158 79.79
2159 79.71
2160 79.91
2161 79.83
2162 79.82
2163 79.79
2164 79.66
2165 79.75
2166 79.80
2167 79.81
2168 79.79
2169 79.82
2170 79.81
2171 79.71
2172 79.63
2173 79.87
2174 79.76
2175 79.78
2176 79.79
2177 79.86
2178 80.00
2179 79.77
2180 79.71
2181 79.86
2182 79.80
2183 79.64
2184 79.75
2185 79.79
2186 79.80
2187 79.77
2188 79.83
2189 79.76
2190 79.83
2191 79.75
2192 79.66
2193 79.78
2194 79.94
2195 79.87
2196 79.82
2197 79.83
2198 79.81
2199 79.79
2200 79.91
2201 79.91
2202 79.79
2203 79.74
2204 79.87
2205 79.72
2206 79.76
2207 79.82
2208 79.69
2209 79.80
2210 79.77
2211 79.99
2212 79.77
2213 79.81
2214 79.86
2215 80.00
2216 79.93
2217 79.72
2218 79.98
2219 79.84
2220 79.77
2221 79.72
2222 79.90
2223 79.68
2224 79.89
2225 79.84
2226 79.82
2227 79.91
2228 79.87
2229 79.83
2230 79.77
2231 79.76
2232 79.91
2233 79.93
2234 79.79
2235 79.97
2236 79.83
2237 79.76
2238 79.74
2239 79.81
2240 79.84
2241 79.84
2242 79.92
2243 79.89
2244 79.78
2245 79.71
2246 79.77
2247 79.68
2248 79.90
2249 79.84
2250 79.97
2251 79.75
2252 79.62
2253 79.77
2254 79.83
2255 79.67
2256 79.77
2257 79.95
2258 79.80
2259 79.88
2260 79.77
2261 79.63
2262 79.78
2263 79.82
2264 79.89
2265 79.94
2266 79.77
2267 79.79
2268 79.76
2269 79.70
2270 79.74
2271 79.84
2272 79.82
2273 79.87
2274 79.82
2275 79.98
2276 79.89
2277 79.80
2278 79.69
2279 79.84
2280 79.86
2281 79.96
2282 79.89
2283 80.03
2284 79.86
2285 79.83
2286 79.78
2287 79.81
2288 79.81
2289 79.88
2290 79.81
2291 79.90
2292 79.80
2293 79.99
2294 79.73
2295 79.74
2296 79.87
2297 79.82
2298 79.94
2299 80.03
2300 79.88
2301 79.94
2302 79.71
2303 79.82
2304 79.94
2305 79.73
2306 79.89
2307 79.69
2308 79.97
2309 79.89
2310 79.87
2311 79.78
2312 79.71
2313 79.76
2314 79.69
2315 79.78
2316 79.91
2317 79.81
2318 79.94
2319 79.74
2320 79.84
2321 79.81
2322 79.91
2323 79.81
2324 79.94
2325 79.80
2326 79.92
2327 79.90
2328 79.74
2329 79.94
2330 79.67
2331 79.81
2332 79.84
2333 79.97
2334 79.87
2335 79.99
2336 79.68
2337 79.71
2338 79.93
2339 79.83
2340 79.80
2341 79.74
2342 79.88
2343 79.78
2344 79.94
2345 79.77
2346 79.79
2347 79.70
2348 79.86
2349 79.79
2350 79.92
2351 79.95
2352 79.97
2353 79.97
2354 79.88
2355 79.83
2356 79.89
2357 79.80
2358 79.81
2359 79.89
2360 79.87
2361 79.89
2362 79.69
2363 79.84
2364 79.98
2365 79.92
2366 79.81
2367 79.79
2368 79.88
2369 79.86
2370 79.73
2371 79.90
2372 79.94
2373 79.94
2374 79.78
2375 79.71
2376 79.76
2377 79.84
2378 79.76
2379 79.88
2380 79.92
2381 79.86
2382 80.10
2383 79.87
2384 79.87
2385 79.81
2386 79.82
2387 79.74
2388 79.74
2389 79.84
2390 80.01
2391 79.94
2392 79.87
2393 79.92
2394 79.83
2395 79.93
2396 79.86
2397 79.76
2398 79.79
2399 80.02
2400 79.96
2401 79.82
2402 79.88
2403 79.89
2404 79.99
2405 79.78
2406 79.83
2407 79.75
2408 79.84
2409 79.89
2410 79.82
2411 79.96
2412 80.06
2413 79.87
2414 79.66
2415 79.87
2416 79.94
2417 79.90
2418 79.93
2419 80.00
2420 79.92
2421 79.94
2422 79.87
2423 79.83
2424 79.87
2425 79.92
2426 79.82
2427 79.89
2428 80.02
2429 79.87
2430 80.04
2431 79.95
2432 79.84
2433 79.87
2434 79.89
2435 79.89
2436 79.83
2437 79.84
2438 79.73
2439 80.04
2440 80.08
2441 79.63
2442 79.69
2443 80.00
2444 79.92
2445 79.87
2446 79.89
2447 79.86
2448 79.91
2449 79.93
2450 79.86
2451 79.78
2452 79.83
2453 79.76
2454 79.87
2455 79.85
2456 79.99
2457 79.99
2458 80.09
2459 79.81
2460 79.77
2461 79.85
2462 79.92
2463 79.84
2464 79.96
2465 79.97
2466 79.98
2467 79.89
2468 79.81
2469 79.94
2470 79.91
2471 79.88
2472 79.97
2473 79.87
2474 79.94
2475 80.02
2476 79.93
2477 79.77
2478 80.03
2479 79.86
2480 79.81
2481 80.00
2482 80.03
2483 79.91
2484 80.07
2485 79.97
2486 79.94
2487 79.93
2488 79.85
2489 79.88
2490 79.94
2491 80.12
2492 80.01
2493 79.99
2494 79.85
2495 79.91
2496 79.87
2497 79.78
2498 79.92
2499 79.97
2500 79.91
2501 79.94
2502 79.98
2503 79.92
2504 79.92
2505 79.92
2506 79.74
2507 79.84
2508 79.99
2509 79.91
2510 79.90
2511 79.80
2512 80.04
2513 79.96
2514 79.98
2515 79.96
2516 79.68
2517 79.83
2518 79.82
2519 79.78
2520 80.08
2521 80.03
2522 80.07
2523 80.05
2524 79.94
2525 79.71
2526 79.88
2527 79.84
2528 79.93
2529 79.88
2530 80.07
2531 79.87
2532 79.97
2533 79.93
2534 79.83
2535 80.02
2536 79.89
2537 80.09
2538 79.94
2539 79.87
2540 79.89
2541 80.03
2542 79.96
2543 79.90
2544 79.99
2545 80.01
2546 79.98
2547 79.95
2548 79.86
2549 79.99
2550 80.01
2551 79.98
2552 79.89
2553 80.02
2554 79.81
2555 79.94
2556 79.82
2557 80.05
2558 80.08
2559 79.99
2560 79.93
2561 80.03
2562 79.79
2563 79.90
2564 79.90
2565 80.02
2566 80.09
2567 79.94
2568 79.99
2569 80.07
2570 79.87
2571 79.90
2572 79.92
2573 79.99
2574 79.98
2575 79.88
2576 79.96
2577 80.06
2578 79.81
2579 79.92
2580 79.97
2581 80.00
2582 80.05
2583 79.96
2584 80.00
2585 79.95
2586 79.94
2587 79.79
2588 79.85
2589 79.94
2590 79.99
2591 79.97
2592 79.90
2593 79.95
2594 79.95
2595 79.83
2596 79.85
2597 79.92
2598 79.96
2599 79.98
2600 79.92
2601 80.00
2602 80.13
2603 79.92
2604 79.93
2605 79.87
2606 80.00
2607 79.95
2608 79.94
2609 79.93
2610 80.19
2611 79.96
2612 79.99
2613 79.86
2614 79.93
2615 79.97
2616 79.88
2617 79.87
2618 80.04
2619 80.04
2620 79.95
2621 80.06
2622 79.85
2623 79.97
2624 79.94
2625 80.02
2626 79.96
2627 80.04
2628 79.89
2629 79.79
2630 79.83
2631 79.94
2632 80.02
2633 80.19
2634 80.03
2635 80.04
2636 79.97
2637 80.00
2638 79.89
2639 79.96
2640 80.17
2641 80.12
2642 80.06
2643 79.97
2644 79.97
2645 79.89
2646 79.99
2647 79.81
2648 80.04
2649 79.95
2650 80.05
2651 79.96
2652 79.97
2653 80.05
2654 79.95
2655 79.98
2656 79.98
2657 79.88
2658 79.91
2659 79.94
2660 79.98
2661 80.01
2662 79.87
2663 80.01
2664 79.89
2665 80.05
2666 80.00
2667 79.89
2668 80.02
2669 79.95
2670 79.98
2671 79.97
2672 80.20
2673 80.02
2674 79.86
2675 79.96
2676 79.86
2677 79.92
2678 79.81
2679 80.02
2680 79.97
2681 79.94
2682 79.88
2683 79.97
2684 79.78
2685 79.97
2686 79.97
2687 80.02
2688 80.06
2689 80.08
2690 80.01
2691 79.91
2692 79.73
2693 79.99
2694 80.07
2695 79.90
2696 79.83
2697 80.07
2698 79.94
2699 79.99
2700 79.94
2701 79.92
2702 79.94
2703 80.01
2704 79.95
2705 79.82
2706 80.00
2707 80.01
2708 79.89
2709 80.12
2710 80.08
2711 80.13
2712 79.90
2713 79.96
2714 79.93
2715 80.12
2716 79.99
2717 79.95
2718 79.99
2719 80.08
2720 79.84
2721 79.84
2722 79.89
2723 79.99
2724 79.89
2725 79.85
2726 79.99
2727 80.02
2728 79.95
2729 79.97
2730 79.68
2731 80.10
2732 80.00
2733 79.94
2734 80.00
2735 79.99
2736 80.06
2737 79.87
2738 79.89
2739 79.96
2740 80.00
2741 80.05
2742 79.92
2743 80.03
2744 80.12
2745 80.13
2746 80.02
2747 79.94
2748 79.93
2749 79.95
2750 79.92
2751 80.01
2752 79.94
2753 80.06
2754 79.91
2755 79.96
2756 79.97
2757 79.99
2758 79.94
2759 79.85
2760 79.95
2761 80.13
2762 80.06
2763 80.02
2764 79.95
2765 79.93
2766 79.97
2767 79.94
2768 80.06
2769 80.04
2770 79.98
2771 79.93
2772 80.02
2773 80.12
2774 79.94
2775 79.99
2776 80.11
2777 80.01
2778 80.05
2779 80.07
2780 80.07
2781 80.19
2782 79.97
2783 80.01
2784 79.96
2785 80.00
2786 79.97
2787 79.89
2788 79.87
2789 80.16
2790 80.04
2791 79.96
2792 79.97
2793 79.99
2794 80.04
2795 80.02
2796 80.00
2797 80.00
2798 79.99
2799 79.99
2800 79.91
2801 79.88
2802 80.11
2803 79.97
2804 80.04
2805 80.02
2806 79.91
2807 80.06
2808 79.94
2809 79.94
2810 79.79
2811 80.00
2812 80.02
2813 80.05
2814 80.02
2815 79.98
2816 79.98
2817 80.10
2818 80.04
2819 79.91
2820 79.87
2821 79.99
2822 79.99
2823 79.88
2824 80.04
2825 80.05
2826 80.21
2827 79.99
2828 79.92
2829 80.02
2830 79.96
2831 80.03
2832 80.01
2833 79.86
2834 80.12
2835 80.25
2836 79.95
2837 80.02
2838 79.99
2839 79.92
2840 79.89
2841 79.98
2842 79.97
2843 80.13
2844 80.10
2845 79.91
2846 79.82
2847 79.83
2848 79.81
2849 80.02
2850 80.06
2851 79.79
2852 80.06
2853 80.13
2854 79.91
2855 80.07
2856 79.99
2857 79.94
2858 79.93
2859 79.96
2860 80.12
2861 80.10
2862 79.96
2863 79.94
2864 80.23
2865 79.82
2866 79.93
2867 79.88
2868 80.08
2869 79.94
2870 80.01
2871 79.94
2872 79.99
2873 79.89
2874 79.93
2875 79.86
2876 80.09
2877 80.27
2878 79.99
2879 79.84
2880 80.00
2881 79.99
2882 79.93
2883 80.02
2884 80.10
2885 80.12
2886 80.04
2887 79.90
2888 79.92
2889 80.02
2890 80.09
2891 80.05
2892 80.03
2893 80.12
2894 80.01
2895 80.04
2896 80.07
2897 80.00
2898 79.90
2899 79.84
2900 80.02
2901 80.18
2902 80.12
2903 80.06
2904 80.20
2905 80.08
2906 80.07
2907 80.04
2908 80.01
2909 80.06
2910 80.02
2911 80.11
2912 79.94
2913 80.13
2914 80.10
2915 79.96
2916 80.00
2917 80.16
2918 80.08
2919 80.12
2920 79.97
2921 80.06
2922 80.12
2923 79.89
2924 79.83
2925 80.20
2926 80.04
2927 80.18
2928 80.05
2929 80.15
2930 80.05
2931 79.92
2932 79.95
2933 79.92
2934 80.07
2935 80.10
2936 80.13
2937 80.12
2938 80.19
2939 80.16
2940 80.00
2941 79.97
2942 80.03
2943 80.05
2944 80.22
2945 80.11
2946 80.07
2947 79.99
2948 80.40
2949 80.18
2950 80.08
2951 80.16
2952 80.24
2953 80.17
2954 80.01
2955 80.02
2956 80.26
2957 80.19
2958 80.18
2959 80.06
2960 80.01
2961 80.06
2962 80.09
2963 79.86
2964 80.07
2965 80.10
2966 79.97
2967 80.22
2968 79.99
2969 80.03
2970 79.91
2971 79.89
2972 79.86
2973 80.13
2974 80.17
2975 80.13
2976 80.10
2977 79.99
2978 80.06
2979 79.97
2980 80.01
2981 80.05
2982 80.15
2983 80.07
2984 80.00
2985 80.34
2986 80.17
2987 80.09
2988 80.16
2989 80.07
2990 79.89
2991 79.97
2992 80.08
2993 80.11
2994 80.26
2995 80.18
2996 80.03
2997 80.22
2998 80.07
2999 79.99
3000 80.04
3001 80.06
3002 80.06
3003 80.16
3004 79.94
3005 80.12
3006 80.14
3007 80.07
3008 79.97
3009 80.03
3010 80.02
3011 80.07
3012 80.08
3013 80.00
3014 80.04
3015 80.07
3016 80.05
3017 79.96
3018 80.03
3019 80.14
3020 80.29
3021 79.93
3022 80.11
3023 79.89
3024 80.13
3025 79.92
3026 80.08
3027 80.18
3028 80.09
3029 79.99
3030 80.07
3031 80.20
3032 80.12
3033 80.10
3034 79.89
3035 80.14
3036 80.06
3037 80.15
3038 80.25
3039 80.06
3040 80.18
3041 80.11
3042 80.08
3043 79.92
3044 80.19
3045 79.92
3046 79.93
3047 79.98
3048 80.18
3049 80.20
3050 80.06
3051 79.98
3052 80.02
3053 80.10
3054 80.02
3055 80.00
3056 80.16
3057 80.12
3058 80.11
3059 80.02
3060 79.97
3061 80.23
3062 80.04
3063 80.11
3064 80.13
3065 80.16
3066 80.22
3067 80.22
3068 79.96
3069 80.05
3070 80.03
3071 80.01
3072 80.07
3073 80.08
3074 80.09
3075 80.18
3076 80.05
3077 80.09
3078 80.20
3079 80.06
3080 80.14
3081 80.04
3082 80.05
3083 80.21
3084 80.22
3085 80.03
3086 80.20
3087 80.28
3088 80.05
3089 80.03
3090 80.02
3091 80.16
3092 80.18
3093 80.05
3094 80.10
3095 80.12
3096 80.28
3097 80.15
3098 80.02
3099 79.94
3100 80.20
3101 80.22
3102 80.09
3103 80.10
3104 80.16
3105 80.07
3106 80.10
3107 80.08
3108 79.98
3109 80.11
3110 80.05
3111 80.07
3112 80.08
3113 80.17
3114 80.15
3115 80.29
3116 80.13
3117 80.10
3118 80.03
3119 79.97
3120 80.01
3121 79.98
3122 80.16
3123 80.10
3124 80.18
3125 80.19
3126 80.13
3127 80.18
3128 80.14
3129 80.05
3130 80.05
3131 80.06
3132 80.25
3133 80.32
3134 80.05
3135 80.12
3136 80.26
3137 79.98
3138 80.02
3139 80.12
3140 80.13
3141 80.15
3142 80.30
3143 80.15
3144 80.16
3145 80.20
3146 80.11
3147 80.14
3148 79.92
3149 80.22
3150 80.21
3151 80.12
3152 80.02
3153 80.07
3154 80.28
3155 80.12
3156 80.08
3157 80.12
3158 80.02
3159 80.05
3160 80.33
3161 80.12
3162 80.23
3163 80.28
3164 80.09
3165 80.00
3166 79.98
3167 80.21
3168 80.15
3169 80.20
3170 80.21
3171 79.99
3172 80.25
3173 80.20
3174 80.03
3175 80.05
3176 80.27
3177 80.17
3178 80.20
3179 80.20
3180 80.15
3181 80.13
3182 80.07
3183 79.99
3184 80.15
3185 80.12
3186 80.05
3187 80.22
3188 80.26
3189 80.36
3190 80.27
3191 80.10
3192 80.03
3193 80.07
3194 80.07
3195 80.07
3196 80.14
3197 80.24
3198 80.21
3199 80.01
3200 80.10
3201 80.02
3202 80.22
3203 80.10
3204 79.98
3205 80.18
3206 80.02
3207 80.35
3208 80.34
3209 79.98
3210 80.22
3211 80.11
3212 80.12
3213 80.07
3214 80.16
3215 80.14
3216 80.24
3217 80.14
3218 80.26
3219 80.17
3220 80.20
3221 80.20
3222 80.12
3223 80.10
3224 80.09
3225 80.22
3226 80.10
3227 80.12
3228 80.25
3229 80.16
3230 80.13
3231 80.18
3232 80.10
3233 80.15
3234 80.10
3235 79.95
3236 80.11
3237 80.26
3238 80.23
3239 80.09
3240 80.07
3241 80.01
3242 80.18
3243 80.15
3244 80.22
3245 80.07
3246 80.14
3247 80.18
3248 79.90
3249 80.03
3250 80.12
3251 80.10
3252 80.07
3253 80.13
3254 80.04
3255 80.36
3256 80.11
3257 80.17
3258 80.14
3259 80.18
3260 80.03
3261 80.06
3262 80.07
3263 80.01
3264 80.23
3265 80.05
3266 80.14
3267 80.07
3268 80.08
3269 80.10
3270 80.15
3271 80.06
3272 80.30
3273 80.31
3274 80.19
3275 80.17
3276 79.98
3277 80.15
3278 80.02
3279 80.10
3280 80.25
3281 80.20
3282 80.23
3283 80.12
3284 80.25
3285 80.14
3286 80.12
3287 80.20
3288 80.01
3289 80.02
3290 80.21
3291 80.13
3292 80.19
3293 80.21
3294 80.14
3295 80.15
3296 80.35
3297 80.23
3298 80.25
3299 80.09
3300 80.02
3301 80.18
3302 79.99
3303 80.10
3304 80.18
3305 80.21
3306 80.25
3307 80.27
3308 80.04
3309 80.10
3310 80.09
3311 80.13
3312 80.18
3313 80.21
3314 80.20
3315 80.16
3316 80.03
3317 80.37
3318 80.05
3319 79.93
3320 80.19
3321 80.38
3322 80.31
3323 80.12
3324 80.25
3325 80.23
3326 80.19
3327 80.16
3328 80.15
3329 80.24
3330 80.29
3331 80.33
3332 80.10
3333 80.33
3334 80.12
3335 80.00
3336 80.03
3337 80.12
3338 80.21
3339 80.30
3340 80.26
3341 80.24
3342 80.22
3343 80.21
3344 80.04
3345 80.11
3346 80.26
3347 80.33
3348 80.10
3349 80.13
3350 80.18
3351 80.33
3352 80.09
3353 80.25
3354 80.16
3355 80.17
3356 80.03
3357 80.13
3358 80.28
3359 80.35
3360 80.17
3361 80.05
3362 80.21
3363 80.08
3364 80.16
3365 80.25
3366 80.18
3367 80.35
3368 80.08
3369 80.12
3370 80.00
3371 80.19
3372 80.20
3373 80.28
3374 80.01
3375 80.33
3376 80.15
3377 80.19
3378 80.23
3379 80.10
3380 80.12
3381 80.35
3382 80.25
3383 80.20
3384 80.26
3385 80.08
3386 80.16
3387 80.11
3388 80.28
3389 80.09
3390 80.33
3391 80.17
3392 80.30
3393 80.20
3394 80.18
3395 80.24
3396 80.12
3397 80.20
3398 80.33
3399 80.25
3400 80.08
3401 80.20
3402 80.11
3403 80.05
3404 80.10
3405 80.17
3406 80.27
3407 80.32
3408 80.25
3409 80.18
3410 80.29
3411 80.11
3412 80.10
3413 80.05
3414 80.21
3415 80.18
3416 80.08
3417 80.30
3418 80.28
3419 80.13
3420 80.16
3421 80.16
3422 80.13
3423 80.25
3424 80.30
3425 80.23
3426 80.25
3427 80.35
3428 80.15
3429 80.03
3430 80.20
3431 80.14
3432 80.20
3433 80.11
3434 80.21
3435 80.33
3436 80.25
3437 80.18
3438 80.14
3439 80.17
3440 80.09
3441 80.17
3442 80.22
3443 80.22
3444 80.33
3445 80.06
3446 80.03
3447 80.25
3448 80.33
3449 80.04
3450 80.05
3451 80.30
3452 80.12
3453 80.02
3454 80.12
3455 80.26
3456 80.18
3457 80.19
3458 80.20
3459 80.25
3460 80.22
3461 80.20
3462 80.21
3463 80.18
3464 80.23
3465 80.21
3466 80.28
3467 80.17
3468 80.23
3469 80.13
3470 80.38
3471 80.31
3472 80.29
3473 80.15
3474 80.26
3475 80.17
3476 80.05
3477 80.19
3478 80.16
3479 80.33
3480 80.12
3481 80.25
3482 80.34
3483 80.17
3484 80.14
3485 80.13
3486 80.16
3487 80.27
3488 80.18
3489 80.15
3490 80.21
3491 80.17
3492 80.12
3493 80.19
3494 80.24
3495 80.33
3496 80.42
3497 80.20
3498 80.22
3499 80.22
3500 80.06
3501 80.18
3502 80.27
3503 80.33
3504 80.33
3505 80.19
3506 80.23
3507 80.23
3508 80.25
3509 80.17
3510 80.17
3511 80.20
3512 80.35
3513 80.18
3514 80.22
3515 80.33
3516 80.36
3517 80.14
3518 80.02
3519 80.28
3520 80.15
3521 80.21
3522 80.43
3523 80.15
3524 80.33
3525 80.30
3526 80.13
3527 80.15
3528 80.20
3529 80.19
3530 80.20
3531 80.17
3532 80.32
3533 80.23
3534 80.28
3535 80.26
3536 80.20
3537 80.30
3538 80.47
3539 80.18
3540 80.10
3541 80.37
3542 80.27
3543 80.11
3544 80.15
3545 80.28
3546 80.23
3547 80.02
3548 80.14
3549 80.28
3550 80.14
3551 80.25
3552 80.28
3553 80.23
3554 80.33
3555 80.18
3556 80.22
3557 80.18
3558 80.21
3559 80.24
3560 80.25
3561 80.24
3562 80.10
3563 80.23
3564 80.26
3565 80.17
3566 80.33
3567 80.16
3568 80.19
3569 80.19
3570 80.10
3571 80.10
3572 80.10
3573 80.22
3574 80.25
3575 80.23
3576 80.33
3577 80.39
3578 80.12
3579 80.05
3580 80.16
3581 80.21
3582 80.19
3583 80.25
3584 80.16
3585 80.33
3586 80.30
3587 80.21
3588 80.08
3589 79.65
3590 79.51
3591 79.63
3592 79.33
3593 78.80
3594 77.39
3595 72.05
3596 65.15
3597 58.71
3598 51.89
3599 49.72
3600 48.62
3601 47.92
3602 47.18
3603 46.34
3604 45.53
3605 44.92
3606 44.09
3607 43.40
3608 42.61
3609 42.00
3610 41.33
3611 40.61
3612 39.77
3613 39.21
3614 38.42
3615 37.70
3616 37.06
3617 36.41
3618 35.68
3619 34.89
3620 34.17
3621 33.62
3622 32.86
3623 32.14
3624 31.56
3625 30.92
3626 30.32
3627 29.71
3628 29.22
3629 28.94
3630 28.26
