1 21.53
2 21.44
3 21.46
4 21.54
5 21.50
6 21.32
7 20.68
8 19.56
9 18.30
10 16.54
11 14.88
12 13.59
13 13.42
14 13.53
15 13.68
16 13.80
17 14.15
18 14.42
19 14.90
20 15.49
21 29.69
22 55.24
23 62.30
24 64.84
25 65.99
26 70.07
27 74.75
28 76.03
29 77.28
30 78.23
31 78.65
32 78.97
33 78.95
34 79.15
35 79.19
36 78.96
37 79.05
38 78.98
39 79.22
40 78.94
41 78.93
42 78.92
43 78.82
44 78.83
45 78.80
46 78.84
47 78.81
48 78.76
49 78.69
50 78.68
51 78.30
52 78.47
53 78.45
54 78.39
55 78.45
56 78.47
57 78.38
58 78.37
59 78.33
60 78.33
61 78.24
62 78.25
63 78.14
64 78.13
65 78.12
66 78.05
67 77.97
68 78.00
69 78.00
70 78.00
71 78.34
72 77.90
73 78.14
74 78.18
75 78.18
76 78.23
77 78.31
78 78.39
79 78.32
80 78.17
81 78.22
82 78.27
83 78.27
84 78.25
85 78.36
86 78.22
87 78.15
88 78.16
89 78.38
90 78.40
91 78.38
92 78.28
93 78.10
94 78.18
95 78.22
96 78.27
97 78.42
98 78.25
99 78.37
100 78.25
101 78.00
102 78.27
103 78.29
104 78.28
105 78.20
106 78.30
107 78.28
108 78.10
109 78.16
110 78.24
111 78.30
112 78.14
113 78.11
114 78.11
115 78.08
116 77.93
117 78.20
118 78.22
119 78.32
120 78.25
121 78.10
122 78.19
123 78.09
124 78.13
125 78.28
126 78.02
127 78.13
128 78.02
129 77.92
130 78.17
131 78.13
132 78.11
133 78.18
134 78.22
135 78.02
136 78.14
137 77.92
138 78.24
139 78.08
140 78.21
141 78.20
142 78.20
143 78.00
144 78.07
145 78.07
146 78.20
147 78.25
148 78.15
149 78.14
150 78.02
151 78.04
152 78.20
153 78.17
154 78.35
155 78.04
156 78.22
157 78.10
158 78.24
159 78.06
160 78.15
161 78.27
162 78.22
163 78.02
164 78.13
165 78.23
166 78.04
167 78.12
168 78.12
169 78.08
170 78.02
171 78.14
172 78.17
173 77.96
174 77.99
175 78.11
176 78.15
177 78.24
178 77.99
179 77.96
180 78.12
181 78.22
182 77.96
183 78.21
184 78.26
185 78.10
186 78.10
187 78.11
188 78.12
189 78.09
190 78.24
191 78.14
192 78.32
193 78.06
194 78.17
195 78.17
196 78.10
197 78.24
198 78.23
199 78.15
200 78.21
201 78.18
202 78.28
203 78.10
204 78.12
205 78.15
206 78.22
207 78.35
208 78.15
209 78.10
210 78.15
211 78.10
212 78.39
213 78.27
214 78.23
215 78.23
216 78.24
217 78.22
218 78.25
219 78.40
220 78.33
221 78.26
222 78.37
223 78.23
224 78.32
225 78.14
226 78.37
227 78.44
228 78.29
229 78.33
230 78.21
231 78.30
232 78.35
233 78.31
234 78.32
235 78.30
236 78.32
237 78.26
238 78.33
239 78.18
240 78.15
241 78.33
242 78.31
243 78.44
244 78.29
245 78.30
246 78.37
247 78.21
248 78.29
249 78.24
250 78.47
251 78.47
252 78.19
253 78.29
254 78.42
255 78.24
256 78.17
257 78.32
258 78.36
259 78.45
260 78.40
261 78.34
262 78.35
263 78.39
264 78.33
265 78.37
266 78.42
267 78.45
268 78.54
269 78.27
270 78.36
271 78.43
272 78.38
273 78.35
274 78.36
275 78.45
276 78.44
277 78.61
278 78.53
279 78.62
280 78.39
281 78.41
282 78.40
283 78.51
284 78.41
285 78.49
286 78.52
287 78.49
288 78.59
289 78.50
290 78.48
291 78.42
292 78.39
293 78.51
294 78.57
295 78.50
296 78.55
297 78.47
298 78.52
299 78.44
300 78.37
301 78.51
302 78.59
303 78.50
304 78.54
305 78.58
306 78.49
307 78.40
308 78.53
309 78.57
310 78.55
311 78.54
312 78.51
313 78.72
314 78.59
315 78.55
316 78.42
317 78.62
318 78.55
319 78.70
320 78.60
321 78.70
322 78.61
323 78.41
324 78.44
325 78.62
326 78.71
327 78.65
328 78.60
329 78.66
330 78.62
331 78.57
332 78.52
333 78.47
334 78.75
335 78.70
336 78.67
337 78.67
338 78.73
339 78.75
340 78.74
341 78.45
342 78.54
343 78.62
344 78.70
345 78.74
346 78.82
347 78.60
348 78.74
349 78.71
350 78.60
351 78.63
352 78.77
353 78.70
354 78.68
355 78.74
356 78.80
357 78.66
358 78.84
359 78.65
360 78.55
361 78.72
362 78.70
363 78.70
364 78.74
365 78.94
366 78.63
367 78.70
368 78.77
369 78.65
370 78.67
371 78.69
372 78.80
373 78.89
374 78.83
375 78.66
376 78.65
377 78.70
378 78.70
379 78.79
380 78.80
381 78.79
382 78.77
383 78.74
384 78.75
385 78.75
386 78.80
387 78.69
388 78.64
389 78.79
390 78.85
391 78.97
392 78.91
393 78.85
394 78.97
395 78.94
396 78.77
397 78.80
398 78.72
399 78.87
400 78.97
401 78.86
402 78.80
403 78.97
404 78.62
405 78.71
406 78.93
407 78.96
408 78.88
409 78.93
410 78.84
411 78.99
412 79.04
413 78.85
414 78.77
415 78.76
416 78.92
417 78.95
418 78.99
419 79.06
420 78.85
421 78.84
422 78.84
423 78.80
424 78.97
425 78.92
426 78.91
427 78.98
428 79.00
429 79.05
430 78.87
431 78.93
432 79.06
433 79.04
434 78.96
435 78.97
436 78.99
437 78.93
438 78.85
439 78.94
440 78.97
441 78.75
442 79.00
443 79.09
444 79.07
445 79.16
446 78.83
447 79.01
448 78.83
449 79.03
450 79.16
451 79.07
452 78.96
453 79.10
454 78.95
455 78.84
456 79.04
457 78.98
458 79.13
459 79.05
460 79.04
461 79.00
462 79.14
463 79.08
464 78.88
465 79.05
466 79.11
467 79.09
468 78.99
469 79.15
470 79.11
471 78.95
472 78.87
473 79.01
474 79.05
475 79.09
476 79.21
477 79.04
478 79.11
479 79.06
480 78.89
481 78.95
482 79.00
483 79.10
484 79.17
485 79.08
486 79.26
487 79.10
488 79.00
489 78.99
490 78.96
491 79.23
492 79.12
493 79.10
494 79.23
495 79.05
496 79.16
497 79.06
498 79.02
499 79.16
500 79.04
501 79.11
502 79.23
503 79.24
504 79.17
505 79.12
506 79.18
507 79.02
508 79.15
509 79.20
510 79.09
511 79.27
512 79.21
513 79.23
514 79.09
515 79.07
516 79.24
517 79.22
518 79.03
519 79.22
520 79.16
521 79.18
522 79.23
523 78.97
524 79.14
525 79.06
526 79.14
527 79.09
528 79.29
529 79.24
530 79.27
531 79.07
532 79.12
533 79.07
534 79.03
535 79.02
536 79.13
537 79.15
538 79.20
539 79.24
540 79.02
541 79.20
542 79.07
543 79.07
544 79.18
545 79.24
546 79.35
547 79.25
548 79.11
549 79.13
550 79.09
551 79.07
552 79.11
553 79.20
554 79.25
555 79.06
556 79.16
557 79.20
558 79.20
559 79.13
560 79.09
561 79.19
562 79.19
563 79.04
564 79.15
565 79.34
566 79.21
567 79.15
568 79.31
569 79.25
570 79.25
571 79.15
572 79.07
573 79.19
574 79.24
575 79.22
576 79.16
577 79.25
578 79.21
579 79.14
580 79.20
581 79.17
582 79.13
583 79.16
584 79.17
585 79.28
586 79.15
587 79.21
588 79.27
589 79.14
590 79.26
591 79.28
592 79.11
593 79.29
594 79.31
595 79.24
596 79.45
597 79.07
598 79.28
599 79.25
600 79.29
601 79.13
602 79.26
603 79.36
604 79.35
605 79.28
606 79.19
607 79.24
608 79.36
609 79.10
610 79.29
611 79.19
612 79.21
613 79.27
614 79.28
615 79.23
616 79.43
617 79.14
618 79.22
619 79.28
620 79.39
621 79.27
622 79.06
623 79.25
624 79.30
625 79.28
626 79.31
627 79.50
628 79.36
629 79.35
630 79.23
631 79.28
632 79.41
633 79.40
634 79.34
635 79.38
636 79.54
637 79.49
638 79.29
639 79.28
640 79.19
641 79.21
642 79.19
643 79.28
644 79.35
645 79.30
646 79.41
647 79.37
648 79.16
649 79.37
650 79.20
651 79.32
652 79.27
653 79.40
654 79.42
655 79.27
656 79.36
657 79.19
658 79.28
659 79.18
660 79.16
661 79.40
662 79.40
663 79.27
664 79.16
665 79.15
666 79.28
667 79.25
668 79.34
669 79.36
670 79.34
671 79.23
672 79.37
673 79.15
674 79.27
675 79.26
676 79.32
677 79.38
678 79.49
679 79.25
680 79.18
681 79.28
682 79.34
683 79.21
684 79.35
685 79.43
686 79.41
687 79.45
688 79.33
689 79.35
690 79.27
691 79.34
692 79.31
693 79.55
694 79.45
695 79.47
696 79.40
697 79.27
698 79.35
699 79.28
700 79.28
701 79.41
702 79.31
703 79.36
704 79.25
705 79.26
706 79.44
707 79.33
708 79.35
709 79.39
710 79.30
711 79.42
712 79.33
713 79.37
714 79.36
715 79.18
716 79.40
717 79.40
718 79.46
719 79.45
720 79.36
721 79.28
722 79.32
723 79.43
724 79.29
725 79.33
726 79.47
727 79.37
728 79.23
729 79.48
730 79.43
731 79.53
732 79.38
733 79.35
734 79.44
735 79.38
736 79.43
737 79.25
738 79.43
739 79.48
740 79.25
741 79.47
742 79.48
743 79.39
744 79.49
745 79.23
746 79.54
747 79.48
748 79.13
749 79.45
750 79.30
751 79.31
752 79.43
753 79.45
754 79.43
755 79.31
756 79.22
757 79.49
758 79.26
759 79.35
760 79.30
761 79.50
762 79.44
763 79.39
764 79.42
765 79.26
766 79.36
767 79.35
768 79.46
769 79.40
770 79.40
771 79.29
772 79.47
773 79.35
774 79.37
775 79.43
776 79.54
777 79.44
778 79.41
779 79.23
780 79.40
781 79.32
782 79.25
783 79.41
784 79.39
785 79.49
786 79.36
787 79.22
788 79.50
789 79.36
790 79.30
791 79.53
792 79.60
793 79.51
794 79.43
795 79.54
796 79.34
797 79.49
798 79.30
799 79.40
800 79.40
801 79.37
802 79.32
803 79.33
804 79.24
805 79.34
806 79.55
807 79.33
808 79.43
809 79.64
810 79.48
811 79.50
812 79.31
813 79.40
814 79.38
815 79.37
816 79.41
817 79.36
818 79.56
819 79.42
820 79.37
821 79.34
822 79.46
823 79.49
824 79.47
825 79.51
826 79.53
827 79.36
828 79.40
829 79.35
830 79.46
831 79.44
832 79.42
833 79.60
834 79.38
835 79.33
836 79.55
837 79.50
838 79.35
839 79.44
840 79.39
841 79.33
842 79.50
843 79.56
844 79.47
845 79.55
846 79.53
847 79.53
848 79.51
849 79.36
850 79.38
851 79.43
852 79.58
853 79.53
854 79.39
855 79.39
856 79.39
857 79.56
858 79.46
859 79.54
860 79.44
861 79.49
862 79.40
863 79.52
864 79.40
865 79.43
866 79.59
867 79.38
868 79.33
869 79.48
870 79.49
871 79.48
872 79.50
873 79.59
874 79.52
875 79.42
876 79.33
877 79.46
878 79.46
879 79.66
880 79.52
881 79.48
882 79.39
883 79.50
884 79.37
885 79.47
886 79.51
887 79.29
888 79.53
889 79.42
890 79.40
891 79.33
892 79.42
893 79.55
894 79.53
895 79.42
896 79.46
897 79.38
898 79.25
899 79.35
900 79.78
901 79.60
902 79.48
903 79.38
904 79.47
905 79.58
906 79.45
907 79.49
908 79.53
909 79.49
910 79.41
911 79.26
912 79.46
913 79.43
914 79.39
915 79.45
916 79.56
917 79.51
918 79.46
919 79.43
920 79.45
921 79.46
922 79.39
923 79.60
924 79.45
925 79.40
926 79.30
927 79.42
928 79.43
929 79.57
930 79.46
931 79.56
932 79.57
933 79.53
934 79.43
935 79.50
936 79.38
937 79.53
938 79.34
939 79.53
940 79.53
941 79.37
942 79.26
943 79.63
944 79.58
945 79.42
946 79.38
947 79.56
948 79.33
949 79.44
950 79.63
951 79.59
952 79.65
953 79.55
954 79.53
955 79.40
956 79.48
957 79.40
958 79.42
959 79.43
960 79.49
961 79.53
962 79.43
963 79.42
964 79.52
965 79.54
966 79.54
967 79.53
968 79.47
969 79.47
970 79.42
971 79.45
972 79.46
973 79.43
974 79.51
975 79.50
976 79.35
977 79.46
978 79.41
979 79.42
980 79.51
981 79.46
982 79.55
983 79.38
984 79.46
985 79.51
986 79.45
987 79.53
988 79.63
989 79.56
990 79.60
991 79.34
992 79.50
993 79.41
994 79.52
995 79.69
996 79.74
997 79.47
998 79.38
999 79.35
1000 79.43
1001 79.37
1002 79.51
1003 79.33
1004 79.53
1005 79.51
1006 79.37
1007 79.51
1008 79.48
1009 79.55
1010 79.44
1011 79.30
1012 79.63
1013 79.58
1014 79.55
1015 79.44
1016 79.53
1017 79.66
1018 79.50
1019 79.32
1020 79.46
1021 79.38
1022 79.42
1023 79.49
1024 79.56
1025 79.49
1026 79.32
1027 79.61
1028 79.60
1029 79.28
1030 79.54
1031 79.63
1032 79.51
1033 79.50
1034 79.51
1035 79.55
1036 79.59
1037 79.67
1038 79.55
1039 79.48
1040 79.45
1041 79.56
1042 79.58
1043 79.60
1044 79.44
1045 79.54
1046 79.48
1047 79.48
1048 79.40
1049 79.27
1050 79.75
1051 79.42
1052 79.51
1053 79.51
1054 79.42
1055 79.53
1056 79.56
1057 79.45
1058 79.63
1059 79.45
1060 79.43
1061 79.49
1062 79.54
1063 79.53
1064 79.55
1065 79.74
1066 79.65
1067 79.35
1068 79.38
1069 79.40
1070 79.40
1071 79.49
1072 79.53
1073 79.63
1074 79.45
1075 79.42
1076 79.59
1077 79.54
1078 79.67
1079 79.57
1080 79.47
1081 79.45
1082 79.59
1083 79.51
1084 79.64
1085 79.58
1086 79.48
1087 79.69
1088 79.45
1089 79.64
1090 79.58
1091 79.55
1092 79.61
1093 79.48
1094 79.62
1095 79.27
1096 79.43
1097 79.45
1098 79.63
1099 79.62
1100 79.45
1101 79.53
1102 79.63
1103 79.67
1104 79.71
1105 79.51
1106 79.57
1107 79.54
1108 79.59
1109 79.63
1110 79.54
1111 79.49
1112 79.63
1113 79.60
1114 79.35
1115 79.48
1116 79.60
1117 79.69
1118 79.57
1119 79.69
1120 79.56
1121 79.52
1122 79.63
1123 79.57
1124 79.41
1125 79.68
1126 79.47
1127 79.45
1128 79.48
1129 79.51
1130 79.46
1131 79.41
1132 79.73
1133 79.54
1134 79.63
1135 79.51
1136 79.56
1137 79.50
1138 79.62
1139 79.53
1140 79.51
1141 79.46
1142 79.50
1143 79.56
1144 79.52
1145 79.50
1146 79.71
1147 79.71
1148 79.61
1149 79.63
1150 79.56
1151 79.66
1152 79.62
1153 79.64
1154 79.57
1155 79.51
1156 79.45
1157 79.53
1158 79.61
1159 79.44
1160 79.59
1161 79.77
1162 79.43
1163 79.54
1164 79.38
1165 79.58
1166 79.59
1167 79.64
1168 79.44
1169 79.56
1170 79.75
1171 79.59
1172 79.50
1173 79.76
1174 79.58
1175 79.48
1176 79.69
1177 79.56
1178 79.60
1179 79.67
1180 79.61
1181 79.80
1182 79.54
1183 79.35
1184 79.57
1185 79.66
1186 79.50
1187 79.79
1188 79.71
1189 79.71
1190 79.50
1191 79.51
1192 79.73
1193 79.56
1194 79.46
1195 79.69
1196 79.63
1197 79.56
1198 79.58
1199 79.60
1200 79.63
1201 79.63
1202 79.71
1203 79.61
1204 79.64
1205 79.52
1206 79.53
1207 79.76
1208 79.64
1209 79.58
1210 79.56
1211 79.61
1212 79.47
1213 79.34
1214 79.61
1215 79.56
1216 79.71
1217 79.59
1218 79.53
1219 79.58
1220 79.59
1221 79.62
1222 79.62
1223 79.55
1224 79.46
1225 79.61
1226 79.43
1227 79.53
1228 79.58
1229 79.67
1230 79.64
1231 79.55
1232 79.63
1233 79.63
1234 79.69
1235 79.59
1236 79.65
1237 79.72
1238 79.66
1239 79.43
1240 79.65
1241 79.76
1242 79.65
1243 79.56
1244 79.76
1245 79.63
1246 79.55
1247 79.62
1248 79.50
1249 79.64
1250 79.55
1251 79.71
1252 79.65
1253 79.60
1254 79.30
1255 79.66
1256 79.59
1257 79.58
1258 79.66
1259 79.64
1260 79.59
1261 79.70
1262 79.61
1263 79.57
1264 79.64
1265 79.55
1266 79.58
1267 79.60
1268 79.61
1269 79.66
1270 79.54
1271 79.71
1272 79.58
1273 79.91
1274 79.71
1275 79.63
1276 79.81
1277 79.63
1278 79.45
1279 79.59
1280 79.63
1281 79.81
1282 79.65
1283 79.76
1284 79.60
1285 79.66
1286 79.70
1287 79.74
1288 79.59
1289 79.71
1290 79.55
1291 79.61
1292 79.58
1293 79.70
1294 79.48
1295 79.61
1296 79.72
1297 79.47
1298 79.59
1299 79.78
1300 79.48
1301 79.68
1302 79.71
1303 79.84
1304 79.60
1305 79.47
1306 79.77
1307 79.63
1308 79.71
1309 79.58
1310 79.74
1311 79.61
1312 79.58
1313 79.61
1314 79.68
1315 79.68
1316 79.71
1317 79.64
1318 79.74
1319 79.63
1320 79.63
1321 79.72
1322 79.85
1323 79.63
1324 79.67
1325 79.74
1326 79.74
1327 79.61
1328 79.54
1329 79.67
1330 79.71
1331 79.62
1332 79.68
1333 79.91
1334 79.69
1335 79.67
1336 79.55
1337 79.68
1338 79.68
1339 79.75
1340 79.50
1341 79.62
1342 79.71
1343 79.50
1344 79.74
1345 79.68
1346 79.69
1347 79.66
1348 79.47
1349 79.73
1350 79.71
1351 79.60
1352 79.72
1353 79.72
1354 79.71
1355 79.65
1356 79.58
1357 79.66
1358 79.52
1359 79.65
1360 79.59
1361 79.75
1362 79.64
1363 79.74
1364 79.70
1365 79.61
1366 79.51
1367 79.61
1368 79.58
1369 79.76
1370 79.72
1371 79.66
1372 79.59
1373 79.76
1374 79.62
1375 79.66
1376 79.60
1377 79.79
1378 79.72
1379 79.55
1380 79.63
1381 79.62
1382 79.69
1383 79.57
1384 79.77
1385 79.63
1386 79.74
1387 79.58
1388 79.57
1389 79.60
1390 79.59
1391 79.76
1392 79.76
1393 79.71
1394 79.71
1395 79.63
1396 79.73
1397 79.69
1398 79.80
1399 79.67
1400 79.68
1401 79.74
1402 79.61
1403 79.54
1404 79.72
1405 79.66
1406 79.69
1407 79.64
1408 79.65
1409 79.58
1410 79.82
1411 79.61
1412 79.63
1413 79.90
1414 79.58
1415 79.77
1416 79.69
1417 79.59
1418 79.61
1419 79.66
1420 79.74
1421 79.83
1422 79.58
1423 79.66
1424 79.67
1425 79.63
1426 79.81
1427 79.83
1428 79.81
1429 79.83
1430 79.67
1431 79.79
1432 79.88
1433 79.68
1434 79.91
1435 79.69
1436 79.59
1437 79.62
1438 79.64
1439 79.77
1440 79.71
1441 79.74
1442 79.81
1443 79.73
1444 79.75
1445 79.70
1446 79.69
1447 79.73
1448 79.60
1449 79.76
1450 79.64
1451 79.81
1452 79.71
1453 79.85
1454 79.76
1455 79.74
1456 79.62
1457 79.92
1458 79.62
1459 79.68
1460 79.61
1461 79.83
1462 79.79
1463 79.55
1464 79.56
1465 79.54
1466 79.67
1467 79.64
1468 79.78
1469 79.79
1470 79.62
1471 79.56
1472 79.48
1473 79.66
1474 79.50
1475 79.73
1476 79.77
1477 79.63
1478 79.76
1479 79.62
1480 79.71
1481 79.79
1482 79.74
1483 79.81
1484 79.74
1485 79.81
1486 79.60
1487 79.86
1488 79.71
1489 79.75
1490 79.71
1491 79.72
1492 79.73
1493 79.74
1494 79.68
1495 79.75
1496 79.62
1497 79.76
1498 79.85
1499 79.93
1500 79.75
1501 79.68
1502 79.76
1503 79.79
1504 79.91
1505 79.72
1506 79.59
1507 79.76
1508 79.67
1509 79.69
1510 79.71
1511 79.83
1512 79.92
1513 79.70
1514 79.63
1515 79.71
1516 79.70
1517 79.77
1518 79.84
1519 79.77
1520 79.96
1521 79.66
1522 79.61
1523 79.75
1524 79.59
1525 79.66
1526 79.77
1527 79.92
1528 79.80
1529 79.56
1530 79.69
1531 79.60
1532 79.58
1533 79.64
1534 79.81
1535 79.87
1536 79.72
1537 79.67
1538 79.60
1539 79.65
1540 79.69
1541 79.78
1542 79.71
1543 79.57
1544 79.61
1545 79.64
1546 79.79
1547 79.66
1548 79.68
1549 79.73
1550 79.74
1551 79.74
1552 79.84
1553 79.99
1554 79.87
1555 79.81
1556 79.74
1557 79.60
1558 79.54
1559 79.74
1560 79.70
1561 79.78
1562 79.67
1563 79.69
1564 79.81
1565 79.61
1566 79.62
1567 79.76
1568 79.92
1569 79.64
1570 79.58
1571 79.83
1572 79.57
1573 79.61
1574 79.71
1575 79.89
1576 79.68
1577 79.79
1578 79.72
1579 79.82
1580 79.82
1581 79.84
1582 79.85
1583 79.82
1584 79.68
1585 79.67
1586 79.70
1587 79.90
1588 79.75
1589 79.81
1590 79.76
1591 79.51
1592 79.76
1593 79.89
1594 79.84
1595 79.87
1596 79.57
1597 79.79
1598 79.59
1599 79.66
1600 79.83
1601 79.74
1602 79.72
1603 79.86
1604 79.86
1605 79.72
1606 79.59
1607 79.65
1608 79.80
1609 79.90
1610 79.76
1611 79.67
1612 79.71
1613 79.69
1614 79.58
1615 79.79
1616 79.87
1617 79.87
1618 79.61
1619 79.62
1620 79.71
1621 79.81
1622 79.76
1623 79.91
1624 79.78
1625 79.79
1626 79.69
1627 79.77
1628 79.71
1629 79.28
1630 79.25
1631 79.22
1632 79.25
1633 79.04
1634 78.97
1635 78.87
1636 78.76
1637 78.52
1638 77.48
1639 74.45
1640 67.20
1641 59.53
1642 50.80
1643 44.71
1644 39.57
1645 35.36
1646 32.04
1647 29.50
1648 28.35
1649 27.96
1650 27.97
1651 28.00
1652 28.08
1653 28.15
1654 28.17
1655 28.26
1656 28.22
1657 28.09
1658 28.18
1659 28.06
1660 28.17
1661 28.05
1662 28.02
1663 28.00
1664 27.87
1665 27.76
1666 27.81
1667 27.71
1668 27.62
1669 27.56
1670 27.45
1671 27.49
1672 27.35
1673 27.10
1674 27.08
1675 27.01
1676 26.95
1677 26.85
1678 26.66
1679 26.66
1680 26.52
1681 26.36
1682 26.36
1683 26.24
1684 26.13
1685 26.10
1686 25.97
1687 25.85
1688 25.77
1689 25.75
1690 25.56
