1 66.05
2 66.09
3 66.21
4 66.05
5 66.13
6 66.20
7 66.03
8 65.69
9 65.39
10 65.15
11 64.99
12 64.81
13 64.86
14 64.55
15 64.20
16 63.93
17 63.97
18 63.92
19 63.78
20 63.72
21 63.28
22 63.21
23 63.04
24 63.02
25 63.02
26 63.05
27 63.05
28 63.05
29 63.09
30 63.14
31 63.25
32 63.14
33 63.37
34 63.43
35 63.56
36 63.39
37 63.53
38 63.74
39 63.74
40 63.88
41 63.93
42 63.98
43 64.06
44 63.97
45 64.17
46 64.25
47 64.35
48 64.47
49 64.57
50 64.50
51 64.70
52 64.59
53 64.73
54 64.80
55 64.79
56 64.83
57 64.87
58 64.99
59 64.97
60 65.11
61 65.16
62 65.21
63 65.34
64 65.35
65 65.45
66 65.48
67 65.49
68 65.67
69 65.53
70 65.62
71 65.57
72 65.68
73 65.83
74 65.76
75 65.86
76 65.79
77 65.83
78 66.05
79 65.80
80 65.94
81 66.05
82 65.99
83 66.07
84 66.09
85 66.10
86 66.11
87 66.14
88 66.19
89 66.21
90 66.17
91 66.27
92 66.17
93 66.25
94 66.31
95 66.31
96 66.44
97 66.39
98 66.27
99 66.39
100 66.39
101 66.41
102 66.37
103 66.43
104 66.53
105 66.57
106 66.54
107 66.47
108 66.50
109 66.69
110 66.55
111 66.62
112 66.73
113 66.75
114 66.73
115 66.76
116 66.80
117 66.77
118 66.69
119 66.61
120 66.81
121 66.75
122 66.85
123 66.87
124 66.70
125 66.90
126 66.88
127 66.91
128 66.88
129 66.86
130 66.72
131 66.84
132 66.66
133 66.79
134 66.92
135 66.88
136 67.04
137 67.10
138 67.01
139 66.89
140 67.09
141 66.96
142 66.87
143 67.16
144 67.04
145 67.07
146 67.05
147 67.10
148 66.96
149 67.06
150 67.10
151 67.03
152 66.99
153 67.07
154 67.26
155 67.25
156 67.22
157 67.16
158 67.24
159 67.13
160 67.08
161 67.10
162 67.12
163 67.20
164 67.10
165 67.21
166 67.15
167 67.23
168 67.22
169 67.31
170 67.19
171 67.22
172 67.14
173 67.20
174 67.32
175 67.22
176 67.18
177 67.37
178 67.31
179 67.29
180 67.26
181 67.29
182 67.24
183 67.19
184 67.33
185 67.27
186 67.37
187 67.37
188 67.24
189 67.29
190 67.43
191 67.37
192 67.36
193 67.47
194 67.41
195 67.36
196 67.50
197 67.51
198 67.53
199 67.54
200 67.33
201 67.49
202 67.46
203 67.36
204 67.49
205 67.53
206 67.55
207 67.46
208 67.59
209 67.47
210 67.41
211 67.51
212 67.50
213 67.59
214 67.49
215 67.51
216 67.52
217 67.65
218 67.49
219 67.48
220 67.53
221 67.52
222 67.57
223 67.45
224 67.55
225 67.66
226 67.63
227 67.70
228 67.64
229 67.59
230 67.57
231 67.59
232 67.65
233 67.49
234 67.63
235 67.71
236 67.63
237 67.61
238 67.53
239 67.77
240 67.69
241 67.59
242 67.76
243 67.70
244 67.74
245 67.74
246 67.74
247 67.69
248 67.68
249 67.78
250 67.68
251 67.59
252 67.61
253 67.78
254 67.78
255 67.86
256 67.71
257 67.91
258 67.82
259 67.74
260 67.78
261 67.67
262 67.88
263 67.82
264 67.79
265 67.77
266 67.79
267 67.95
268 67.90
269 67.82
270 67.78
271 67.82
272 67.72
273 67.81
274 67.78
275 67.93
276 68.00
277 67.95
278 67.90
279 67.95
280 67.78
281 67.90
282 67.88
283 67.89
284 67.89
285 67.93
286 68.01
287 68.01
288 67.93
289 67.96
290 68.01
291 67.92
292 67.88
293 67.91
294 68.05
295 68.07
296 68.03
297 68.08
298 68.13
299 68.23
300 68.11
301 68.03
302 68.01
303 68.02
304 68.01
305 68.03
306 68.04
307 68.02
308 68.04
309 68.05
310 68.18
311 68.06
312 68.07
313 68.16
314 68.21
315 68.15
316 68.01
317 68.03
318 68.07
319 68.09
320 68.08
321 68.12
322 68.15
323 68.10
324 68.09
325 68.15
326 68.09
327 68.00
328 68.12
329 68.14
330 68.10
331 68.11
332 68.14
333 68.19
334 68.15
335 68.22
336 68.15
337 68.22
338 68.25
339 68.17
340 68.22
341 68.20
342 68.16
343 68.10
344 68.19
345 68.34
346 68.37
347 68.31
348 68.42
349 68.31
350 68.25
351 68.37
352 68.24
353 68.23
354 68.27
355 68.26
356 68.32
357 68.44
358 68.47
359 68.38
360 68.38
361 68.43
362 68.41
363 68.41
364 68.29
365 68.42
366 68.34
367 68.50
368 68.44
369 68.39
370 68.46
371 68.34
372 68.41
373 68.41
374 68.33
375 68.47
376 68.41
377 68.47
378 68.61
379 68.42
380 68.55
381 68.48
382 68.59
383 68.44
384 68.58
385 68.40
386 68.48
387 68.51
388 68.44
389 68.56
390 68.54
391 68.65
392 68.63
393 68.65
394 68.55
395 68.53
396 68.60
397 68.66
398 68.53
399 68.56
400 68.52
401 68.64
402 68.70
403 68.75
404 68.66
405 68.61
406 68.69
407 68.75
408 68.73
409 68.66
410 68.61
411 68.76
412 68.64
413 68.60
414 68.69
415 68.78
416 68.81
417 68.87
418 68.80
419 68.72
420 68.81
421 68.82
422 68.72
423 68.64
424 68.70
425 68.69
426 68.82
427 68.86
428 68.78
429 68.74
430 68.78
431 68.95
432 68.91
433 68.85
434 68.82
435 68.91
436 68.78
437 68.84
438 68.88
439 68.81
440 68.83
441 68.78
442 68.90
443 68.98
444 69.05
445 68.99
446 68.98
447 69.07
448 68.93
449 68.97
450 68.91
451 68.86
452 68.82
453 68.95
454 68.96
455 68.90
456 68.98
457 69.01
458 69.03
459 69.03
460 69.01
461 69.00
462 69.00
463 68.97
464 68.99
465 69.05
466 69.00
467 69.05
468 69.14
469 69.14
470 69.22
471 69.19
472 69.13
473 69.06
474 69.13
475 69.12
476 69.20
477 69.19
478 68.97
479 69.20
480 69.19
481 69.27
482 69.18
483 69.21
484 69.06
485 69.19
486 69.25
487 69.18
488 69.10
489 69.13
490 69.24
491 69.20
492 69.29
493 69.37
494 69.19
495 69.34
496 69.37
497 69.26
498 69.27
499 69.20
500 69.31
501 69.25
502 69.39
503 69.29
504 69.34
505 69.36
506 69.46
507 69.30
508 69.33
509 69.31
510 69.43
511 69.38
512 69.30
513 69.37
514 69.38
515 69.50
516 69.35
517 69.37
518 69.23
519 69.48
520 69.42
521 69.33
522 69.51
523 69.37
524 69.49
525 69.51
526 69.50
527 69.48
528 69.50
529 69.44
530 69.51
531 69.46
532 69.50
533 69.55
534 69.47
535 69.68
536 69.59
537 69.50
538 69.60
539 69.55
540 69.63
541 69.48
542 69.52
543 69.61
544 69.60
545 69.56
546 69.68
547 69.61
548 69.64
549 69.75
550 69.63
551 69.61
552 69.60
553 69.54
554 69.53
555 69.56
556 69.64
557 69.75
558 69.70
559 69.73
560 69.69
561 69.74
562 69.74
563 69.69
564 69.61
565 69.74
566 69.71
567 69.84
568 69.84
569 69.79
570 69.78
571 69.82
572 69.78
573 69.74
574 69.69
575 69.77
576 69.95
577 69.86
578 69.92
579 69.75
580 69.85
581 69.93
582 69.78
583 69.88
584 69.88
585 69.82
586 69.89
587 69.82
588 69.83
589 70.02
590 70.03
591 69.84
592 69.93
593 69.96
594 69.93
595 69.86
596 69.91
597 70.06
598 70.03
599 69.95
600 70.04
601 69.93
602 70.08
603 69.99
604 70.10
605 69.97
606 70.05
607 70.06
608 69.95
609 70.17
610 69.91
611 70.12
612 70.09
613 70.11
614 70.13
615 69.91
616 70.04
617 70.10
618 70.14
619 70.03
620 70.11
621 70.14
622 70.10
623 70.24
624 70.11
625 69.95
626 70.27
627 70.16
628 70.17
629 70.09
630 70.16
631 70.27
632 70.28
633 70.14
634 70.29
635 70.34
636 70.38
637 70.23
638 70.17
639 70.14
640 70.24
641 70.28
642 70.30
643 70.26
644 70.20
645 70.27
646 70.38
647 70.35
648 70.34
649 70.34
650 70.25
651 70.25
652 70.31
653 70.32
654 70.30
655 70.31
656 70.50
657 70.47
658 70.42
659 70.49
660 70.43
661 70.37
662 70.38
663 70.42
664 70.38
665 70.37
666 70.48
667 70.47
668 70.62
669 70.51
670 70.45
671 70.42
672 70.42
673 70.50
674 70.45
675 70.61
676 70.47
677 70.52
678 70.50
679 70.56
680 70.51
681 70.60
682 70.51
683 70.51
684 70.49
685 70.55
686 70.61
687 70.65
688 70.60
689 70.60
690 70.52
691 70.61
692 70.73
693 70.63
694 70.62
695 70.53
696 70.62
697 70.73
698 70.72
699 70.72
700 70.69
701 70.74
702 70.69
703 70.53
704 69.97
705 69.02
706 68.71
707 68.44
708 68.36
709 68.32
710 68.20
1 -3.59
2 -3.43
3 -3.16
4 -2.89
5 -2.60
6 -2.06
7 -1.62
8 -1.08
9 -.77
10 -.45
11 .5
12 .24
13 .43
14 .63
15 .98
16 1.27
17 1.08
18 1.11
19 1.33
20 1.34
21 1.52
22 1.55
23 1.82
24 2.06
25 2.72
26 3.48
27 4.15
28 4.69
29 5.45
30 6.29
31 15.58
32 31.17
33 41.63
34 48.31
35 52.23
36 54.44
37 55.65
38 56.57
39 56.87
40 57.01
41 57.22
42 57.38
43 57.44
44 57.53
45 57.62
46 57.62
47 57.81
48 57.71
49 57.72
50 57.66
51 57.72
52 57.67
53 57.75
54 57.80
55 57.79
56 57.83
57 57.89
58 57.87
59 57.83
60 57.88
61 57.83
62 57.85
63 57.83
64 57.12
65 55.45
66 51.88
67 49.28
68 45.74
69 43.54
70 42.25
71 41.53
72 39.40
73 37.58
74 36.17
75 32.39
76 26.64
77 23.17
78 20.78
79 18.80
80 16.88
81 15.17
82 13.54
83 11.99
84 10.55
85 9.30
86 8.18
87 6.99
88 6.04
89 5.11
90 4.27
91 3.55
92 2.84
93 2.26
94 1.64
95 1.11
96 .57
97 .11
98 -.26
99 -.60
100 -.94
101 -1.23
102 -1.50
103 -1.75
104 -1.95
105 -2.24
106 -2.50
107 -2.57
108 -2.80
109 -2.82
110 -2.82
1 -3.89
2 -3.89
3 -4.03
4 -4.16
5 -4.20
6 -4.28
7 -4.56
8 -4.67
9 -4.58
10 -4.59
11 -4.38
12 -4.22
13 -4.25
14 -3.91
15 -3.04
16 -2.17
17 2.59
18 12.44
19 31.43
20 45.35
21 51.98
22 54.92
23 55.94
24 56.46
25 56.67
26 56.80
27 56.86
28 56.74
29 56.82
30 56.78
31 56.82
32 56.89
33 56.87
34 56.86
35 56.81
36 56.82
37 56.71
38 56.79
39 56.85
40 56.79
41 56.80
42 56.69
43 56.74
44 56.70
45 56.74
46 56.69
47 56.73
48 56.73
49 56.67
50 56.77
51 56.74
52 56.58
53 56.61
54 56.55
55 56.65
56 56.57
57 56.47
58 56.62
59 56.56
60 56.53
61 56.44
62 56.46
63 56.45
64 56.48
65 56.58
66 56.54
67 56.57
68 56.49
69 56.49
70 56.59
71 56.55
72 56.55
73 56.49
74 56.56
75 56.61
76 56.56
77 56.58
78 56.59
79 56.52
80 56.57
81 56.56
82 56.58
83 56.50
84 56.56
85 56.55
86 56.55
87 56.56
88 56.58
89 56.60
90 56.58
91 56.60
92 56.57
93 56.64
94 56.51
95 56.54
96 56.58
97 56.49
98 56.65
99 56.72
100 56.65
101 56.63
102 56.50
103 56.50
104 56.56
105 56.42
106 56.49
107 56.50
108 56.56
109 56.49
110 56.45
111 56.50
112 56.49
113 56.52
114 56.47
115 56.49
116 56.53
117 56.53
118 56.53
119 56.55
120 56.45
121 56.43
122 56.52
123 56.50
124 56.43
125 56.49
126 56.49
127 56.51
128 56.46
129 56.44
130 56.60
131 56.42
132 56.40
133 56.47
134 56.46
135 56.48
136 56.51
137 56.43
138 56.49
139 56.55
140 56.62
141 56.46
142 56.51
143 56.51
144 56.55
145 56.48
146 56.48
147 56.56
148 56.55
149 56.43
150 56.50
151 56.47
152 56.50
153 56.52
154 56.58
155 56.51
156 56.59
157 56.52
158 56.47
159 56.50
160 56.47
161 56.51
162 56.62
163 56.55
164 56.60
165 56.53
166 56.59
167 56.52
168 56.56
169 56.53
170 56.61
171 56.51
172 56.65
173 56.57
174 56.63
175 56.47
176 56.55
177 56.51
178 56.63
179 56.57
180 56.61
181 56.53
182 56.59
183 56.60
184 56.60
185 56.56
186 56.66
187 56.61
188 56.65
189 56.49
190 56.62
191 56.64
192 56.62
193 56.56
194 56.59
195 56.60
196 56.57
197 56.59
198 56.62
199 56.62
200 56.64
201 56.61
202 56.60
203 56.63
204 56.58
205 56.55
206 56.64
207 56.60
208 56.69
209 56.57
210 56.55
211 56.69
212 56.58
213 56.58
214 56.66
215 56.61
216 56.68
217 56.64
218 56.63
219 56.61
220 56.74
221 56.69
222 56.62
223 56.62
224 56.67
225 56.75
226 56.69
227 56.65
228 56.74
229 56.65
230 56.60
231 56.60
232 56.65
233 56.68
234 56.70
235 56.68
236 56.69
237 56.72
238 56.70
239 56.75
240 56.78
241 56.75
242 56.75
243 56.70
244 56.72
245 56.83
246 56.78
247 56.79
248 56.74
249 56.74
250 56.77
251 56.79
252 56.74
253 56.76
254 56.78
255 56.81
256 56.82
257 56.80
258 56.79
259 56.85
260 56.78
261 56.78
262 56.85
263 56.77
264 56.73
265 56.86
266 56.78
267 56.87
268 56.93
269 56.76
270 56.94
271 56.85
272 56.88
273 56.85
274 56.84
275 56.86
276 56.91
277 56.91
278 56.84
279 56.91
280 56.89
281 56.92
282 56.93
283 56.82
284 56.86
285 56.93
286 56.99
287 56.89
288 56.93
289 56.93
290 56.95
291 56.90
292 56.96
293 56.89
294 56.99
295 56.87
296 56.93
297 56.93
298 57.02
299 56.93
300 56.99
301 56.98
302 56.91
303 56.90
304 56.95
305 57.00
306 57.03
307 57.03
308 57.05
309 56.89
310 57.05
311 57.06
312 56.96
313 57.02
314 57.04
315 57.04
316 57.06
317 56.96
318 57.00
319 57.01
320 57.08
321 57.08
322 56.97
323 57.09
324 57.15
325 57.10
326 57.20
327 57.05
328 57.05
329 57.14
330 57.06
331 57.12
332 57.09
333 57.04
334 57.14
335 57.13
336 57.11
337 57.09
338 57.12
339 57.10
340 57.13
341 57.12
342 57.20
343 57.15
344 57.15
345 57.18
346 57.24
347 57.21
348 57.21
349 57.13
350 57.20
351 57.09
352 57.15
353 57.21
354 57.20
355 57.27
356 57.22
357 57.15
358 57.14
359 57.25
360 57.15
361 57.18
362 57.21
363 57.18
364 57.24
365 57.27
366 57.20
367 57.11
368 57.17
369 57.11
370 57.24
371 57.26
372 57.33
373 57.33
374 57.21
375 57.16
376 57.20
377 57.21
378 57.23
379 57.26
380 57.36
381 57.33
382 57.32
383 57.32
384 57.21
385 57.30
386 57.26
387 57.32
388 57.26
389 57.27
390 57.34
391 57.41
392 57.33
393 57.24
394 57.35
395 57.28
396 57.35
397 57.25
398 57.32
399 57.34
400 57.34
401 57.40
402 57.45
403 57.36
404 57.36
405 57.27
406 57.33
407 57.36
408 57.46
409 57.47
410 57.38
411 57.43
412 57.39
413 57.42
414 57.39
415 57.36
416 57.32
417 57.42
418 57.38
419 57.31
420 57.41
421 57.50
422 57.39
423 57.36
424 57.36
425 57.43
426 57.45
427 57.39
428 57.44
429 57.42
430 57.40
431 57.45
432 57.39
433 57.44
434 57.36
435 57.39
436 57.44
437 57.45
438 57.53
439 57.50
440 57.44
441 57.51
442 57.39
443 57.47
444 57.37
445 57.53
446 57.45
447 57.55
448 57.60
449 57.57
450 57.57
451 57.57
452 57.55
453 57.48
454 57.49
455 57.57
456 57.59
457 57.52
458 57.51
459 57.60
460 57.58
461 57.53
462 57.48
463 57.57
464 57.53
465 57.59
466 57.58
467 57.59
468 57.60
469 57.63
470 57.57
471 57.59
472 57.70
473 57.63
474 57.58
475 57.61
476 57.64
477 57.60
478 57.63
479 57.63
480 57.59
481 57.59
482 57.63
483 57.60
484 57.57
485 57.72
486 57.67
487 57.67
488 57.56
489 57.56
490 57.62
491 57.62
492 57.59
493 57.64
494 57.60
495 57.64
496 57.62
497 57.57
498 57.58
499 57.66
500 57.62
501 57.68
502 57.62
503 57.66
504 57.68
505 57.71
506 57.60
507 57.61
508 57.62
509 57.69
510 57.62
511 57.66
512 57.69
513 57.64
514 57.67
515 57.64
516 57.68
517 57.56
518 57.71
519 57.66
520 57.73
521 57.82
522 57.72
523 57.65
524 57.57
525 57.65
526 57.64
527 57.69
528 57.72
529 57.70
530 57.79
531 57.74
532 57.70
533 57.72
534 57.69
535 57.71
536 57.68
537 57.66
538 57.67
539 57.69
540 57.86
541 57.76
542 57.81
543 57.74
544 57.73
545 57.72
546 57.71
547 57.85
548 57.78
549 57.80
550 57.79
551 57.80
552 57.80
553 57.79
554 57.80
555 57.81
556 57.89
557 57.90
558 57.84
559 57.87
560 57.81
561 57.76
562 57.75
563 57.79
564 57.82
565 57.80
566 57.86
567 57.84
568 57.81
569 57.81
570 57.83
571 57.80
572 57.80
573 57.85
574 57.80
575 57.87
576 57.88
577 57.87
578 57.85
579 57.87
580 57.92
581 57.81
582 57.88
583 57.88
584 57.90
585 57.87
586 57.82
587 57.88
588 57.97
589 57.87
590 57.84
591 57.93
592 57.95
593 57.88
594 57.86
595 57.89
596 57.87
597 58.02
598 57.91
599 57.93
600 57.87
601 57.93
602 57.92
603 57.87
604 57.85
605 57.90
606 58.01
607 57.92
608 57.96
609 57.89
610 57.99
611 57.87
612 57.92
613 57.88
614 57.92
615 57.90
616 57.95
617 57.91
618 57.88
619 57.99
620 57.92
621 57.85
622 57.81
623 57.96
624 57.94
625 57.82
626 57.88
627 57.92
628 57.99
629 57.87
630 57.88
631 57.88
632 57.86
633 57.82
634 57.93
635 57.94
636 57.88
637 57.96
638 57.97
639 57.94
640 58.01
641 57.94
642 57.92
643 57.88
644 57.97
645 57.97
646 57.99
647 57.95
648 57.92
649 58.00
650 57.97
651 57.97
652 57.94
653 58.02
654 58.04
655 57.97
656 58.01
657 58.04
658 57.95
659 57.99
660 57.96
661 57.95
662 57.99
663 58.05
664 58.04
665 58.05
666 57.99
667 58.10
668 58.06
669 57.90
670 58.08
671 58.11
672 58.03
673 57.95
674 58.04
675 58.03
676 58.07
677 58.03
678 58.03
679 58.04
680 58.02
681 57.97
682 58.11
683 57.97
684 58.10
685 58.05
686 58.05
687 58.08
688 57.98
689 58.03
690 58.04
691 58.07
692 58.01
693 58.02
694 58.10
695 58.07
696 58.10
697 58.00
698 58.01
699 58.01
700 57.99
701 58.07
702 58.11
703 58.17
704 58.08
705 58.01
706 58.09
707 58.05
708 58.05
709 57.95
710 58.08
711 58.17
712 58.11
713 58.04
714 58.02
715 58.13
716 58.10
717 58.05
718 58.03
719 58.05
720 58.15
721 58.10
722 58.06
723 58.09
724 58.06
725 58.05
726 58.11
727 58.04
728 58.04
729 58.08
730 58.13
731 58.18
732 58.09
733 58.12
734 58.15
735 58.08
736 58.02
737 58.13
738 58.08
739 58.06
740 58.08
741 58.11
742 58.11
743 58.15
744 58.09
745 58.09
746 58.08
747 58.12
748 58.12
749 58.06
750 58.10
751 58.15
752 58.05
753 57.99
754 58.15
755 58.11
756 58.09
757 58.15
758 58.08
759 58.23
760 58.06
761 58.12
762 58.11
763 58.11
764 58.20
765 58.07
766 58.07
767 58.25
768 58.17
769 58.14
770 58.20
771 58.12
772 58.11
773 58.13
774 58.16
775 58.13
776 58.11
777 58.23
778 58.15
779 58.05
780 58.15
781 58.17
782 58.16
783 58.10
784 58.13
785 58.16
786 58.10
787 58.15
788 58.10
789 58.24
790 58.13
791 58.18
792 58.10
793 58.20
794 58.10
795 58.14
796 58.20
797 58.16
798 58.14
799 58.17
800 58.20
801 58.09
802 58.13
803 58.09
804 58.22
805 58.16
806 58.21
807 58.13
808 58.23
809 58.18
810 58.17
811 58.22
812 58.18
813 58.17
814 58.14
815 58.19
816 58.20
817 58.18
818 58.21
819 58.25
820 58.18
821 58.17
822 58.21
823 58.14
824 58.17
825 58.13
826 58.27
827 58.22
828 58.22
829 58.22
830 58.25
831 58.11
832 58.24
833 58.19
834 58.22
835 58.18
836 58.18
837 58.13
838 58.23
839 58.30
840 58.22
841 58.04
842 58.18
843 58.22
844 58.27
845 58.25
846 58.10
847 58.22
848 58.20
849 58.14
850 58.25
851 58.24
852 58.18
853 58.27
854 58.23
855 58.21
856 58.27
857 58.16
858 58.24
859 58.17
860 58.16
861 58.17
862 58.34
863 58.17
864 58.21
865 58.30
866 58.22
867 58.20
868 58.24
869 58.29
870 58.18
871 58.17
872 58.13
873 58.26
874 58.25
875 58.25
876 58.28
877 58.19
878 58.23
879 58.24
880 58.20
881 58.34
882 58.24
883 58.24
884 58.32
885 58.22
886 58.19
887 58.20
888 58.24
889 58.21
890 58.20
891 58.30
892 58.32
893 58.27
894 58.23
895 58.17
896 58.31
897 58.29
898 58.22
899 58.29
900 58.22
901 58.25
902 58.35
903 58.27
904 58.35
905 58.21
906 58.18
907 58.21
908 58.25
909 58.25
910 58.34
911 58.27
912 58.22
913 58.28
914 58.36
915 58.24
916 58.25
917 58.23
918 58.27
919 58.26
920 58.36
921 58.18
922 58.36
923 58.27
924 58.21
925 58.27
926 58.25
927 58.25
928 58.35
929 58.29
930 58.38
931 58.25
932 58.28
933 58.24
934 58.22
935 58.20
936 58.24
937 58.25
938 58.24
939 58.38
940 58.35
941 58.36
942 58.25
943 58.26
944 58.27
945 58.33
946 58.23
947 58.30
948 58.36
949 58.38
950 58.37
951 58.29
952 58.28
953 58.25
954 58.27
955 58.27
956 58.32
957 58.36
958 58.49
959 58.45
960 58.38
961 58.28
962 58.40
963 58.31
964 58.34
965 58.25
966 58.29
967 58.34
968 58.29
969 58.39
970 58.32
971 58.34
972 58.32
973 58.28
974 58.32
975 58.23
976 58.29
977 58.37
978 58.26
979 58.33
980 58.41
981 58.32
982 58.36
983 58.31
984 58.37
985 58.34
986 58.40
987 58.24
988 58.32
989 58.32
990 58.43
991 58.37
992 58.25
993 58.29
994 58.28
995 58.38
996 58.29
997 58.37
998 58.33
999 58.29
1000 58.38
1001 58.33
1002 58.30
1003 58.32
1004 58.36
1005 58.36
1006 58.34
1007 58.45
1008 58.43
1009 58.42
1010 58.33
1011 58.32
1012 58.37
1013 58.25
1014 58.37
1015 58.36
1016 58.34
1017 58.37
1018 58.33
1019 58.42
1020 58.31
1021 58.37
1022 58.36
1023 58.26
1024 58.29
1025 58.37
1026 58.33
1027 58.32
1028 58.31
1029 58.32
1030 58.30
1031 58.39
1032 58.42
1033 58.35
1034 58.40
1035 58.27
1036 58.39
1037 58.40
1038 58.27
1039 58.34
1040 58.32
1041 58.36
1042 58.34
1043 58.36
1044 58.34
1045 58.34
1046 58.41
1047 58.41
1048 58.35
1049 58.38
1050 58.29
1051 58.45
1052 58.37
1053 58.35
1054 58.36
1055 58.39
1056 58.40
1057 58.36
1058 58.34
1059 58.33
1060 58.39
1061 58.30
1062 58.30
1063 58.36
1064 58.41
1065 58.38
1066 58.31
1067 58.38
1068 58.36
1069 58.28
1070 58.33
1071 58.36
1072 58.39
1073 58.38
1074 58.40
1075 58.38
1076 58.32
1077 58.40
1078 58.40
1079 58.31
1080 58.38
1081 58.39
1082 58.40
1083 58.32
1084 58.50
1085 58.40
1086 58.37
1087 58.43
1088 58.34
1089 58.30
1090 58.38
1091 58.39
1092 58.43
1093 58.38
1094 58.40
1095 58.39
1096 58.42
1097 58.39
1098 58.33
1099 58.38
1100 58.44
1101 58.47
1102 58.35
1103 58.33
1104 58.48
1105 58.47
1106 58.41
1107 58.35
1108 58.38
1109 58.41
1110 58.36
1111 58.38
1112 58.49
1113 58.51
1114 58.41
1115 58.37
1116 58.42
1117 58.37
1118 58.36
1119 58.34
1120 58.37
1121 58.43
1122 58.40
1123 58.45
1124 58.35
1125 58.36
1126 58.39
1127 58.40
1128 58.28
1129 58.40
1130 58.36
1131 58.43
1132 58.32
1133 58.41
1134 58.35
1135 58.46
1136 58.43
1137 58.41
1138 58.27
1139 58.42
1140 58.48
1141 58.42
1142 58.40
1143 58.43
1144 58.42
1145 58.42
1146 58.41
1147 58.40
1148 58.44
1149 58.38
1150 58.50
1151 58.47
1152 58.41
1153 58.37
1154 58.39
1155 58.32
1156 58.32
1157 58.37
1158 58.39
1159 58.49
1160 58.47
1161 58.47
1162 58.41
1163 58.47
1164 58.45
1165 58.47
1166 58.37
1167 58.43
1168 58.40
1169 58.43
1170 58.34
1171 58.41
1172 58.46
1173 58.42
1174 58.44
1175 58.31
1176 58.41
1177 58.43
1178 58.45
1179 58.43
1180 58.45
1181 58.47
1182 58.45
1183 58.46
1184 58.59
1185 58.56
1186 58.47
1187 58.45
1188 58.36
1189 58.47
1190 58.55
1191 58.47
1192 58.55
1193 58.48
1194 58.47
1195 58.44
1196 58.47
1197 58.43
1198 58.50
1199 58.48
1200 58.60
1201 58.50
1202 58.50
1203 58.45
1204 58.45
1205 58.47
1206 58.43
1207 58.52
1208 58.51
1209 58.41
1210 58.48
1211 58.57
1212 58.54
1213 58.43
1214 58.47
1215 58.36
1216 58.46
1217 58.45
1218 58.52
1219 58.54
1220 58.48
1221 58.52
1222 58.52
1223 58.48
1224 58.44
1225 58.52
1226 58.52
1227 58.51
1228 58.43
1229 58.48
1230 58.57
1231 58.60
1232 58.48
1233 58.44
1234 58.48
1235 58.41
1236 58.47
1237 58.42
1238 58.48
1239 58.51
1240 58.51
1241 58.57
1242 58.54
1243 58.48
1244 58.55
1245 58.44
1246 58.47
1247 58.48
1248 58.50
1249 58.52
1250 58.53
1251 58.49
1252 58.62
1253 58.60
1254 58.45
1255 58.47
1256 58.49
1257 58.49
1258 58.54
1259 58.45
1260 58.57
1261 58.65
1262 58.57
1263 58.45
1264 58.50
1265 58.45
1266 58.46
1267 58.52
1268 58.48
1269 58.52
1270 58.53
1271 58.50
1272 58.60
1273 58.50
1274 58.52
1275 58.54
1276 58.50
1277 58.52
1278 58.51
1279 58.58
1280 58.54
1281 58.59
1282 58.57
1283 58.51
1284 58.50
1285 58.56
1286 58.50
1287 58.50
1288 58.49
1289 58.50
1290 58.57
1291 58.58
1292 58.64
1293 58.57
1294 58.61
1295 58.55
1296 58.57
1297 58.49
1298 58.46
1299 58.49
1300 58.56
1301 58.52
1302 58.53
1303 58.51
1304 58.67
1305 58.56
1306 58.53
1307 58.52
1308 58.57
1309 58.48
1310 58.56
1311 58.50
1312 58.57
1313 58.59
1314 58.57
1315 58.50
1316 58.58
1317 58.49
1318 58.57
1319 58.56
1320 58.57
1321 58.62
1322 58.60
1323 58.50
1324 58.59
1325 58.57
1326 58.60
1327 58.56
1328 58.61
1329 58.60
1330 58.58
1331 58.67
1332 58.64
1333 58.60
1334 58.59
1335 58.57
1336 58.69
1337 58.49
1338 58.56
1339 58.56
1340 58.61
1341 58.56
1342 58.64
1343 58.69
1344 58.62
1345 58.61
1346 58.49
1347 58.52
1348 58.62
1349 58.53
1350 58.50
1351 58.66
1352 58.55
1353 58.57
1354 58.64
1355 58.48
1356 58.55
1357 58.57
1358 58.58
1359 58.53
1360 58.56
1361 58.61
1362 58.68
1363 58.58
1364 58.62
1365 58.50
1366 58.55
1367 58.49
1368 58.57
1369 58.57
1370 58.65
1371 58.57
1372 58.57
1373 58.59
1374 58.64
1375 58.63
1376 58.56
1377 58.63
1378 58.48
1379 58.67
1380 58.61
1381 58.63
1382 58.57
1383 58.68
1384 58.59
1385 58.56
1386 58.59
1387 58.58
1388 58.66
1389 58.65
1390 58.66
1391 58.61
1392 58.62
1393 58.58
1394 58.63
1395 58.57
1396 58.52
1397 58.63
1398 58.70
1399 58.56
1400 58.79
1401 58.64
1402 58.69
1403 58.63
1404 58.66
1405 58.55
1406 58.59
1407 58.61
1408 58.52
1409 58.61
1410 58.59
1411 58.71
1412 58.58
1413 58.68
1414 58.66
1415 58.73
1416 58.66
1417 58.66
1418 58.66
1419 58.60
1420 58.68
1421 58.73
1422 58.64
1423 58.70
1424 58.67
1425 58.64
1426 58.59
1427 58.60
1428 58.64
1429 58.68
1430 58.63
1431 58.68
1432 58.72
1433 58.72
1434 58.73
1435 58.59
1436 58.62
1437 58.74
1438 58.66
1439 58.66
1440 58.70
1441 58.74
1442 58.67
1443 58.71
1444 58.61
1445 58.66
1446 58.66
1447 58.70
1448 58.69
1449 58.62
1450 58.70
1451 58.66
1452 58.72
1453 58.63
1454 58.67
1455 58.76
1456 58.68
1457 58.71
1458 58.68
1459 58.66
1460 58.73
1461 58.64
1462 58.62
1463 58.69
1464 58.72
1465 58.68
1466 58.63
1467 58.71
1468 58.69
1469 58.64
1470 58.70
1471 58.73
1472 58.66
1473 58.57
1474 58.70
1475 58.66
1476 58.72
1477 58.72
1478 58.66
1479 58.67
1480 58.74
1481 58.69
1482 58.78
1483 58.66
1484 58.75
1485 58.65
1486 58.64
1487 58.67
1488 58.68
1489 58.74
1490 58.68
1491 58.66
1492 58.72
1493 58.66
1494 58.73
1495 58.72
1496 58.72
1497 58.63
1498 58.71
1499 58.77
1500 58.70
1501 58.73
1502 58.68
1503 58.72
1504 58.80
1505 58.79
1506 58.72
1507 58.81
1508 58.81
1509 58.76
1510 58.70
1511 58.68
1512 58.71
1513 58.71
1514 58.70
1515 58.81
1516 58.79
1517 58.84
1518 58.77
1519 58.69
1520 58.64
1521 58.84
1522 58.62
1523 58.75
1524 58.72
1525 58.73
1526 58.77
1527 58.76
1528 58.79
1529 58.76
1530 58.75
1531 58.76
1532 58.74
1533 58.71
1534 58.71
1535 58.79
1536 58.73
1537 58.62
1538 58.77
1539 58.72
1540 58.72
1541 58.71
1542 58.74
1543 58.72
1544 58.74
1545 58.75
1546 58.70
1547 58.71
1548 58.80
1549 58.76
1550 58.76
1551 58.81
1552 58.75
1553 58.87
1554 58.80
1555 58.87
1556 58.81
1557 58.72
1558 58.76
1559 58.80
1560 58.86
1561 58.82
1562 58.86
1563 58.74
1564 58.80
1565 58.83
1566 58.77
1567 58.75
1568 58.82
1569 58.80
1570 58.82
1571 58.82
1572 58.81
1573 58.75
1574 58.70
1575 58.77
1576 58.75
1577 58.86
1578 58.76
1579 58.76
1580 58.81
1581 58.73
1582 58.82
1583 58.81
1584 58.83
1585 58.93
1586 58.91
1587 58.80
1588 58.81
1589 58.87
1590 58.77
1591 58.75
1592 58.84
1593 58.82
1594 58.83
1595 58.65
1596 58.54
1597 58.46
1598 58.35
1599 58.18
1600 57.16
1601 54.95
1602 52.82
1603 43.56
1604 27.73
1605 18.55
1606 13.68
1607 10.89
1608 9.76
1609 9.14
1610 7.66
1611 7.75
