1 18.19
2 18.11
3 18.00
4 18.02
5 18.07
6 18.02
7 17.87
8 17.85
9 17.77
10 17.69
11 17.64
12 17.68
13 17.66
14 17.57
15 17.56
16 17.56
17 17.49
18 17.47
19 17.38
20 17.34
21 17.32
22 17.40
23 17.27
24 17.30
25 17.23
26 17.22
27 17.19
28 17.31
29 17.90
30 19.19
31 37.64
32 45.09
33 48.74
34 55.04
35 57.99
36 58.93
37 59.30
38 59.35
39 59.58
40 59.45
41 59.58
42 59.57
43 59.55
44 59.45
45 59.56
46 59.56
47 59.59
48 59.38
49 59.49
50 59.58
51 59.54
52 59.50
53 59.46
54 59.41
55 59.44
56 59.32
57 59.29
58 59.46
59 59.48
60 59.40
61 59.35
62 59.22
63 59.29
64 59.18
65 59.31
66 59.23
67 59.20
68 59.20
69 59.23
70 59.20
71 59.19
72 59.22
73 59.01
74 58.95
75 59.04
76 59.07
77 59.11
78 58.89
79 58.88
80 58.83
81 58.88
82 58.76
83 58.60
84 58.65
85 58.78
86 58.86
87 58.85
88 58.82
89 58.77
90 58.75
91 58.72
92 58.91
93 58.94
94 58.93
95 59.04
96 58.66
97 58.92
98 58.79
99 58.77
100 58.75
101 58.86
102 58.83
103 58.87
104 58.75
105 58.68
106 58.82
107 58.77
108 58.67
109 58.73
110 58.85
111 58.83
112 58.84
113 58.73
114 58.89
115 58.84
116 58.75
117 58.64
118 58.77
119 58.79
120 58.71
121 58.57
122 58.75
123 58.68
124 58.63
125 58.69
126 58.62
127 58.72
128 58.77
129 58.60
130 58.79
131 58.63
132 58.68
133 58.62
134 58.68
135 58.66
136 58.70
137 58.71
138 58.62
139 58.64
140 58.68
141 58.64
142 58.60
143 58.58
144 58.80
145 58.72
146 58.79
147 58.65
148 58.56
149 58.61
150 58.52
151 58.55
152 58.67
153 58.60
154 58.58
155 58.56
156 58.56
157 58.66
158 58.73
159 58.69
160 58.50
161 58.58
162 58.60
163 58.53
164 58.43
165 58.48
166 58.60
167 58.69
168 58.60
169 58.49
170 58.46
171 58.50
172 58.55
173 58.53
174 58.63
175 58.45
176 58.56
177 58.63
178 58.54
179 58.51
180 58.54
181 58.65
182 58.45
183 58.50
184 58.44
185 58.54
186 58.49
187 58.54
188 58.50
189 58.49
190 58.51
191 58.47
192 58.40
193 58.47
194 58.50
195 58.56
196 58.49
197 58.51
198 58.39
199 58.48
200 58.55
201 58.56
202 58.53
203 58.40
204 58.38
205 58.42
206 58.58
207 58.57
208 58.44
209 58.54
210 58.51
211 58.44
212 58.50
213 58.55
214 58.42
215 58.44
216 58.38
217 58.48
218 58.57
219 58.56
220 58.46
221 58.54
222 58.44
223 58.52
224 58.40
225 58.53
226 58.41
227 58.33
228 58.54
229 58.48
230 58.45
231 58.65
232 58.41
233 58.37
234 58.27
235 58.43
236 58.50
237 58.41
238 58.54
239 58.47
240 58.49
241 58.48
242 58.38
243 58.47
244 58.54
245 58.45
246 58.53
247 58.45
248 58.57
249 58.38
250 58.47
251 58.35
252 58.36
253 58.38
254 58.41
255 58.38
256 58.50
257 58.50
258 58.42
259 58.48
260 58.31
261 58.26
262 58.32
263 58.24
264 58.41
265 58.40
266 58.32
267 58.39
268 58.37
269 58.40
270 58.39
271 58.50
272 58.60
273 58.45
274 58.34
275 58.32
276 58.36
277 58.42
278 58.55
279 58.45
280 58.57
281 58.47
282 58.56
283 58.29
284 58.37
285 58.32
286 58.50
287 58.47
288 58.50
289 58.36
290 58.49
291 58.24
292 58.36
293 58.53
294 58.43
295 58.47
296 58.45
297 58.45
298 58.50
299 58.50
300 58.32
301 58.56
302 58.47
303 58.51
304 58.31
305 58.37
306 58.57
307 58.45
308 58.34
309 58.38
310 58.36
311 58.46
312 58.35
313 58.42
314 58.38
315 58.38
316 58.45
317 58.43
318 58.40
319 58.48
320 58.32
321 58.49
322 58.53
323 58.57
324 58.50
325 58.48
326 58.47
327 58.40
328 58.49
329 58.38
330 58.55
331 58.43
332 58.47
333 58.46
334 58.40
335 58.45
336 58.50
337 58.39
338 58.49
339 58.46
340 58.55
341 58.54
342 58.53
343 58.51
344 58.45
345 58.55
346 58.41
347 58.38
348 58.27
349 58.61
350 58.46
351 58.38
352 58.42
353 58.42
354 58.36
355 58.43
356 58.57
357 58.48
358 58.57
359 58.29
360 58.47
361 58.49
362 58.55
363 58.48
364 58.56
365 58.44
366 58.52
367 58.50
368 58.43
369 58.44
370 58.45
371 58.37
372 58.47
373 58.56
374 58.45
375 58.38
376 58.32
377 58.41
378 58.47
379 58.40
380 58.45
381 58.48
382 58.37
383 58.41
384 58.47
385 58.46
386 58.39
387 58.53
388 58.43
389 58.45
390 58.46
391 58.40
392 58.52
393 58.57
394 58.45
395 58.45
396 58.53
397 58.56
398 58.31
399 58.45
400 58.51
401 58.39
402 58.47
403 58.52
404 58.54
405 58.47
406 58.40
407 58.48
408 58.44
409 58.46
410 58.57
411 58.50
412 58.50
413 58.60
414 58.46
415 58.52
416 58.44
417 58.47
418 58.49
419 58.50
420 58.51
421 58.50
422 58.55
423 58.54
424 58.30
425 58.44
426 58.58
427 58.52
428 58.49
429 58.59
430 58.34
431 58.32
432 58.42
433 58.51
434 58.63
435 58.57
436 58.52
437 58.48
438 58.57
439 58.50
440 58.51
441 58.52
442 58.60
443 58.54
444 58.49
445 58.58
446 58.41
447 58.46
448 58.48
449 58.46
450 58.50
451 58.54
452 58.53
453 58.59
454 58.36
455 58.43
456 58.43
457 58.69
458 58.56
459 58.55
460 58.64
461 58.61
462 58.53
463 58.47
464 58.43
465 58.52
466 58.61
467 58.47
468 58.71
469 58.50
470 58.48
471 58.53
472 58.47
473 58.61
474 58.51
475 58.43
476 58.69
477 58.67
478 58.61
479 58.37
480 58.48
481 58.53
482 58.55
483 58.54
484 58.57
485 58.49
486 58.50
487 58.50
488 58.53
489 58.52
490 58.50
491 58.44
492 58.52
493 58.60
494 58.55
495 58.56
496 58.59
497 58.61
498 58.63
499 58.63
500 58.54
501 58.48
502 58.42
503 58.48
504 58.48
505 58.47
506 58.51
507 58.47
508 58.55
509 58.50
510 58.58
511 58.51
512 58.59
513 58.60
514 58.58
515 58.45
516 58.58
517 58.43
518 58.42
519 58.52
520 58.42
521 58.63
522 58.61
523 58.52
524 58.50
525 58.60
526 58.57
527 58.45
528 58.50
529 58.52
530 58.54
531 58.68
532 58.58
533 58.43
534 58.59
535 58.54
536 58.50
537 58.52
538 58.52
539 58.61
540 58.61
541 58.56
542 58.62
543 58.47
544 58.56
545 58.47
546 58.35
547 58.53
548 58.63
549 58.58
550 58.57
551 58.61
552 58.47
553 58.57
554 58.50
555 58.61
556 58.57
557 58.52
558 58.54
559 58.49
560 58.72
561 58.57
562 58.44
563 58.43
564 58.49
565 58.60
566 58.72
567 58.51
568 58.65
569 58.64
570 58.55
571 58.56
572 58.55
573 58.70
574 58.46
575 58.55
576 58.51
577 58.60
578 58.66
579 58.61
580 58.61
581 58.43
582 58.47
583 58.41
584 58.46
585 58.57
586 58.63
587 58.61
588 58.55
589 58.39
590 58.50
591 58.47
592 58.44
593 58.52
594 58.49
595 58.68
596 58.62
597 58.58
598 58.46
599 58.48
600 58.50
601 58.46
602 58.62
603 58.50
604 58.62
605 58.64
606 58.56
607 58.52
608 58.57
609 58.53
610 58.46
611 58.47
612 58.57
613 58.55
614 58.64
615 58.70
616 58.54
617 58.53
618 58.36
619 58.42
620 58.60
621 58.56
622 58.54
623 58.62
624 58.66
625 58.62
626 58.64
627 58.50
628 58.57
629 58.41
630 58.65
631 58.59
632 58.73
633 58.64
634 58.62
635 58.55
636 58.44
637 58.50
638 58.59
639 58.55
640 58.61
641 58.51
642 58.47
643 58.51
644 58.43
645 58.50
646 58.58
647 58.60
648 58.58
649 58.43
650 58.56
651 58.50
652 58.47
653 58.61
654 58.62
655 58.63
656 58.68
657 58.43
658 58.54
659 58.66
660 58.47
661 58.52
662 58.51
663 58.48
664 58.49
665 58.46
666 58.58
667 58.52
668 58.46
669 58.29
670 58.44
671 58.66
672 58.59
673 58.39
674 58.60
675 58.55
676 58.45
677 58.46
678 58.50
679 58.56
680 58.47
681 58.60
682 58.53
683 58.53
684 58.53
685 58.47
686 58.53
687 58.63
688 58.59
689 58.57
690 58.45
691 58.63
692 58.58
693 58.52
694 58.48
695 58.54
696 58.62
697 58.49
698 58.55
699 58.63
700 58.55
701 58.63
702 58.58
703 58.43
704 58.53
705 58.56
706 58.55
707 58.38
708 58.50
709 58.52
710 58.52
711 58.66
712 58.47
713 58.40
714 58.46
715 58.39
716 58.48
717 58.61
718 58.57
719 58.64
720 58.53
721 58.32
722 58.37
723 58.44
724 58.51
725 58.29
726 58.45
727 58.54
728 58.40
729 58.40
730 58.57
731 58.55
732 58.48
733 58.47
734 58.60
735 58.53
736 58.54
737 58.55
738 58.49
739 58.58
740 58.63
741 58.49
742 58.57
743 58.60
744 58.55
745 58.47
746 58.35
747 58.37
748 58.43
749 58.46
750 58.59
751 58.72
752 58.48
753 58.48
754 58.43
755 58.46
756 58.50
757 58.55
758 58.42
759 58.48
760 58.38
761 58.47
762 58.50
763 58.52
764 58.57
765 58.32
766 58.46
767 58.50
768 58.57
769 58.51
770 58.52
771 58.34
772 58.43
773 58.53
774 58.43
775 58.40
776 58.48
777 58.38
778 58.61
779 58.61
780 58.44
781 58.49
782 58.33
783 58.38
784 58.40
785 58.41
786 58.57
787 58.55
788 58.46
789 58.48
790 58.29
791 58.49
792 58.42
793 58.48
794 58.58
795 58.43
796 58.44
797 58.47
798 58.50
799 58.45
800 58.54
801 58.45
802 58.54
803 58.44
804 58.50
805 58.48
806 58.48
807 58.45
808 58.39
809 58.45
810 58.52
811 58.57
812 58.54
813 58.40
814 58.52
815 58.49
816 58.45
817 58.41
818 58.43
819 58.47
820 58.48
821 58.45
822 58.67
823 58.42
824 58.59
825 58.36
826 58.44
827 58.58
828 58.59
829 58.63
830 58.39
831 58.47
832 58.52
833 58.43
834 58.46
835 58.47
836 58.52
837 58.59
838 58.50
839 58.45
840 58.61
841 58.38
842 58.58
843 58.53
844 58.37
845 58.51
846 58.52
847 58.34
848 58.41
849 58.63
850 58.43
851 58.35
852 58.40
853 58.44
854 58.52
855 58.43
856 58.36
857 58.44
858 58.47
859 58.57
860 58.45
861 58.50
862 58.50
863 58.41
864 58.33
865 58.45
866 58.38
867 58.47
868 58.50
869 58.42
870 58.40
871 58.46
872 58.38
873 58.28
874 58.52
875 58.42
876 58.36
877 58.43
878 58.52
879 58.27
880 58.43
881 58.40
882 58.35
883 58.49
884 58.40
885 58.54
886 58.51
887 58.40
888 58.49
889 58.47
890 58.43
891 58.35
892 58.35
893 58.42
894 58.56
895 58.68
896 58.48
897 58.50
898 58.54
899 58.32
900 58.37
901 58.48
902 58.45
903 58.45
904 58.31
905 58.50
906 58.47
907 58.31
908 58.38
909 58.45
910 58.48
911 58.47
912 58.45
913 58.58
914 58.50
915 58.45
916 58.50
917 58.34
918 58.36
919 58.30
920 58.43
921 58.51
922 58.47
923 58.43
924 58.37
925 58.39
926 58.32
927 58.34
928 58.53
929 58.46
930 58.47
931 58.47
932 58.45
933 58.34
934 58.32
935 58.32
936 58.56
937 58.34
938 58.34
939 58.40
940 58.40
941 58.36
942 58.19
943 58.43
944 58.32
945 58.59
946 58.39
947 58.47
948 58.60
949 58.54
950 58.39
951 58.50
952 58.41
953 58.49
954 58.50
955 58.53
956 58.39
957 58.44
958 58.40
959 58.39
960 58.41
961 58.57
962 58.55
963 58.35
964 58.43
965 58.41
966 58.28
967 58.45
968 58.43
969 58.47
970 58.48
971 58.40
972 58.32
973 58.34
974 58.39
975 58.33
976 58.57
977 58.48
978 58.41
979 58.48
980 58.31
981 58.31
982 58.35
983 58.36
984 58.42
985 58.31
986 58.46
987 58.40
988 58.40
989 58.40
990 58.42
991 58.48
992 58.56
993 58.41
994 58.45
995 58.39
996 58.34
997 58.41
998 58.36
999 58.41
1000 58.31
1001 58.45
1002 58.41
1003 58.45
1004 58.51
1005 58.47
1006 58.30
1007 58.40
1008 58.36
1009 58.44
1010 58.47
1011 58.40
1012 58.34
1013 58.39
1014 58.41
1015 58.42
1016 58.37
1017 58.34
1018 58.43
1019 58.60
1020 58.31
1021 58.41
1022 58.40
1023 58.31
1024 58.32
1025 58.31
1026 58.45
1027 58.38
1028 58.47
1029 58.43
1030 58.43
1031 58.48
1032 58.42
1033 58.29
1034 58.39
1035 58.38
1036 58.33
1037 58.37
1038 58.37
1039 58.38
1040 58.61
1041 58.36
1042 58.40
1043 58.40
1044 58.39
1045 58.37
1046 58.44
1047 58.38
1048 58.47
1049 58.42
1050 58.31
1051 58.28
1052 58.31
1053 58.30
1054 58.36
1055 58.38
1056 58.42
1057 58.45
1058 58.30
1059 58.33
1060 58.41
1061 58.27
1062 58.38
1063 58.36
1064 58.55
1065 58.39
1066 58.33
1067 58.39
1068 58.48
1069 58.33
1070 58.27
1071 58.37
1072 58.48
1073 58.41
1074 58.31
1075 58.41
1076 58.40
1077 58.44
1078 58.40
1079 58.45
1080 58.45
1081 58.34
1082 58.22
1083 58.41
1084 58.34
1085 58.45
1086 58.44
1087 58.43
1088 58.37
1089 58.28
1090 58.33
1091 58.36
1092 58.34
1093 58.27
1094 58.38
1095 58.39
1096 58.29
1097 58.40
1098 58.32
1099 58.52
1100 58.37
1101 58.37
1102 58.38
1103 58.29
1104 58.29
1105 58.43
1106 58.40
1107 58.32
1108 58.35
1109 58.36
1110 58.32
1111 58.35
1112 58.40
1113 58.47
1114 58.39
1115 58.35
1116 58.25
1117 58.29
1118 58.31
1119 58.37
1120 58.43
1121 58.47
1122 58.42
1123 58.40
1124 58.38
1125 58.31
1126 58.18
1127 58.48
1128 58.36
1129 58.31
1130 58.41
1131 58.48
1132 58.45
1133 58.25
1134 58.41
1135 58.29
1136 58.36
1137 58.36
1138 58.43
1139 58.38
1140 58.26
1141 58.27
1142 58.38
1143 58.35
1144 58.39
1145 58.34
1146 58.44
1147 58.41
1148 58.34
1149 58.37
1150 58.27
1151 58.34
1152 58.28
1153 58.54
1154 58.38
1155 58.32
1156 58.18
1157 58.43
1158 58.38
1159 58.50
1160 58.38
1161 58.52
1162 58.43
1163 58.47
1164 58.20
1165 58.34
1166 58.34
1167 58.42
1168 58.35
1169 58.41
1170 58.33
1171 58.35
1172 58.44
1173 58.48
1174 58.44
1175 58.43
1176 58.38
1177 58.40
1178 58.34
1179 58.37
1180 58.31
1181 58.48
1182 58.58
1183 58.36
1184 58.27
1185 58.34
1186 58.32
1187 58.30
1188 58.38
1189 58.38
1190 58.42
1191 58.32
1192 58.36
1193 58.32
1194 58.38
1195 58.37
1196 58.50
1197 58.44
1198 58.35
1199 58.34
1200 58.42
1201 58.25
1202 58.43
1203 58.36
1204 58.40
1205 58.27
1206 58.46
1207 58.34
1208 58.39
1209 58.42
1210 58.39
1211 58.34
1212 58.27
1213 58.29
1214 58.24
1215 58.48
1216 58.41
1217 58.39
1218 58.41
1219 58.52
1220 58.37
1221 58.36
1222 58.39
1223 58.45
1224 58.22
1225 58.24
1226 58.33
1227 58.35
1228 58.32
1229 58.42
1230 58.38
1231 58.38
1232 58.31
1233 58.43
1234 58.25
1235 58.48
1236 58.48
1237 58.38
1238 58.31
1239 58.40
1240 58.37
1241 58.56
1242 58.32
1243 58.38
1244 58.31
1245 58.39
1246 58.48
1247 58.32
1248 58.52
1249 58.51
1250 58.40
1251 58.38
1252 58.33
1253 58.30
1254 58.35
1255 58.40
1256 58.40
1257 58.44
1258 58.40
1259 58.43
1260 58.42
1261 58.32
1262 58.38
1263 58.37
1264 58.48
1265 58.36
1266 58.41
1267 58.36
1268 58.33
1269 58.33
1270 58.43
1271 58.38
1272 58.38
1273 58.32
1274 58.44
1275 58.37
1276 58.34
1277 58.53
1278 58.40
1279 58.45
1280 58.41
1281 58.35
1282 58.47
1283 58.41
1284 58.36
1285 58.32
1286 58.36
1287 58.45
1288 58.38
1289 58.31
1290 58.38
1291 58.36
1292 58.29
1293 58.36
1294 58.36
1295 58.38
1296 58.37
1297 58.23
1298 58.29
1299 58.40
1300 58.40
1301 58.42
1302 58.38
1303 58.41
1304 58.27
1305 58.40
1306 58.40
1307 58.47
1308 58.36
1309 58.41
1310 58.38
1311 58.19
1312 58.31
1313 58.39
1314 58.50
1315 58.34
1316 58.49
1317 58.47
1318 58.35
1319 58.33
1320 58.39
1321 58.53
1322 58.45
1323 58.49
1324 58.41
1325 58.32
1326 58.26
1327 58.57
1328 58.54
1329 58.48
1330 58.31
1331 58.25
1332 58.58
1333 58.32
1334 58.33
1335 58.46
1336 58.50
1337 58.35
1338 58.35
1339 58.49
1340 58.46
1341 58.37
1342 58.36
1343 58.41
1344 58.29
1345 58.35
1346 58.37
1347 58.37
1348 58.35
1349 58.40
1350 58.31
1351 58.34
1352 58.30
1353 58.40
1354 58.31
1355 58.31
1356 58.25
1357 58.32
1358 58.29
1359 58.42
1360 58.44
1361 58.35
1362 58.49
1363 58.29
1364 58.39
1365 58.41
1366 58.37
1367 58.47
1368 58.46
1369 58.41
1370 58.41
1371 58.45
1372 58.38
1373 58.54
1374 58.38
1375 58.41
1376 58.54
1377 58.37
1378 58.33
1379 58.41
1380 58.43
1381 58.52
1382 58.42
1383 58.38
1384 58.32
1385 58.37
1386 58.51
1387 58.59
1388 58.45
1389 58.28
1390 58.40
1391 58.37
1392 58.34
1393 58.26
1394 58.49
1395 58.40
1396 58.40
1397 58.31
1398 58.40
1399 58.27
1400 58.39
1401 58.39
1402 58.46
1403 58.33
1404 58.47
1405 58.45
1406 58.38
1407 58.34
1408 58.43
1409 58.29
1410 58.41
1411 58.32
1412 58.40
1413 58.51
1414 58.53
1415 58.43
1416 58.45
1417 58.37
1418 58.26
1419 58.47
1420 58.46
1421 58.36
1422 58.25
1423 58.35
1424 58.30
1425 58.34
1426 58.38
1427 58.53
1428 58.40
1429 58.44
1430 58.27
1431 58.47
1432 58.46
1433 58.37
1434 58.48
1435 58.64
1436 58.41
1437 58.38
1438 58.38
1439 58.56
1440 58.45
1441 58.45
1442 58.51
1443 58.29
1444 58.45
1445 58.44
1446 58.57
1447 58.42
1448 58.44
1449 58.56
1450 58.40
1451 58.39
1452 58.46
1453 58.48
1454 58.59
1455 58.39
1456 58.44
1457 58.40
1458 58.49
1459 58.56
1460 58.46
1461 58.48
1462 58.42
1463 58.51
1464 58.41
1465 58.40
1466 58.41
1467 58.50
1468 58.52
1469 58.45
1470 58.29
1471 58.57
1472 58.45
1473 58.39
1474 58.39
1475 58.42
1476 58.42
1477 58.45
1478 58.41
1479 58.40
1480 58.50
1481 58.53
1482 58.47
1483 58.56
1484 58.31
1485 58.35
1486 58.34
1487 58.55
1488 58.46
1489 58.49
1490 58.54
1491 58.42
1492 58.48
1493 58.36
1494 58.48
1495 58.46
1496 58.48
1497 58.46
1498 58.55
1499 58.46
1500 58.43
1501 58.47
1502 58.42
1503 58.55
1504 58.32
1505 58.50
1506 58.48
1507 58.42
1508 58.50
1509 58.51
1510 58.56
1511 58.41
1512 58.45
1513 58.52
1514 58.37
1515 58.40
1516 58.50
1517 58.43
1518 58.46
1519 58.43
1520 58.44
1521 58.47
1522 58.53
1523 58.33
1524 58.56
1525 58.57
1526 58.36
1527 58.42
1528 58.40
1529 58.47
1530 58.51
1531 58.52
1532 58.52
1533 58.44
1534 58.47
1535 58.57
1536 58.52
1537 58.57
1538 58.40
1539 58.40
1540 58.44
1541 58.44
1542 58.50
1543 58.48
1544 58.61
1545 58.59
1546 58.43
1547 58.38
1548 58.41
1549 58.47
1550 58.49
1551 58.59
1552 58.55
1553 58.42
1554 58.34
1555 58.50
1556 58.38
1557 58.55
1558 58.55
1559 58.44
1560 58.37
1561 58.45
1562 58.48
1563 58.35
1564 58.43
1565 58.53
1566 58.55
1567 58.43
1568 58.50
1569 58.43
1570 58.38
1571 58.56
1572 58.57
1573 58.65
1574 58.43
1575 58.43
1576 58.48
1577 58.41
1578 58.56
1579 58.46
1580 58.48
1581 58.54
1582 58.40
1583 58.42
1584 58.55
1585 58.46
1586 58.61
1587 58.48
1588 58.55
1589 58.50
1590 58.52
1591 58.49
1592 58.48
1593 58.40
1594 58.50
1595 58.54
1596 58.44
1597 58.52
1598 58.51
1599 58.43
1600 58.41
1601 58.61
1602 58.64
1603 58.40
1604 58.55
1605 58.60
1606 58.47
1607 58.42
1608 58.60
1609 58.60
1610 58.57
1611 58.45
1612 58.48
1613 58.39
1614 58.48
1615 58.48
1616 58.50
1617 58.63
1618 58.45
1619 58.48
1620 58.45
1621 58.38
1622 58.52
1623 58.59
1624 58.45
1625 58.58
1626 58.45
1627 58.39
1628 58.58
1629 58.51
1630 58.56
1631 58.62
1632 58.42
1633 58.37
1634 58.53
1635 58.52
1636 58.54
1637 58.41
1638 58.60
1639 58.56
1640 58.44
1641 58.46
1642 58.61
1643 58.45
1644 58.45
1645 58.57
1646 58.46
1647 58.45
1648 58.58
1649 58.54
1650 58.55
1651 58.43
1652 58.42
1653 58.42
1654 58.59
1655 58.42
1656 58.51
1657 58.47
1658 58.65
1659 58.43
1660 58.43
1661 58.48
1662 58.48
1663 58.45
1664 58.35
1665 58.49
1666 58.60
1667 58.48
1668 58.41
1669 58.54
1670 58.46
1671 58.43
1672 58.59
1673 58.51
1674 58.45
1675 58.72
1676 58.53
1677 58.48
1678 58.47
1679 58.48
1680 58.54
1681 58.47
1682 58.62
1683 58.67
1684 58.54
1685 58.39
1686 58.38
1687 58.57
1688 58.47
1689 58.46
1690 58.47
1691 58.64
1692 58.48
1693 58.35
1694 58.57
1695 58.57
1696 58.46
1697 58.52
1698 58.64
1699 58.64
1700 58.52
1701 58.55
1702 58.37
1703 58.45
1704 58.60
1705 58.56
1706 58.58
1707 58.50
1708 58.44
1709 58.47
1710 58.58
1711 58.59
1712 58.57
1713 58.69
1714 58.61
1715 58.61
1716 58.48
1717 58.54
1718 58.47
1719 58.59
1720 58.57
1721 58.71
1722 58.45
1723 58.65
1724 58.62
1725 58.50
1726 58.49
1727 58.58
1728 58.38
1729 58.45
1730 58.64
1731 58.64
1732 58.68
1733 58.61
1734 58.50
1735 58.50
1736 58.59
1737 58.53
1738 58.47
1739 58.52
1740 58.57
1741 58.59
1742 58.56
1743 58.59
1744 58.52
1745 58.64
1746 58.50
1747 58.47
1748 58.50
1749 58.52
1750 58.53
1751 58.72
1752 58.55
1753 58.71
1754 58.72
1755 58.63
1756 58.64
1757 58.43
1758 58.46
1759 58.57
1760 58.48
1761 58.60
1762 58.56
1763 58.62
1764 58.65
1765 58.53
1766 58.47
1767 58.58
1768 58.51
1769 58.69
1770 58.61
1771 58.49
1772 58.61
1773 58.56
1774 58.57
1775 58.66
1776 58.56
1777 58.52
1778 58.58
1779 58.57
1780 58.42
1781 58.56
1782 58.67
1783 58.78
1784 58.61
1785 58.61
1786 58.64
1787 58.61
1788 58.54
1789 58.58
1790 58.54
1791 58.58
1792 58.48
1793 58.61
1794 58.54
1795 58.53
1796 58.70
1797 58.60
1798 58.67
1799 58.57
1800 58.56
1801 58.53
1802 58.69
1803 58.56
1804 58.59
1805 58.68
1806 58.60
1807 58.62
1808 58.60
1809 58.45
1810 58.57
1811 58.69
1812 58.57
1813 58.46
1814 58.61
1815 58.59
1816 58.61
1817 58.77
1818 58.60
1819 58.63
1820 58.56
1821 58.49
1822 58.70
1823 58.59
1824 58.70
1825 58.57
1826 58.65
1827 58.66
1828 58.71
1829 58.52
1830 58.62
1831 58.63
1832 58.63
1833 58.73
1834 58.68
1835 58.55
1836 58.51
1837 58.66
1838 58.60
1839 58.59
1840 58.47
1841 58.56
1842 58.50
1843 58.61
1844 58.69
1845 58.63
1846 58.59
1847 58.69
1848 58.60
1849 58.50
1850 58.57
1851 58.59
1852 58.47
1853 58.68
1854 58.65
1855 58.67
1856 58.63
1857 58.60
1858 58.55
1859 58.42
1860 58.68
1861 58.63
1862 58.49
1863 58.66
1864 58.66
1865 58.73
1866 58.75
1867 58.63
1868 58.75
1869 58.64
1870 58.65
1871 58.58
1872 58.60
1873 58.64
1874 58.70
1875 58.67
1876 58.57
1877 58.66
1878 58.61
1879 58.62
1880 58.69
1881 58.54
1882 58.68
1883 58.82
1884 58.67
1885 58.70
1886 58.65
1887 58.72
1888 58.64
1889 58.65
1890 58.63
1891 58.61
1892 58.67
1893 58.64
1894 58.61
1895 58.61
1896 58.72
1897 58.69
1898 58.64
1899 58.61
1900 58.48
1901 58.72
1902 58.57
1903 58.66
1904 58.63
1905 58.71
1906 58.60
1907 58.74
1908 58.63
1909 58.66
1910 58.65
1911 58.74
1912 58.73
1913 58.69
1914 58.63
1915 58.83
1916 58.78
1917 58.67
1918 58.56
1919 58.68
1920 58.85
1921 58.58
1922 58.63
1923 58.55
1924 58.74
1925 58.74
1926 58.72
1927 58.66
1928 58.77
1929 58.75
1930 58.66
1931 58.64
1932 58.71
1933 58.57
1934 58.63
1935 58.66
1936 58.73
1937 58.71
1938 58.63
1939 58.72
1940 58.68
1941 58.66
1942 58.56
1943 58.53
1944 58.59
1945 58.61
1946 58.79
1947 58.73
1948 58.60
1949 58.72
1950 58.71
1951 58.59
1952 58.77
1953 58.54
1954 58.59
1955 58.68
1956 58.69
1957 58.63
1958 58.64
1959 58.66
1960 58.62
1961 58.67
1962 58.75
1963 58.79
1964 58.67
1965 58.75
1966 58.70
1967 58.67
1968 58.75
1969 58.80
1970 58.66
1971 58.71
1972 58.76
1973 58.58
1974 58.64
1975 58.60
1976 58.74
1977 58.77
1978 58.74
1979 58.65
1980 58.56
1981 58.72
1982 58.69
1983 58.58
1984 58.66
1985 58.64
1986 58.74
1987 58.84
1988 58.73
1989 58.74
1990 58.66
1991 58.74
1992 58.80
1993 58.71
1994 58.79
1995 58.84
1996 58.79
1997 58.76
1998 58.68
1999 58.63
2000 58.75
2001 58.77
2002 58.66
2003 58.64
2004 58.63
2005 58.63
2006 58.60
2007 58.71
2008 58.90
2009 58.64
2010 58.84
2011 58.66
2012 58.68
2013 58.73
2014 58.62
2015 58.66
2016 58.72
2017 58.61
2018 58.75
2019 58.81
2020 58.69
2021 58.72
2022 58.80
2023 58.64
2024 58.82
2025 58.68
2026 58.67
2027 58.77
2028 58.89
2029 58.73
2030 58.66
2031 58.66
2032 58.66
2033 58.75
2034 58.73
2035 58.73
2036 58.72
2037 58.82
2038 58.83
2039 58.65
2040 58.61
2041 58.74
2042 58.65
2043 58.73
2044 58.77
2045 58.80
2046 58.82
2047 58.74
2048 58.84
2049 58.72
2050 58.75
2051 58.72
2052 58.77
2053 58.65
2054 58.73
2055 58.77
2056 58.84
2057 58.64
2058 58.76
2059 58.66
2060 58.69
2061 58.66
2062 58.63
2063 58.80
2064 58.88
2065 58.89
2066 58.79
2067 58.86
2068 58.64
2069 58.77
2070 58.80
2071 58.70
2072 58.78
2073 58.81
2074 58.60
2075 58.76
2076 58.78
2077 58.76
2078 58.80
2079 58.68
2080 58.73
2081 58.77
2082 58.63
2083 58.83
2084 58.71
2085 58.71
2086 58.75
2087 58.69
2088 58.85
2089 58.80
2090 58.66
2091 58.76
2092 58.74
2093 58.83
2094 58.84
2095 58.72
2096 58.75
2097 58.66
2098 58.64
2099 58.67
2100 58.73
2101 58.86
2102 58.82
2103 58.77
2104 58.75
2105 58.75
2106 58.79
2107 58.82
2108 58.78
2109 58.80
2110 58.83
2111 58.82
2112 58.86
2113 58.62
2114 58.72
2115 58.66
2116 58.77
2117 58.76
2118 58.72
2119 58.82
2120 58.77
2121 58.75
2122 58.72
2123 58.80
2124 58.73
2125 58.64
2126 58.80
2127 58.87
2128 58.90
2129 58.63
2130 58.66
2131 58.73
2132 58.59
2133 58.61
2134 58.76
2135 58.89
2136 58.79
2137 58.82
2138 58.79
2139 58.84
2140 58.85
2141 58.72
2142 58.64
2143 58.82
2144 58.86
2145 58.79
2146 58.87
2147 58.66
2148 58.84
2149 58.89
2150 58.74
2151 58.79
2152 58.69
2153 58.82
2154 58.84
2155 58.80
2156 58.83
2157 58.88
2158 58.86
2159 58.71
2160 58.78
2161 58.75
2162 58.75
2163 58.84
2164 58.89
2165 58.86
2166 58.91
2167 58.89
2168 58.75
2169 58.75
2170 58.75
2171 58.76
2172 58.97
2173 58.64
2174 58.84
2175 58.72
2176 58.76
2177 58.78
2178 58.70
2179 58.81
2180 58.80
2181 58.74
2182 58.85
2183 58.84
2184 58.84
2185 58.85
2186 58.66
2187 58.75
2188 58.77
2189 58.83
2190 58.73
2191 58.84
2192 58.83
2193 58.93
2194 58.88
2195 58.82
2196 58.72
2197 58.72
2198 58.68
2199 58.75
2200 58.75
2201 58.89
2202 58.83
2203 58.87
2204 58.80
2205 58.77
2206 58.63
2207 58.79
2208 58.70
2209 58.85
2210 58.86
2211 58.86
2212 58.75
2213 58.88
2214 58.84
2215 58.80
2216 58.72
2217 58.74
2218 58.77
2219 58.89
2220 58.76
2221 58.79
2222 58.81
2223 58.80
2224 58.66
2225 58.75
2226 58.85
2227 58.84
2228 58.86
2229 58.86
2230 58.78
2231 58.86
2232 58.82
2233 58.75
2234 58.73
2235 58.81
2236 58.90
2237 58.68
2238 58.75
2239 58.79
2240 58.75
2241 58.71
2242 58.90
2243 58.87
2244 58.91
2245 58.71
2246 58.84
2247 58.87
2248 58.79
2249 58.79
2250 58.86
2251 58.98
2252 58.84
2253 58.83
2254 58.66
2255 58.93
2256 58.68
2257 58.63
2258 58.68
2259 58.97
2260 58.82
2261 59.11
2262 58.84
2263 58.90
2264 58.81
2265 58.76
2266 58.86
2267 58.80
2268 58.79
2269 58.85
2270 58.90
2271 58.85
2272 58.83
2273 58.83
2274 58.83
2275 58.84
2276 58.87
2277 58.84
2278 58.91
2279 58.71
2280 58.80
2281 58.93
2282 58.93
2283 58.77
2284 58.78
2285 58.78
2286 58.91
2287 58.93
2288 58.78
2289 58.81
2290 58.91
2291 58.79
2292 58.84
2293 58.98
2294 58.83
2295 58.87
2296 58.69
2297 58.88
2298 58.90
2299 58.87
2300 58.98
2301 58.68
2302 58.83
2303 58.73
2304 58.82
2305 58.84
2306 58.79
2307 59.00
2308 58.87
2309 58.93
2310 58.75
2311 58.86
2312 58.92
2313 58.77
2314 58.81
2315 59.00
2316 58.97
2317 58.88
2318 58.78
2319 58.89
2320 58.87
2321 58.73
2322 58.83
2323 58.82
2324 58.95
2325 58.88
2326 58.93
2327 58.96
2328 58.75
2329 58.82
2330 58.73
2331 58.82
2332 58.88
2333 58.97
2334 58.90
2335 58.86
2336 58.84
2337 58.86
2338 58.83
2339 58.90
2340 58.82
2341 58.95
2342 58.93
2343 58.83
2344 58.97
2345 59.04
2346 58.80
2347 58.99
2348 58.98
2349 58.95
2350 58.72
2351 58.81
2352 58.72
2353 58.87
2354 58.86
2355 58.80
2356 58.87
2357 58.95
2358 58.77
2359 58.74
2360 58.73
2361 58.86
2362 58.71
2363 58.87
2364 59.04
2365 58.99
2366 58.90
2367 58.86
2368 58.99
2369 58.90
2370 58.70
2371 58.77
2372 58.82
2373 58.98
2374 59.02
2375 59.00
2376 58.72
2377 58.88
2378 58.95
2379 58.81
2380 58.90
2381 58.80
2382 58.87
2383 59.05
2384 58.75
2385 58.83
2386 58.92
2387 58.72
2388 58.76
2389 59.01
2390 58.90
2391 58.99
2392 58.98
2393 58.89
2394 58.77
2395 58.93
2396 58.81
2397 58.79
2398 58.96
2399 59.03
2400 58.94
2401 58.94
2402 58.87
2403 58.96
2404 58.91
2405 58.90
2406 58.73
2407 58.78
2408 59.01
2409 58.97
2410 58.86
2411 58.92
2412 58.94
2413 58.93
2414 58.79
2415 58.93
2416 58.93
2417 58.83
2418 58.89
2419 58.94
2420 59.07
2421 58.93
2422 59.00
2423 58.92
2424 58.84
2425 58.97
2426 58.96
2427 58.87
2428 58.95
2429 59.08
2430 59.05
2431 58.81
2432 58.88
2433 58.96
2434 58.80
2435 58.96
2436 58.95
2437 58.88
2438 59.02
2439 58.95
2440 58.91
2441 58.87
2442 58.90
2443 58.96
2444 58.85
2445 58.87
2446 59.02
2447 59.09
2448 58.97
2449 58.83
2450 58.77
2451 58.93
2452 58.80
2453 58.83
2454 58.79
2455 58.82
2456 58.92
2457 59.13
2458 58.99
2459 58.91
2460 58.79
2461 58.95
2462 58.91
2463 58.93
2464 58.93
2465 59.02
2466 58.94
2467 59.00
2468 58.94
2469 58.99
2470 58.93
2471 58.94
2472 58.89
2473 58.84
2474 58.93
2475 58.93
2476 58.91
2477 59.02
2478 58.91
2479 59.03
2480 59.01
2481 58.91
2482 59.01
2483 58.95
2484 58.98
2485 59.02
2486 58.93
2487 59.03
2488 58.94
2489 58.93
2490 58.88
2491 58.92
2492 58.90
2493 59.14
2494 58.98
2495 58.90
2496 59.03
2497 58.98
2498 58.96
2499 58.93
2500 58.85
2501 59.00
2502 58.96
2503 58.92
2504 59.00
2505 58.98
2506 59.00
2507 58.96
2508 58.96
2509 59.16
2510 58.89
2511 58.98
2512 58.98
2513 58.98
2514 59.02
2515 59.09
2516 58.89
2517 59.00
2518 58.96
2519 58.98
2520 58.98
2521 58.91
2522 58.96
2523 59.03
2524 59.09
2525 58.85
2526 58.93
2527 59.00
2528 58.94
2529 58.97
2530 58.92
2531 59.03
2532 58.96
2533 59.09
2534 58.93
2535 59.00
2536 58.95
2537 58.83
2538 58.97
2539 58.93
2540 59.00
2541 59.00
2542 59.07
2543 58.98
2544 59.05
2545 59.00
2546 58.86
2547 58.86
2548 58.99
2549 59.04
2550 58.93
2551 59.16
2552 59.09
2553 59.02
2554 58.98
2555 58.87
2556 58.88
2557 58.98
2558 58.98
2559 58.96
2560 58.87
2561 59.00
2562 59.04
2563 59.04
2564 58.88
2565 58.94
2566 58.94
2567 58.95
2568 59.00
2569 59.04
2570 59.08
2571 58.88
2572 59.00
2573 59.10
2574 59.13
2575 58.99
2576 59.00
2577 59.10
2578 59.06
2579 58.79
2580 58.98
2581 58.97
2582 58.96
2583 59.13
2584 58.93
2585 59.09
2586 58.88
2587 58.93
2588 58.93
2589 58.93
2590 59.00
2591 59.03
2592 59.00
2593 59.07
2594 58.91
2595 59.05
2596 59.14
2597 58.88
2598 59.01
2599 59.00
2600 58.95
2601 58.90
2602 58.91
2603 58.87
2604 59.05
2605 59.11
2606 59.03
2607 58.97
2608 59.14
2609 59.08
2610 58.92
2611 58.94
2612 58.89
2613 59.03
2614 59.06
2615 58.88
2616 58.87
2617 59.02
2618 58.97
2619 59.02
2620 58.98
2621 58.97
2622 59.21
2623 59.11
2624 58.95
2625 59.04
2626 59.12
2627 58.89
2628 59.18
2629 59.04
2630 58.99
2631 58.93
2632 59.07
2633 59.04
2634 58.96
2635 59.01
2636 59.07
2637 58.98
2638 58.97
2639 59.07
2640 59.06
2641 58.95
2642 59.16
2643 59.09
2644 59.00
2645 59.01
2646 58.94
2647 59.01
2648 59.04
2649 59.02
2650 58.96
2651 59.13
2652 59.00
2653 58.99
2654 59.02
2655 59.20
2656 59.09
2657 59.05
2658 59.12
2659 59.09
2660 59.04
2661 59.11
2662 59.03
2663 58.98
2664 58.96
2665 59.09
2666 58.95
2667 58.98
2668 58.95
2669 59.04
2670 59.17
2671 59.05
2672 59.03
2673 58.96
2674 59.04
2675 59.05
2676 58.96
2677 59.11
2678 59.05
2679 58.98
2680 58.96
2681 58.89
2682 59.07
2683 59.00
2684 59.00
2685 59.07
2686 59.17
2687 59.13
2688 59.11
2689 59.07
2690 59.16
2691 59.13
2692 59.05
2693 58.95
2694 59.22
2695 59.15
2696 59.07
2697 58.95
2698 59.07
2699 59.13
2700 59.03
2701 59.04
2702 59.04
2703 59.15
2704 58.95
2705 59.08
2706 58.97
2707 59.11
2708 59.04
2709 59.07
2710 59.24
2711 59.02
2712 59.16
2713 58.90
2714 58.99
2715 59.04
2716 58.99
2717 58.98
2718 59.06
2719 59.08
2720 59.07
2721 59.05
2722 59.04
2723 59.07
2724 59.00
2725 59.02
2726 59.01
2727 59.10
2728 59.07
2729 59.07
2730 59.08
2731 59.04
2732 59.07
2733 59.03
2734 59.02
2735 58.93
2736 59.09
2737 59.10
2738 58.98
2739 59.10
2740 58.91
2741 59.07
2742 59.12
2743 58.98
2744 59.04
2745 59.08
2746 59.06
2747 59.19
2748 58.87
2749 59.15
2750 59.11
2751 59.05
2752 59.04
2753 59.02
2754 59.02
2755 59.20
2756 59.04
2757 59.08
2758 59.13
2759 59.08
2760 58.94
2761 59.11
2762 59.09
2763 59.05
2764 59.05
2765 59.03
2766 59.05
2767 59.09
2768 59.07
2769 59.06
2770 59.10
2771 59.17
2772 59.05
2773 59.14
2774 59.10
2775 58.95
2776 59.12
2777 59.10
2778 59.02
2779 59.22
2780 59.07
2781 58.98
2782 58.96
2783 59.04
2784 58.93
2785 59.12
2786 59.18
2787 59.15
2788 59.12
2789 58.93
2790 59.08
2791 58.97
2792 59.16
2793 58.98
2794 59.19
2795 59.24
2796 59.11
2797 58.91
2798 59.15
2799 59.08
2800 59.18
2801 59.07
2802 59.17
2803 59.12
2804 59.12
2805 59.16
2806 59.08
2807 59.07
2808 59.10
2809 59.19
2810 59.16
2811 59.11
2812 59.10
2813 59.00
2814 59.04
2815 59.03
2816 58.93
2817 59.17
2818 59.11
2819 59.09
2820 59.11
2821 59.14
2822 59.11
2823 59.10
2824 59.02
2825 59.16
2826 59.16
2827 59.13
2828 59.07
2829 58.94
2830 59.05
2831 59.20
2832 59.05
2833 59.18
2834 59.11
2835 59.21
2836 59.22
2837 59.11
2838 59.04
2839 59.12
2840 59.15
2841 59.23
2842 59.12
2843 59.16
2844 59.01
2845 59.10
2846 59.09
2847 59.09
2848 58.97
2849 59.06
2850 58.99
2851 59.20
2852 59.17
2853 59.08
2854 59.13
2855 59.20
2856 59.15
2857 59.08
2858 59.11
2859 59.15
2860 59.29
2861 59.23
2862 59.09
2863 59.11
2864 59.08
2865 59.05
2866 59.19
2867 59.04
2868 59.14
2869 59.11
2870 59.13
2871 59.12
2872 58.95
2873 59.26
2874 59.15
2875 59.03
2876 59.22
2877 59.29
2878 59.16
2879 59.14
2880 59.04
2881 59.38
2882 58.98
2883 59.09
2884 58.93
2885 59.06
2886 59.21
2887 59.13
2888 59.18
2889 59.02
2890 59.14
2891 59.23
2892 59.10
2893 59.12
2894 59.09
2895 59.23
2896 59.18
2897 59.22
2898 59.22
2899 59.14
2900 59.12
2901 58.99
2902 59.07
2903 59.15
2904 59.18
2905 59.27
2906 59.23
2907 59.28
2908 59.16
2909 59.16
2910 58.99
2911 59.07
2912 59.23
2913 59.13
2914 59.22
2915 59.15
2916 59.19
2917 59.11
2918 59.06
2919 59.13
2920 59.27
2921 59.11
2922 59.07
2923 59.29
2924 59.02
2925 59.07
2926 59.11
2927 59.15
2928 59.16
2929 59.21
2930 59.25
2931 59.12
2932 59.09
2933 59.16
2934 59.23
2935 59.04
2936 59.19
2937 59.29
2938 59.05
2939 59.24
2940 59.07
2941 59.05
2942 59.07
2943 59.20
2944 59.22
2945 59.23
2946 59.11
2947 59.23
2948 59.16
2949 59.18
2950 59.14
2951 59.18
2952 59.21
2953 59.28
2954 59.09
2955 59.19
2956 59.04
2957 59.19
2958 59.21
2959 59.22
2960 59.16
2961 59.12
2962 59.14
2963 59.13
2964 59.09
2965 59.13
2966 59.06
2967 59.33
2968 59.19
2969 59.11
2970 59.13
2971 59.27
2972 59.04
2973 59.17
2974 59.23
2975 59.10
2976 59.19
2977 59.15
2978 59.02
2979 59.19
2980 59.04
2981 59.38
2982 59.17
2983 59.29
2984 59.07
2985 59.11
2986 59.14
2987 59.14
2988 59.14
2989 59.28
2990 59.19
2991 59.22
2992 59.27
2993 59.12
2994 59.20
2995 59.27
2996 59.11
2997 59.09
2998 59.09
2999 59.28
3000 59.15
3001 59.14
3002 59.11
3003 59.13
3004 59.24
3005 59.18
3006 59.03
3007 59.09
3008 59.23
3009 59.16
3010 59.31
3011 59.22
3012 59.14
3013 59.33
3014 59.08
3015 59.13
3016 59.18
3017 59.25
3018 59.16
3019 59.09
3020 59.08
3021 59.24
3022 59.17
3023 59.09
3024 59.13
3025 59.16
3026 59.24
3027 59.20
3028 59.11
3029 59.15
3030 59.14
3031 59.13
3032 59.14
3033 59.14
3034 59.27
3035 59.18
3036 59.11
3037 59.22
3038 59.32
3039 59.26
3040 59.08
3041 59.17
3042 59.17
3043 59.25
3044 59.22
3045 59.07
3046 59.22
3047 59.20
3048 59.07
3049 59.14
3050 59.25
3051 59.31
3052 59.07
3053 59.16
3054 59.45
3055 59.29
3056 59.13
3057 59.23
3058 59.16
3059 59.25
3060 59.10
3061 59.22
3062 59.04
3063 59.10
3064 59.16
3065 59.27
3066 59.32
3067 59.21
3068 59.27
3069 59.23
3070 59.26
3071 59.22
3072 59.30
3073 59.22
3074 59.10
3075 59.13
3076 59.18
3077 59.20
3078 59.36
3079 59.27
3080 59.19
3081 59.25
3082 59.15
3083 59.14
3084 59.34
3085 59.08
3086 59.28
3087 59.15
3088 59.29
3089 59.18
3090 59.09
3091 59.10
3092 59.18
3093 59.30
3094 59.28
3095 59.32
3096 59.25
3097 59.11
3098 59.22
3099 59.29
3100 59.15
3101 59.32
3102 59.24
3103 59.41
3104 59.36
3105 59.05
3106 59.28
3107 59.31
3108 59.14
3109 59.26
3110 59.29
3111 59.41
3112 59.36
3113 59.25
3114 59.21
3115 59.15
3116 59.24
3117 59.25
3118 59.22
3119 59.21
3120 59.32
3121 59.17
3122 59.14
3123 59.29
3124 59.22
3125 59.25
3126 59.27
3127 59.31
3128 59.37
3129 59.29
3130 59.23
3131 59.02
3132 59.16
3133 59.15
3134 59.29
3135 59.32
3136 59.19
3137 59.30
3138 59.25
3139 59.31
3140 59.23
3141 59.20
3142 59.22
3143 59.32
3144 59.20
3145 59.30
3146 59.40
3147 59.23
3148 59.23
3149 59.19
3150 59.31
3151 59.27
3152 59.31
3153 59.14
3154 59.29
3155 59.21
3156 59.17
3157 59.10
3158 59.25
3159 59.29
3160 59.25
3161 59.25
3162 59.27
3163 59.25
3164 59.26
3165 59.25
3166 59.25
3167 59.25
3168 59.29
3169 59.25
3170 59.36
3171 59.23
3172 59.27
3173 59.19
3174 59.12
3175 59.13
3176 59.18
3177 59.20
3178 59.18
3179 59.31
3180 59.29
3181 59.22
3182 59.16
3183 59.13
3184 59.22
3185 59.20
3186 59.17
3187 59.37
3188 59.30
3189 59.25
3190 59.22
3191 59.17
3192 59.23
3193 59.35
3194 59.21
3195 59.17
3196 59.28
3197 59.39
3198 59.33
3199 59.25
3200 59.15
3201 59.17
3202 59.18
3203 59.32
3204 59.34
3205 59.23
3206 59.23
3207 59.15
3208 59.11
3209 59.23
3210 59.28
3211 59.25
3212 59.24
3213 59.23
3214 59.34
3215 59.38
3216 59.34
3217 59.30
3218 59.22
3219 59.25
3220 59.27
3221 59.07
3222 59.31
3223 59.27
3224 59.28
3225 59.20
3226 59.25
3227 59.29
3228 59.32
3229 59.24
3230 59.36
3231 59.24
3232 59.31
3233 59.26
3234 59.29
3235 59.40
3236 59.38
3237 59.28
3238 59.19
3239 59.23
3240 59.26
3241 59.29
3242 59.29
3243 59.22
3244 59.29
3245 59.34
3246 59.30
3247 59.20
3248 59.30
3249 59.37
3250 59.25
3251 59.36
3252 59.32
3253 59.37
3254 59.23
3255 59.21
3256 59.18
3257 59.37
3258 59.29
3259 59.20
3260 59.31
3261 59.35
3262 59.33
3263 59.22
3264 59.32
3265 59.29
3266 59.20
3267 59.43
3268 59.39
3269 59.31
3270 59.33
3271 59.17
3272 59.29
3273 59.42
3274 59.22
3275 59.54
3276 59.26
3277 59.33
3278 59.38
3279 59.39
3280 59.23
3281 59.18
3282 59.26
3283 59.28
3284 59.47
3285 59.26
3286 59.29
3287 59.33
3288 59.28
3289 59.31
3290 59.36
3291 59.38
3292 59.27
3293 59.28
3294 59.38
3295 59.22
3296 59.23
3297 59.34
3298 59.23
3299 59.34
3300 59.36
3301 59.25
3302 59.37
3303 59.30
3304 59.22
3305 59.22
3306 59.31
3307 59.40
3308 59.27
3309 59.31
3310 59.23
3311 59.30
3312 59.25
3313 59.25
3314 59.30
3315 59.34
3316 59.30
3317 59.38
3318 59.42
3319 59.09
3320 59.15
3321 59.27
3322 59.37
3323 59.32
3324 59.30
3325 59.26
3326 59.34
3327 59.41
3328 59.35
3329 59.40
3330 59.34
3331 59.25
3332 59.40
3333 59.32
3334 59.35
3335 59.22
3336 59.25
3337 59.34
3338 59.44
3339 59.43
3340 59.18
3341 59.35
3342 59.33
3343 59.06
3344 59.25
3345 59.41
3346 59.36
3347 59.38
3348 59.22
3349 59.25
3350 59.33
3351 59.21
3352 59.17
3353 59.22
3354 59.35
3355 59.40
3356 59.31
3357 59.35
3358 59.22
3359 59.41
3360 59.39
3361 59.27
3362 59.24
3363 59.34
3364 59.42
3365 59.33
3366 59.20
3367 59.30
3368 59.39
3369 59.29
3370 59.27
3371 59.34
3372 59.37
3373 59.38
3374 59.34
3375 59.46
3376 59.37
3377 59.27
3378 59.32
3379 59.43
3380 59.29
3381 59.38
3382 59.33
3383 59.40
3384 59.31
3385 59.40
3386 59.26
3387 59.31
3388 59.38
3389 59.31
3390 59.39
3391 59.40
3392 59.36
3393 59.30
3394 59.18
3395 59.20
3396 59.32
3397 59.39
3398 59.37
3399 59.36
3400 59.41
3401 59.35
3402 59.24
3403 59.27
3404 59.37
3405 59.40
3406 59.44
3407 59.29
3408 59.35
3409 59.31
3410 59.33
3411 59.28
3412 59.16
3413 59.29
3414 59.33
3415 59.37
3416 59.34
3417 59.30
3418 59.42
3419 59.25
3420 59.17
3421 59.26
3422 59.41
3423 59.48
3424 59.41
3425 59.29
3426 59.44
3427 59.20
3428 59.32
3429 59.29
3430 59.43
3431 59.36
3432 59.40
3433 59.47
3434 59.44
3435 59.26
3436 59.17
3437 59.17
3438 59.37
3439 59.37
3440 59.48
3441 59.26
3442 59.27
3443 59.33
3444 59.12
3445 59.31
3446 59.28
3447 59.38
3448 59.43
3449 59.32
3450 59.34
3451 59.22
3452 59.26
3453 59.32
3454 59.49
3455 59.42
3456 59.33
3457 59.37
3458 59.47
3459 59.30
3460 59.33
3461 59.22
3462 59.36
3463 59.30
3464 59.47
3465 59.32
3466 59.34
3467 59.40
3468 59.40
3469 59.27
3470 59.23
3471 59.29
3472 59.35
3473 59.47
3474 59.50
3475 59.33
3476 59.36
3477 59.25
3478 59.30
3479 59.28
3480 59.24
3481 59.40
3482 59.35
3483 59.32
3484 59.47
3485 59.50
3486 59.15
3487 59.25
3488 59.23
3489 59.40
3490 59.24
3491 59.36
3492 59.39
3493 59.36
3494 59.34
3495 59.31
3496 59.38
3497 59.50
3498 59.37
3499 59.36
3500 59.32
3501 59.47
3502 59.31
3503 59.34
3504 59.32
3505 59.41
3506 59.34
3507 59.37
3508 59.57
3509 59.45
3510 59.41
3511 59.20
3512 59.32
3513 59.36
3514 59.16
3515 59.26
3516 59.29
3517 59.38
3518 59.43
3519 59.45
3520 59.47
3521 59.36
3522 59.25
3523 59.37
3524 59.27
3525 59.41
3526 59.50
3527 59.54
3528 59.35
3529 59.28
3530 59.28
3531 59.36
3532 59.49
3533 59.33
3534 59.48
3535 59.30
3536 59.39
3537 59.26
3538 59.26
3539 59.36
3540 59.33
3541 59.26
3542 59.47
3543 59.37
3544 59.38
3545 59.37
3546 59.43
3547 59.27
3548 59.25
3549 59.24
3550 59.31
3551 59.49
3552 59.30
3553 59.28
3554 59.23
3555 59.42
3556 59.38
3557 59.53
3558 59.54
3559 59.45
3560 59.37
3561 59.25
3562 59.33
3563 59.38
3564 59.32
3565 59.47
3566 59.54
3567 59.48
3568 59.38
3569 59.34
3570 59.32
3571 59.36
3572 59.36
3573 59.31
3574 59.41
3575 59.29
3576 59.48
3577 59.44
3578 59.41
3579 59.28
3580 59.41
3581 59.31
3582 59.31
3583 59.37
3584 59.43
3585 59.48
3586 59.43
3587 59.23
3588 59.38
3589 59.22
3590 59.32
3591 59.44
3592 59.42
3593 59.37
3594 59.48
3595 59.33
3596 59.24
3597 59.40
3598 59.31
3599 59.35
3600 59.29
3601 59.45
3602 59.41
3603 59.40
3604 59.32
3605 59.23
3606 59.36
3607 59.43
3608 59.42
3609 59.40
3610 59.40
3611 59.25
3612 59.36
3613 59.31
3614 59.37
3615 59.32
3616 59.53
3617 59.51
3618 59.43
3619 59.30
3620 59.33
3621 59.38
3622 59.41
3623 59.45
3624 59.38
3625 59.61
3626 59.54
3627 59.41
3628 59.32
3629 59.29
3630 59.41
3631 59.31
3632 59.23
3633 59.43
3634 59.52
3635 59.49
3636 59.55
3637 59.42
3638 59.46
3639 59.37
3640 59.51
3641 59.28
3642 59.30
3643 59.40
3644 59.56
3645 59.42
3646 59.40
3647 59.29
3648 59.49
3649 59.27
3650 59.29
3651 59.38
3652 59.45
3653 59.49
3654 59.51
3655 59.38
3656 59.37
3657 59.43
3658 59.31
3659 59.45
3660 59.42
3661 59.53
3662 59.51
3663 59.41
3664 59.30
3665 59.47
3666 59.28
3667 59.31
3668 59.52
3669 59.62
3670 59.45
3671 59.38
3672 59.39
3673 59.51
3674 59.40
3675 59.33
3676 59.36
3677 59.39
3678 59.33
3679 59.41
3680 59.32
3681 59.42
3682 59.37
3683 59.44
3684 59.45
3685 59.36
3686 59.40
3687 59.55
3688 59.28
3689 59.33
3690 59.40
3691 59.49
3692 59.33
3693 59.47
3694 59.32
3695 59.53
3696 59.43
3697 59.49
3698 59.48
3699 59.34
3700 59.48
3701 59.39
3702 59.38
3703 59.37
3704 59.36
3705 59.29
3706 59.38
3707 59.61
3708 59.47
3709 59.32
3710 59.38
3711 59.39
3712 59.38
3713 59.40
3714 59.32
3715 59.55
3716 59.39
3717 59.48
3718 59.50
3719 59.42
3720 59.33
3721 59.42
3722 59.46
3723 59.25
3724 59.41
3725 59.44
3726 59.50
3727 59.43
3728 59.44
3729 59.41
3730 59.44
3731 59.41
3732 59.48
3733 59.45
3734 59.39
3735 59.42
3736 59.30
3737 59.43
3738 59.37
3739 59.31
3740 59.25
3741 59.48
3742 59.37
3743 59.44
3744 59.47
3745 59.43
3746 59.57
3747 59.46
3748 59.29
3749 59.34
3750 59.47
3751 59.37
3752 59.48
3753 59.45
3754 59.47
3755 59.39
3756 59.48
3757 59.26
3758 59.35
3759 59.49
3760 59.45
3761 59.52
3762 59.37
3763 59.43
3764 59.45
3765 59.48
3766 59.39
3767 59.56
3768 59.41
3769 59.53
3770 59.48
3771 59.35
3772 59.56
3773 59.49
3774 59.43
3775 59.54
3776 59.52
3777 59.50
3778 59.40
3779 59.36
3780 59.52
3781 59.51
3782 59.48
3783 59.29
3784 59.47
3785 59.40
3786 59.63
3787 59.43
3788 59.48
3789 59.70
3790 59.40
3791 59.34
3792 59.44
3793 59.34
3794 59.53
3795 59.46
3796 59.43
3797 59.48
3798 59.49
3799 59.41
3800 59.41
3801 59.40
3802 59.53
3803 59.32
3804 59.38
3805 59.50
3806 59.34
3807 59.45
3808 59.45
3809 59.49
3810 59.43
3811 59.46
3812 59.40
3813 59.52
3814 59.39
3815 59.47
3816 59.46
3817 59.40
3818 59.57
3819 59.45
3820 59.49
3821 59.46
3822 59.36
3823 59.46
3824 59.44
3825 59.44
3826 59.43
3827 59.43
3828 59.49
3829 59.45
3830 59.59
3831 59.42
3832 59.43
3833 59.47
3834 59.45
3835 59.40
3836 59.39
3837 59.50
3838 59.61
3839 59.41
3840 59.34
3841 59.32
3842 59.45
3843 59.41
3844 59.43
3845 59.49
3846 59.42
3847 59.47
3848 59.46
3849 59.36
3850 59.50
3851 59.48
3852 59.34
3853 59.52
3854 59.62
3855 59.51
3856 59.55
3857 59.36
3858 59.30
3859 59.31
3860 59.45
3861 59.51
3862 59.49
3863 59.60
3864 59.54
3865 59.51
3866 59.46
3867 59.40
3868 59.45
3869 59.51
3870 59.49
3871 59.52
3872 59.53
3873 59.59
3874 59.39
3875 59.43
3876 59.52
3877 59.38
3878 59.38
3879 59.45
3880 59.60
3881 59.45
3882 59.50
3883 59.31
3884 59.32
3885 59.55
3886 59.39
3887 59.49
3888 59.56
3889 59.48
3890 59.59
3891 59.37
3892 59.43
3893 59.38
3894 59.44
3895 59.31
3896 59.43
3897 59.45
3898 59.52
3899 59.45
3900 59.36
3901 59.49
3902 59.51
3903 59.49
3904 59.49
3905 59.36
3906 59.36
3907 59.40
3908 59.40
3909 59.41
3910 59.43
3911 59.55
3912 59.52
3913 59.56
3914 59.43
3915 59.43
3916 59.45
3917 59.40
3918 59.43
3919 59.61
3920 59.52
3921 59.58
3922 59.50
3923 59.42
3924 59.44
3925 59.45
3926 59.50
3927 59.42
3928 59.40
3929 59.52
3930 59.73
3931 59.50
3932 59.48
3933 59.42
3934 59.49
3935 59.55
3936 59.43
3937 59.49
3938 59.44
3939 59.43
3940 59.50
3941 59.44
3942 59.47
3943 59.61
3944 59.45
3945 59.54
3946 59.43
3947 59.45
3948 59.59
3949 59.47
3950 59.53
3951 59.38
3952 59.55
3953 59.58
3954 59.50
3955 59.51
3956 59.41
3957 59.59
3958 59.44
3959 59.58
3960 59.45
3961 59.58
3962 59.65
3963 59.45
3964 59.26
3965 59.45
3966 59.48
3967 59.54
3968 59.40
3969 59.53
3970 59.53
3971 59.49
3972 59.52
3973 59.35
3974 59.55
3975 59.44
3976 59.61
3977 59.56
3978 59.49
3979 59.57
3980 59.45
3981 59.41
3982 59.39
3983 59.52
3984 59.40
3985 59.40
3986 59.47
3987 59.56
3988 59.63
3989 59.41
3990 59.28
3991 59.41
3992 59.50
3993 59.57
3994 59.46
3995 59.55
3996 59.47
3997 59.49
3998 59.49
3999 59.37
4000 59.56
4001 59.31
4002 59.37
4003 59.52
4004 59.59
4005 59.47
4006 59.49
4007 59.32
4008 59.49
4009 59.52
4010 59.51
4011 59.44
4012 59.42
4013 59.50
4014 59.50
4015 59.56
4016 59.41
4017 59.61
4018 59.51
4019 59.46
4020 59.54
4021 59.50
4022 59.34
4023 59.60
4024 59.63
4025 59.47
4026 59.48
4027 59.72
4028 59.50
4029 59.47
4030 59.57
4031 59.34
4032 59.49
4033 59.52
4034 59.47
4035 59.61
4036 59.57
4037 59.51
4038 59.44
4039 59.60
4040 59.43
4041 59.49
4042 59.46
4043 59.49
4044 59.48
4045 59.49
4046 59.54
4047 59.54
4048 59.50
4049 59.49
4050 59.48
4051 59.37
4052 59.49
4053 59.56
4054 59.60
4055 59.61
4056 59.52
4057 59.44
4058 59.65
4059 59.46
4060 59.51
4061 59.48
4062 59.48
4063 59.51
4064 59.48
4065 59.52
4066 59.56
4067 59.59
4068 59.43
4069 59.55
4070 59.49
4071 59.54
4072 59.60
4073 59.52
4074 59.57
4075 59.54
4076 59.44
4077 59.60
4078 59.45
4079 59.50
4080 59.44
4081 59.47
4082 59.46
4083 59.44
4084 59.46
4085 59.58
4086 59.69
4087 59.22
4088 59.45
4089 59.29
4090 59.59
4091 59.52
4092 59.49
4093 59.62
4094 59.62
4095 59.46
4096 59.49
4097 59.47
4098 59.55
4099 59.49
4100 59.41
4101 59.61
4102 59.63
4103 59.63
4104 59.54
4105 59.43
4106 59.54
4107 59.44
4108 59.48
4109 59.31
4110 59.44
4111 59.55
4112 59.49
4113 59.47
4114 59.39
4115 59.55
4116 59.45
4117 59.47
4118 59.50
4119 59.54
4120 59.62
4121 59.51
4122 59.52
4123 59.40
4124 59.57
4125 59.51
4126 59.64
4127 59.47
4128 59.55
4129 59.60
4130 59.53
4131 59.47
4132 59.49
4133 59.56
4134 59.48
4135 59.49
4136 59.47
4137 59.51
4138 59.48
4139 59.51
4140 59.48
4141 59.56
4142 59.60
4143 59.42
4144 59.43
4145 59.43
4146 59.58
4147 59.57
4148 59.51
4149 59.56
4150 59.56
4151 59.63
4152 59.58
4153 59.48
4154 59.49
4155 59.64
4156 59.54
4157 59.60
4158 59.61
4159 59.57
4160 59.66
4161 59.41
4162 59.48
4163 59.49
4164 59.54
4165 59.39
4166 59.56
4167 59.73
4168 59.66
4169 59.54
4170 59.47
4171 59.69
4172 59.63
4173 59.58
4174 59.48
4175 59.32
4176 59.56
4177 59.46
4178 59.57
4179 59.51
4180 59.48
4181 59.49
4182 59.67
4183 59.46
4184 59.41
4185 59.35
4186 59.42
4187 59.56
4188 59.54
4189 59.54
4190 59.55
4191 59.54
4192 59.61
4193 59.49
4194 59.51
4195 59.46
4196 59.52
4197 59.52
4198 59.58
4199 59.59
4200 59.64
4201 59.49
4202 59.56
4203 59.41
4204 59.65
4205 59.39
4206 59.62
4207 59.57
4208 59.59
4209 59.55
4210 59.67
4211 59.49
4212 59.61
4213 59.33
4214 59.61
4215 59.40
4216 59.57
4217 59.42
4218 59.62
4219 59.54
4220 59.52
4221 59.59
4222 59.42
4223 59.49
4224 59.47
4225 59.45
4226 59.60
4227 59.65
4228 59.53
4229 59.50
4230 59.65
4231 59.54
4232 59.45
4233 59.59
4234 59.54
4235 59.52
4236 59.58
4237 59.55
4238 59.55
4239 59.63
4240 59.58
4241 59.40
4242 59.41
4243 59.51
4244 59.42
4245 59.61
4246 59.59
4247 59.65
4248 59.56
4249 59.61
4250 59.56
4251 59.59
4252 59.57
4253 59.45
4254 59.53
4255 59.62
4256 59.40
4257 59.52
4258 59.54
4259 59.49
4260 59.59
4261 59.56
4262 59.47
4263 59.49
4264 59.47
4265 59.54
4266 59.55
4267 59.59
4268 59.59
4269 59.52
4270 59.52
4271 59.53
4272 59.52
4273 59.58
4274 59.41
4275 59.60
4276 59.53
4277 59.62
4278 59.62
4279 59.53
4280 59.59
4281 59.46
4282 59.67
4283 59.54
4284 59.47
4285 59.52
4286 59.67
4287 59.74
4288 59.54
4289 59.69
4290 59.61
4291 59.49
4292 59.44
4293 59.50
4294 59.40
4295 59.57
4296 59.63
4297 59.53
4298 59.58
4299 59.44
4300 59.57
4301 59.67
4302 59.56
4303 59.51
4304 59.58
4305 59.57
4306 59.52
4307 59.56
4308 59.59
4309 59.60
4310 59.51
4311 59.51
4312 59.44
4313 59.69
4314 59.50
4315 59.49
4316 59.48
4317 59.59
4318 59.61
4319 59.58
4320 59.42
4321 59.50
4322 59.73
4323 59.55
4324 59.57
4325 59.50
4326 59.62
4327 59.61
4328 59.67
4329 59.58
4330 59.64
4331 59.70
4332 59.68
4333 59.51
4334 59.54
4335 59.61
4336 59.68
4337 59.70
4338 59.55
4339 59.54
4340 59.58
4341 59.45
4342 59.53
4343 59.58
4344 59.61
4345 59.74
4346 59.62
4347 59.70
4348 59.50
4349 59.55
4350 59.43
4351 59.60
4352 59.56
4353 59.60
4354 59.64
4355 59.70
4356 59.49
4357 59.52
4358 59.58
4359 59.56
4360 59.53
4361 59.64
4362 59.62
4363 59.65
4364 59.64
4365 59.53
4366 59.58
4367 59.51
4368 59.64
4369 59.56
4370 59.61
4371 59.67
4372 59.64
4373 59.58
4374 59.57
4375 59.60
4376 59.62
4377 59.66
4378 59.55
4379 59.60
4380 59.67
4381 59.57
4382 59.43
4383 59.44
4384 59.59
4385 59.71
4386 59.66
4387 59.50
4388 59.63
4389 59.42
4390 59.60
4391 59.59
4392 59.58
4393 59.72
4394 59.70
4395 59.45
4396 59.59
4397 59.63
4398 59.56
4399 59.54
4400 59.66
4401 59.58
4402 59.71
4403 59.50
4404 59.51
4405 59.67
4406 59.49
4407 59.56
4408 59.64
4409 59.54
4410 59.64
4411 59.59
4412 59.60
4413 59.61
4414 59.56
4415 59.46
4416 59.63
4417 59.46
4418 59.61
4419 59.68
4420 59.52
4421 59.68
4422 59.52
4423 59.54
4424 59.54
4425 59.71
4426 59.69
4427 59.46
4428 59.45
4429 59.52
4430 59.68
4431 59.62
4432 59.55
4433 59.58
4434 59.76
4435 59.58
4436 59.66
4437 59.56
4438 59.70
4439 59.69
4440 59.58
4441 59.52
4442 59.58
4443 59.54
4444 59.65
4445 59.62
4446 59.61
4447 59.78
4448 59.60
4449 59.68
4450 59.64
4451 59.68
4452 59.72
4453 59.70
4454 59.56
4455 59.70
4456 59.69
4457 59.56
4458 59.42
4459 59.58
4460 59.57
4461 59.58
4462 59.57
4463 59.60
4464 59.59
4465 59.59
4466 59.65
4467 59.58
4468 59.47
4469 59.62
4470 59.54
4471 59.67
4472 59.65
4473 59.55
4474 59.53
4475 59.59
4476 59.67
4477 59.64
4478 59.63
4479 59.58
4480 59.70
4481 59.44
4482 59.59
4483 59.56
4484 59.63
4485 59.65
4486 59.69
4487 59.66
4488 59.63
4489 59.65
4490 59.49
4491 59.45
4492 59.51
4493 59.60
4494 59.67
4495 59.58
4496 59.57
4497 59.68
4498 59.56
4499 59.45
4500 59.50
4501 59.64
4502 59.73
4503 59.54
4504 59.67
4505 59.61
4506 59.49
4507 59.50
4508 59.58
4509 59.62
4510 59.74
4511 59.58
4512 59.57
4513 59.57
4514 59.56
4515 59.51
4516 59.65
4517 59.59
4518 59.61
4519 59.52
4520 59.58
4521 59.53
4522 59.69
4523 59.51
4524 59.36
4525 59.54
4526 59.60
4527 59.54
4528 59.58
4529 59.80
4530 59.62
4531 59.61
4532 59.65
4533 59.56
4534 59.61
4535 59.57
4536 59.63
4537 59.66
4538 59.60
4539 59.56
4540 59.54
4541 59.47
4542 59.54
4543 59.68
4544 59.56
4545 59.67
4546 59.79
4547 59.72
4548 59.58
4549 59.55
4550 59.55
4551 59.74
4552 59.57
4553 59.55
4554 59.64
4555 59.59
4556 59.49
4557 59.48
4558 59.49
4559 59.63
4560 59.67
4561 59.42
4562 59.67
4563 59.66
4564 59.67
4565 59.52
4566 59.34
4567 59.66
4568 59.61
4569 59.58
4570 59.57
4571 59.61
4572 59.67
4573 59.64
4574 59.63
4575 59.49
4576 59.64
4577 59.65
4578 59.67
4579 59.57
4580 59.52
4581 59.58
4582 59.62
4583 59.47
4584 59.65
4585 59.62
4586 59.55
4587 59.48
4588 59.62
4589 59.67
4590 59.70
4591 59.62
4592 59.66
4593 59.66
4594 59.43
4595 59.55
4596 59.57
4597 59.56
4598 59.72
4599 59.60
4600 59.54
4601 59.50
4602 59.56
4603 59.56
4604 59.55
4605 59.60
4606 59.70
4607 59.66
4608 59.54
4609 59.47
4610 59.67
4611 59.51
4612 59.56
4613 59.60
4614 59.47
4615 59.75
4616 59.63
4617 59.56
4618 59.76
4619 59.65
4620 59.41
4621 59.53
4622 59.62
4623 59.70
4624 59.83
4625 59.63
4626 59.67
4627 59.71
4628 59.51
4629 59.52
4630 59.55
4631 59.57
4632 59.61
4633 59.70
4634 59.58
4635 59.56
4636 59.68
4637 59.56
4638 59.46
4639 59.71
4640 59.70
4641 59.75
4642 59.69
4643 59.74
4644 59.73
4645 59.68
4646 59.58
4647 59.37
4648 59.54
4649 59.66
4650 59.68
4651 59.62
4652 59.60
4653 59.66
4654 59.63
4655 59.56
4656 59.51
4657 59.61
4658 59.50
4659 59.49
4660 59.60
4661 59.65
4662 59.61
4663 59.57
4664 59.60
4665 59.49
4666 59.67
4667 59.56
4668 59.60
4669 59.55
4670 59.65
4671 59.71
4672 59.57
4673 59.57
4674 59.49
4675 59.57
4676 59.55
4677 59.59
4678 59.69
4679 59.85
4680 59.61
4681 59.64
4682 59.59
4683 59.56
4684 59.63
4685 59.58
4686 59.56
4687 59.60
4688 59.67
4689 59.70
4690 59.54
4691 59.67
4692 59.63
4693 59.54
4694 59.65
4695 59.46
4696 59.58
4697 59.51
4698 59.59
4699 59.57
4700 59.59
4701 59.66
4702 59.52
4703 59.61
4704 59.63
4705 59.59
4706 59.61
4707 59.62
4708 59.63
4709 59.70
4710 59.68
4711 59.67
4712 59.54
4713 59.72
4714 59.68
4715 59.58
4716 59.64
4717 59.55
4718 59.61
4719 59.54
4720 59.65
4721 59.88
4722 59.56
4723 59.52
4724 59.50
4725 59.51
4726 59.50
4727 59.72
4728 59.78
4729 59.62
4730 59.83
4731 59.53
4732 59.52
4733 59.85
4734 59.60
4735 59.52
4736 59.55
4737 59.61
4738 59.77
4739 59.65
4740 59.72
4741 59.53
4742 59.77
4743 59.63
4744 59.65
4745 59.60
4746 59.70
4747 59.83
4748 59.65
4749 59.63
4750 59.68
4751 59.68
4752 59.65
4753 59.58
4754 59.65
4755 59.80
4756 59.69
4757 59.61
4758 59.79
4759 59.74
4760 59.69
4761 59.67
4762 59.55
4763 59.72
4764 59.73
4765 59.64
4766 59.58
4767 59.67
4768 59.62
4769 59.62
4770 59.49
4771 59.60
4772 59.51
4773 59.67
4774 59.75
4775 59.56
4776 59.61
4777 59.70
4778 59.72
4779 59.61
4780 59.49
4781 59.67
4782 59.61
4783 59.52
4784 59.62
4785 59.65
4786 59.59
4787 59.67
4788 59.56
4789 59.60
4790 59.36
4791 59.59
4792 59.56
4793 59.62
4794 59.72
4795 59.69
4796 59.63
4797 59.64
4798 59.63
4799 59.49
4800 59.53
4801 59.52
4802 59.59
4803 59.68
4804 59.67
4805 59.64
4806 59.60
4807 59.77
4808 59.66
4809 59.65
4810 59.67
4811 59.65
4812 59.71
4813 59.59
4814 59.43
4815 59.61
4816 59.54
4817 59.52
4818 59.59
4819 59.70
4820 59.61
4821 59.73
4822 59.50
4823 59.65
4824 59.60
4825 59.87
4826 59.70
4827 59.61
4828 59.77
4829 59.62
4830 59.60
4831 59.59
4832 59.63
4833 59.53
4834 59.59
4835 59.72
4836 59.60
4837 59.81
4838 59.62
4839 59.60
4840 59.62
4841 59.63
4842 59.60
4843 59.63
4844 59.61
4845 59.67
4846 59.72
4847 59.67
4848 59.70
4849 59.60
4850 59.63
4851 59.63
4852 59.53
4853 59.62
4854 59.73
4855 59.62
4856 59.67
4857 59.76
4858 59.70
4859 59.66
4860 59.66
4861 59.54
4862 59.75
4863 59.69
4864 59.70
4865 59.78
4866 59.82
4867 59.57
4868 59.54
4869 59.65
4870 59.65
4871 59.61
4872 59.66
4873 59.58
4874 59.61
4875 59.67
4876 59.59
4877 59.50
4878 59.73
4879 59.74
4880 59.70
4881 59.70
4882 59.77
4883 59.77
4884 59.61
4885 59.70
4886 59.77
4887 59.68
4888 59.67
4889 59.67
4890 59.73
4891 59.76
4892 59.62
4893 59.52
4894 59.59
4895 59.62
4896 59.62
4897 59.79
4898 59.52
4899 59.78
4900 59.67
4901 59.52
4902 59.61
4903 59.44
4904 59.51
4905 59.68
4906 59.48
4907 59.63
4908 59.72
4909 59.69
4910 59.65
4911 59.77
4912 59.65
4913 59.74
4914 59.54
4915 59.52
4916 59.63
4917 59.69
4918 59.65
4919 59.50
4920 59.76
4921 59.75
4922 59.67
4923 59.61
4924 59.64
4925 59.85
4926 59.81
4927 59.59
4928 59.68
4929 59.62
4930 59.84
4931 59.61
4932 59.74
4933 59.71
4934 59.65
4935 59.77
4936 59.72
4937 59.67
4938 59.62
4939 59.67
4940 59.54
4941 59.80
4942 59.57
4943 59.65
4944 59.62
4945 59.55
4946 59.66
4947 59.71
4948 59.60
4949 59.54
4950 59.62
4951 59.58
4952 59.70
4953 59.74
4954 59.48
4955 59.58
4956 59.79
4957 59.65
4958 59.72
4959 59.61
4960 59.65
4961 59.64
4962 59.67
4963 59.56
4964 59.72
4965 59.69
4966 59.63
4967 59.56
4968 59.63
4969 59.64
4970 59.70
4971 59.71
4972 59.79
4973 59.78
4974 59.65
4975 59.61
4976 59.53
4977 59.64
4978 59.80
4979 59.76
4980 59.73
4981 59.58
4982 59.68
4983 59.72
4984 59.70
4985 59.57
4986 59.61
4987 59.71
4988 59.67
4989 59.58
4990 59.59
4991 59.65
4992 59.81
4993 59.63
4994 59.63
4995 59.65
4996 59.68
4997 59.54
4998 59.69
4999 59.63
5000 59.61
5001 59.68
5002 59.65
5003 59.66
5004 59.67
5005 59.78
5006 59.64
5007 59.61
5008 59.57
5009 59.77
5010 59.62
5011 59.56
5012 59.54
5013 59.71
5014 59.77
5015 59.61
5016 59.67
5017 59.56
5018 59.69
5019 59.68
5020 59.80
5021 59.63
5022 59.67
5023 59.57
5024 59.70
5025 59.58
5026 59.77
5027 59.78
5028 59.73
5029 59.67
5030 59.64
5031 59.77
5032 59.59
5033 59.61
5034 59.51
5035 59.74
5036 59.70
5037 59.74
5038 59.68
5039 59.61
5040 59.70
5041 59.70
5042 59.68
5043 59.66
5044 59.63
5045 59.67
5046 59.64
5047 59.73
5048 59.81
5049 59.76
5050 59.63
5051 59.63
5052 59.69
5053 59.74
5054 59.62
5055 59.59
5056 59.66
5057 59.81
5058 59.72
5059 59.63
5060 59.68
5061 59.65
5062 59.68
5063 59.59
5064 59.63
5065 59.76
5066 59.71
5067 59.78
5068 59.59
5069 59.57
5070 59.65
5071 59.56
5072 59.61
5073 59.52
5074 59.69
5075 59.69
5076 59.63
5077 59.65
5078 59.51
5079 59.72
5080 59.55
5081 59.49
5082 59.74
5083 59.68
5084 59.84
5085 59.65
5086 59.61
5087 59.69
5088 59.62
5089 59.67
5090 59.63
5091 59.71
5092 59.78
5093 59.60
5094 59.66
5095 59.57
5096 59.69
5097 59.66
5098 59.63
5099 59.77
5100 59.82
5101 59.76
5102 59.62
5103 59.50
5104 59.71
5105 59.60
5106 59.56
5107 59.55
5108 59.66
5109 59.83
5110 59.64
5111 59.69
5112 59.65
5113 59.79
5114 59.58
5115 59.59
5116 59.65
5117 59.69
5118 59.67
5119 59.61
5120 59.72
5121 59.84
5122 59.70
5123 59.69
5124 59.59
5125 59.66
5126 59.65
5127 59.62
5128 59.66
5129 59.72
5130 59.59
5131 59.52
5132 59.62
5133 59.66
5134 59.62
5135 59.69
5136 59.56
5137 59.77
5138 59.73
5139 59.62
5140 59.61
5141 59.65
5142 59.76
5143 59.80
5144 59.68
5145 59.81
5146 59.81
5147 59.71
5148 59.73
5149 59.54
5150 59.70
5151 59.67
5152 59.65
5153 59.55
5154 59.65
5155 59.81
5156 59.52
5157 59.81
5158 59.67
5159 59.72
5160 59.72
5161 59.75
5162 59.73
5163 59.75
5164 59.79
5165 59.61
5166 59.54
5167 59.58
5168 59.90
5169 59.75
5170 59.69
5171 59.81
5172 59.67
5173 59.78
5174 59.63
5175 59.78
5176 59.61
5177 59.67
5178 59.65
5179 59.54
5180 59.74
5181 59.74
5182 59.73
5183 59.61
5184 59.59
5185 59.68
5186 59.47
5187 59.64
5188 59.62
5189 59.73
5190 59.79
5191 59.74
5192 59.69
5193 59.59
5194 59.68
5195 59.66
5196 59.74
5197 59.69
5198 59.80
5199 59.74
5200 59.64
5201 59.68
5202 59.81
5203 59.68
5204 59.63
5205 59.59
5206 59.52
5207 59.74
5208 59.63
5209 59.76
5210 59.69
5211 59.74
5212 59.71
5213 59.66
5214 59.86
5215 59.60
5216 59.85
5217 59.74
5218 59.73
5219 59.64
5220 59.74
5221 59.78
5222 59.63
5223 59.72
5224 59.65
5225 59.81
5226 59.83
5227 59.72
5228 59.75
5229 59.74
5230 59.72
5231 59.65
5232 59.70
5233 59.56
5234 59.66
5235 59.55
5236 59.68
5237 59.81
5238 59.78
5239 59.76
5240 59.65
5241 59.66
5242 59.67
5243 59.88
5244 59.79
5245 59.73
5246 59.76
5247 59.79
5248 59.72
5249 59.68
5250 59.67
5251 59.73
5252 59.62
5253 59.76
5254 59.80
5255 59.72
5256 59.70
5257 59.73
5258 59.71
5259 59.57
5260 59.54
5261 59.84
5262 59.67
5263 59.56
5264 59.70
5265 59.66
5266 59.77
5267 59.77
5268 59.76
5269 59.54
5270 59.75
5271 59.75
5272 59.70
5273 59.67
5274 59.71
5275 59.65
5276 59.66
5277 59.56
5278 59.61
5279 59.63
5280 59.66
5281 59.64
5282 59.83
5283 59.73
5284 59.83
5285 59.61
5286 59.66
5287 59.74
5288 59.77
5289 59.74
5290 59.67
5291 59.65
5292 59.65
5293 59.69
5294 59.69
5295 59.65
5296 59.52
5297 59.71
5298 59.83
5299 59.72
5300 59.82
5301 59.64
5302 59.82
5303 59.84
5304 59.72
5305 59.75
5306 59.75
5307 59.64
5308 59.62
5309 59.71
5310 59.59
5311 59.61
5312 59.55
5313 59.63
5314 59.63
5315 59.70
5316 59.63
5317 59.77
5318 59.63
5319 59.61
5320 59.63
5321 59.85
5322 59.77
5323 59.69
5324 59.69
5325 59.62
5326 59.79
5327 59.79
5328 59.64
5329 59.60
5330 59.68
5331 59.55
5332 59.70
5333 59.67
5334 59.58
5335 59.78
5336 59.85
5337 59.78
5338 59.76
5339 59.58
5340 59.75
5341 59.57
5342 59.72
5343 59.70
5344 59.64
5345 59.61
5346 59.69
5347 59.70
5348 59.65
5349 59.76
5350 59.58
5351 59.72
5352 59.78
5353 59.84
5354 59.72
5355 59.68
5356 59.65
5357 59.80
5358 59.68
5359 59.68
5360 59.62
5361 59.59
5362 59.58
5363 59.80
5364 59.74
5365 59.85
5366 59.64
5367 59.72
5368 59.68
5369 59.70
5370 59.68
5371 59.63
5372 59.61
5373 59.78
5374 59.69
5375 59.74
5376 59.67
5377 59.70
5378 59.60
5379 59.76
5380 59.79
5381 59.67
5382 59.59
5383 59.66
5384 59.67
5385 59.68
5386 59.55
5387 59.62
5388 59.72
5389 59.65
5390 59.86
5391 59.77
5392 59.83
5393 59.64
5394 59.82
5395 59.83
5396 59.80
5397 59.70
5398 59.61
5399 59.63
5400 59.74
5401 59.64
5402 59.60
5403 59.67
5404 59.58
5405 59.74
5406 59.73
5407 59.72
5408 59.70
5409 59.84
5410 59.79
5411 59.75
5412 59.59
5413 59.54
5414 59.70
5415 59.75
5416 59.70
5417 59.62
5418 59.67
5419 59.77
5420 59.74
5421 59.76
5422 59.74
5423 59.62
5424 59.74
5425 59.67
5426 59.68
5427 59.59
5428 59.62
5429 59.85
5430 59.69
5431 59.72
5432 59.67
5433 59.68
5434 59.81
5435 59.80
5436 59.73
5437 59.73
5438 59.71
5439 59.67
5440 59.72
5441 59.72
5442 59.63
5443 59.73
5444 59.73
5445 59.69
5446 59.80
5447 59.75
5448 59.78
5449 59.77
5450 59.77
5451 59.83
5452 59.70
5453 59.61
5454 59.67
5455 59.63
5456 59.76
5457 59.67
5458 59.62
5459 59.54
5460 59.71
5461 59.66
5462 59.87
5463 59.77
5464 59.77
5465 59.78
5466 59.64
5467 59.65
5468 59.77
5469 59.67
5470 59.78
5471 59.72
5472 59.76
5473 59.67
5474 59.58
5475 59.80
5476 59.72
5477 59.80
5478 59.90
5479 59.72
5480 59.74
5481 59.58
5482 59.63
5483 59.59
5484 59.70
5485 59.75
5486 59.65
5487 59.71
5488 59.70
5489 59.88
5490 59.67
5491 59.80
5492 59.63
5493 59.75
5494 59.76
5495 59.56
5496 59.67
5497 59.64
5498 59.74
5499 59.67
5500 59.58
5501 59.77
5502 59.70
5503 59.69
5504 59.76
5505 59.69
5506 59.63
5507 59.65
5508 59.79
5509 59.64
5510 59.78
5511 59.67
5512 59.62
5513 59.77
5514 59.76
5515 59.76
5516 59.72
5517 59.77
5518 59.77
5519 59.78
5520 59.76
5521 59.55
5522 59.64
5523 59.71
5524 59.68
5525 59.66
5526 59.67
5527 59.73
5528 59.74
5529 59.74
5530 59.76
5531 59.72
5532 59.89
5533 59.73
5534 59.67
5535 59.63
5536 59.71
5537 59.70
5538 59.76
5539 59.68
5540 59.79
5541 59.78
5542 59.74
5543 59.66
5544 59.84
5545 59.72
5546 59.66
5547 59.71
5548 59.77
5549 59.77
5550 59.60
5551 59.69
5552 59.62
5553 59.77
5554 59.84
5555 59.74
5556 59.69
5557 59.85
5558 59.70
5559 59.66
5560 59.68
5561 59.67
5562 59.67
5563 59.60
5564 59.78
5565 59.65
5566 59.54
5567 59.83
5568 59.77
5569 59.75
5570 59.76
5571 59.63
5572 59.63
5573 59.65
5574 59.74
5575 59.57
5576 59.59
5577 59.68
5578 59.68
5579 59.75
5580 59.88
5581 59.76
5582 59.64
5583 59.85
5584 59.81
5585 59.60
5586 59.66
5587 59.65
5588 59.81
5589 59.81
5590 59.61
5591 59.64
5592 59.67
5593 59.78
5594 59.84
5595 59.75
5596 59.72
5597 59.74
5598 59.72
5599 59.64
5600 59.63
5601 59.83
5602 59.67
5603 59.59
5604 59.67
5605 59.82
5606 59.67
5607 59.74
5608 59.88
5609 59.75
5610 59.76
5611 59.70
5612 59.73
5613 59.72
5614 59.65
5615 59.75
5616 59.70
5617 59.71
5618 59.78
5619 59.72
5620 59.81
5621 59.72
5622 59.65
5623 59.71
5624 59.74
5625 59.68
5626 59.82
5627 59.81
5628 59.61
5629 59.79
5630 59.61
5631 59.74
5632 59.72
5633 59.83
5634 59.67
5635 59.70
5636 59.79
5637 59.88
5638 59.76
5639 59.75
5640 59.79
5641 59.62
5642 59.77
5643 59.79
5644 59.79
5645 59.54
5646 59.79
5647 59.79
5648 59.73
5649 59.56
5650 59.67
5651 59.82
5652 59.85
5653 59.69
5654 59.81
5655 59.74
5656 59.81
5657 59.76
5658 59.73
5659 59.60
5660 59.64
5661 59.76
5662 59.69
5663 59.81
5664 59.70
5665 59.70
5666 59.81
5667 59.74
5668 59.75
5669 59.59
5670 59.80
5671 59.70
5672 59.71
5673 59.76
5674 59.67
5675 59.69
5676 59.75
5677 59.77
5678 59.73
5679 59.66
5680 59.68
5681 59.75
5682 59.91
5683 59.72
5684 59.67
5685 59.70
5686 59.76
5687 59.83
5688 59.71
5689 59.54
5690 59.76
5691 59.76
5692 59.71
5693 59.81
5694 59.77
5695 59.80
5696 59.73
5697 59.76
5698 59.81
5699 59.74
5700 59.73
5701 59.77
5702 59.84
5703 59.68
5704 59.66
5705 59.65
5706 59.64
5707 59.66
5708 59.86
5709 59.85
5710 59.76
5711 59.67
5712 59.77
5713 59.81
5714 59.83
5715 59.62
5716 59.64
5717 59.63
5718 59.74
5719 59.65
5720 59.77
5721 59.67
5722 59.72
5723 59.67
5724 59.88
5725 59.74
5726 59.81
5727 59.71
5728 59.67
5729 59.77
5730 59.71
5731 59.66
5732 59.69
5733 59.59
5734 59.66
5735 59.75
5736 59.88
5737 59.64
5738 59.77
5739 59.73
5740 59.76
5741 59.72
5742 59.52
5743 59.79
5744 59.68
5745 59.68
5746 59.73
5747 59.78
5748 59.75
5749 59.81
5750 59.81
5751 59.74
5752 59.72
5753 59.71
5754 59.76
5755 59.63
5756 59.72
5757 59.70
5758 59.66
5759 59.67
5760 59.83
5761 59.79
5762 59.76
5763 59.82
5764 59.78
5765 59.64
5766 59.72
5767 59.61
5768 59.77
5769 59.68
5770 59.79
5771 59.81
5772 59.92
5773 59.95
5774 59.81
5775 59.63
5776 59.70
5777 59.64
5778 59.73
5779 59.75
5780 59.63
5781 59.80
5782 59.67
5783 59.69
5784 59.85
5785 59.81
5786 59.63
5787 59.68
5788 59.72
5789 59.69
5790 59.68
5791 59.69
5792 59.67
5793 59.85
5794 59.90
5795 59.88
5796 59.59
5797 59.77
5798 59.84
5799 59.61
5800 59.77
5801 59.73
5802 59.79
5803 59.77
5804 59.70
5805 59.74
5806 59.79
5807 59.82
5808 59.69
5809 59.74
5810 59.68
5811 59.70
5812 59.77
5813 59.75
5814 59.69
5815 59.73
5816 59.83
5817 59.79
5818 59.85
5819 59.74
5820 59.73
5821 59.77
5822 59.94
5823 59.67
5824 59.67
5825 59.65
5826 59.70
5827 59.72
5828 59.72
5829 59.78
5830 59.73
5831 59.77
5832 59.81
5833 59.68
5834 59.74
5835 59.72
5836 59.63
5837 59.83
5838 59.67
5839 59.63
5840 59.77
5841 59.80
5842 59.74
5843 59.71
5844 59.73
5845 59.87
5846 59.73
5847 59.66
5848 59.78
5849 59.77
5850 59.75
5851 59.61
5852 59.81
5853 59.74
5854 59.70
5855 59.79
5856 59.84
5857 59.82
5858 59.80
5859 59.60
5860 59.79
5861 59.88
5862 59.82
5863 59.67
5864 59.61
5865 59.72
5866 59.69
5867 59.73
5868 59.76
5869 59.96
5870 59.77
5871 59.72
5872 59.74
5873 59.65
5874 59.56
5875 59.65
5876 59.70
5877 59.65
5878 59.79
5879 59.68
5880 59.83
5881 59.71
5882 59.76
5883 59.65
5884 59.57
5885 59.77
5886 59.56
5887 59.68
5888 59.74
5889 59.70
5890 59.88
5891 59.68
5892 59.69
5893 59.71
5894 59.77
5895 59.66
5896 59.74
5897 59.59
5898 59.68
5899 59.62
5900 59.89
5901 59.70
5902 59.65
5903 59.79
5904 59.70
5905 59.69
5906 59.69
5907 59.76
5908 59.71
5909 59.78
5910 59.87
5911 59.79
5912 59.91
5913 59.62
5914 59.65
5915 59.77
5916 59.74
5917 59.74
5918 59.82
5919 59.82
5920 59.83
5921 59.65
5922 59.79
5923 59.75
5924 59.69
5925 59.58
5926 59.72
5927 59.53
5928 59.80
5929 59.77
5930 59.68
5931 59.65
5932 59.74
5933 59.66
5934 59.83
5935 59.91
5936 59.55
5937 59.74
5938 59.59
5939 59.76
5940 59.72
5941 59.87
5942 59.67
5943 59.69
5944 59.80
5945 59.74
5946 59.67
5947 59.72
5948 59.83
5949 59.77
5950 59.80
5951 59.83
5952 59.85
5953 59.69
5954 59.74
5955 59.74
5956 59.71
5957 59.71
5958 59.83
5959 59.78
5960 59.74
5961 59.70
5962 59.82
5963 59.83
5964 59.65
5965 59.73
5966 59.68
5967 59.76
5968 59.72
5969 59.79
5970 59.85
5971 59.82
5972 59.73
5973 59.68
5974 59.77
5975 59.76
5976 59.76
5977 59.76
5978 59.71
5979 59.76
5980 59.78
5981 59.78
5982 59.71
5983 59.72
5984 59.79
5985 59.76
5986 59.86
5987 59.77
5988 59.63
5989 59.77
5990 59.69
5991 59.87
5992 59.94
5993 59.72
5994 59.74
5995 59.81
5996 59.85
5997 59.59
5998 59.75
5999 59.85
6000 59.76
6001 59.63
6002 59.61
6003 59.66
6004 59.82
6005 59.79
6006 59.73
6007 59.71
6008 59.76
6009 59.74
6010 59.79
6011 59.65
6012 59.74
6013 59.71
6014 59.90
6015 59.80
6016 59.82
6017 59.61
6018 59.82
6019 59.81
6020 59.75
6021 59.61
6022 59.77
6023 59.70
6024 59.79
6025 59.68
6026 59.72
6027 59.71
6028 59.83
6029 59.76
6030 59.68
6031 59.58
6032 59.71
6033 59.76
6034 59.64
6035 59.79
6036 59.77
6037 59.89
6038 59.80
6039 59.74
6040 59.80
6041 59.81
6042 59.75
6043 59.64
6044 59.74
6045 59.79
6046 59.71
6047 59.80
6048 59.73
6049 59.69
6050 59.60
6051 59.74
6052 59.74
6053 59.69
6054 59.69
6055 59.70
6056 59.77
6057 59.79
6058 59.77
6059 59.81
6060 59.80
6061 59.81
6062 59.65
6063 59.76
6064 59.66
6065 59.76
6066 59.75
6067 59.79
6068 59.70
6069 59.97
6070 59.79
6071 59.92
6072 59.70
6073 59.70
6074 59.77
6075 59.73
6076 59.75
6077 59.71
6078 59.90
6079 59.86
6080 59.89
6081 59.79
6082 59.83
6083 59.63
6084 59.79
6085 59.71
6086 59.84
6087 59.79
6088 59.79
6089 59.72
6090 59.97
6091 59.76
6092 59.89
6093 59.87
6094 59.82
6095 59.66
6096 59.61
6097 59.77
6098 59.84
6099 59.79
6100 59.79
6101 59.71
6102 59.68
6103 59.72
6104 59.74
6105 59.73
6106 59.68
6107 59.73
6108 59.83
6109 59.56
6110 59.71
6111 59.74
6112 59.81
6113 59.87
6114 59.81
6115 59.79
6116 59.79
6117 59.73
6118 59.76
6119 59.75
6120 59.65
6121 59.78
6122 59.75
6123 59.67
6124 59.70
6125 59.74
6126 59.70
6127 59.71
6128 59.65
6129 59.70
6130 59.73
6131 59.84
6132 59.72
6133 59.64
6134 59.83
6135 59.84
6136 59.85
6137 59.77
6138 59.68
6139 59.69
6140 59.76
6141 59.73
6142 59.87
6143 59.75
6144 59.81
6145 59.89
6146 59.80
6147 59.72
6148 59.68
6149 59.60
6150 59.65
6151 59.84
6152 59.76
6153 59.71
6154 59.79
6155 59.82
6156 59.81
6157 59.79
6158 59.90
6159 59.77
6160 59.71
6161 59.79
6162 59.87
6163 59.77
6164 59.76
6165 59.87
6166 59.76
6167 59.75
6168 59.73
6169 59.81
6170 59.79
6171 59.71
6172 59.85
6173 59.80
6174 59.72
6175 59.79
6176 59.81
6177 59.65
6178 59.83
6179 59.83
6180 59.67
6181 59.76
6182 59.83
6183 59.67
6184 59.81
6185 59.63
6186 59.75
6187 59.76
6188 59.75
6189 59.67
6190 59.67
6191 59.70
6192 59.69
6193 59.80
6194 59.79
6195 59.77
6196 59.91
6197 59.78
6198 59.72
6199 59.74
6200 59.68
6201 59.68
6202 59.65
6203 59.81
6204 59.76
6205 59.84
6206 59.85
6207 59.81
6208 59.81
6209 59.79
6210 59.84
6211 59.78
6212 59.78
6213 59.80
6214 59.90
6215 59.81
6216 59.63
6217 59.80
6218 59.84
6219 59.90
6220 59.79
6221 59.88
6222 59.74
6223 59.68
6224 59.68
6225 59.67
6226 59.80
6227 59.73
6228 59.82
6229 59.71
6230 59.80
6231 59.76
6232 59.87
6233 59.87
6234 59.66
6235 59.76
6236 59.76
6237 59.79
6238 59.84
6239 59.71
6240 59.45
6241 59.83
6242 59.76
6243 59.82
6244 59.63
6245 59.77
6246 59.62
6247 59.87
6248 59.79
6249 59.68
6250 59.81
6251 59.79
6252 59.73
6253 59.79
6254 59.61
6255 59.79
6256 59.72
6257 59.72
6258 59.74
6259 59.83
6260 59.83
6261 59.70
6262 59.69
6263 59.70
6264 59.64
6265 59.55
6266 59.64
6267 59.83
6268 59.88
6269 59.85
6270 59.78
6271 59.71
6272 59.85
6273 59.67
6274 59.50
6275 59.68
6276 59.81
6277 59.70
6278 59.71
6279 59.65
6280 59.74
6281 59.70
6282 59.56
6283 59.77
6284 59.76
6285 59.82
6286 59.70
6287 59.64
6288 59.70
6289 59.71
6290 59.73
6291 59.74
6292 59.71
6293 59.71
6294 59.94
6295 59.79
6296 59.81
6297 59.67
6298 59.77
6299 59.78
6300 59.74
6301 59.79
6302 59.67
6303 59.72
6304 59.91
6305 59.67
6306 59.81
6307 59.81
6308 59.77
6309 59.71
6310 59.76
6311 59.75
6312 59.83
6313 59.79
6314 59.78
6315 59.81
6316 59.68
6317 59.52
6318 59.83
6319 59.71
6320 59.78
6321 59.80
6322 59.74
6323 59.70
6324 59.81
6325 59.76
6326 59.75
6327 59.90
6328 59.69
6329 59.83
6330 59.83
6331 59.81
6332 59.78
6333 59.88
6334 59.90
6335 59.86
6336 59.63
6337 59.76
6338 59.73
6339 59.66
6340 59.76
6341 59.70
6342 59.83
6343 59.92
6344 59.87
6345 59.72
6346 59.62
6347 59.77
6348 59.77
6349 59.63
6350 59.68
6351 59.79
6352 59.90
6353 59.88
6354 59.73
6355 59.79
6356 59.81
6357 59.72
6358 59.61
6359 59.78
6360 59.80
6361 59.87
6362 60.01
6363 59.75
6364 59.72
6365 59.82
6366 59.83
6367 59.81
6368 59.72
6369 59.71
6370 59.93
6371 59.96
6372 59.76
6373 59.83
6374 59.85
6375 59.82
6376 59.69
6377 59.81
6378 59.60
6379 59.90
6380 59.66
6381 59.74
6382 59.73
6383 59.77
6384 59.79
6385 59.72
6386 59.77
6387 59.76
6388 59.81
6389 59.64
6390 59.88
6391 59.79
6392 59.89
6393 59.74
6394 59.78
6395 59.64
6396 59.71
6397 59.87
6398 59.97
6399 59.72
6400 59.67
6401 59.79
6402 59.78
6403 59.78
6404 59.74
6405 59.85
6406 59.79
6407 59.72
6408 59.74
6409 59.74
6410 59.79
6411 59.85
6412 59.92
6413 59.84
6414 59.90
6415 59.82
6416 59.92
6417 59.75
6418 59.69
6419 59.78
6420 59.88
6421 59.90
6422 59.79
6423 59.89
6424 59.70
6425 59.83
6426 59.75
6427 59.68
6428 59.88
6429 59.74
6430 59.83
6431 59.74
6432 59.71
6433 59.74
6434 59.67
6435 59.77
6436 59.79
6437 59.88
6438 59.78
6439 59.93
6440 59.74
6441 59.71
6442 59.71
6443 59.82
6444 59.79
6445 59.79
6446 59.83
6447 59.83
6448 59.78
6449 59.79
6450 59.80
6451 59.67
6452 59.79
6453 59.91
6454 59.78
6455 59.71
6456 59.98
6457 59.74
6458 59.70
6459 59.79
6460 59.64
6461 59.67
6462 59.99
6463 59.84
6464 59.85
6465 59.81
6466 59.82
6467 59.90
6468 59.68
6469 59.83
6470 59.95
6471 59.74
6472 59.74
6473 59.82
6474 59.79
6475 59.73
6476 59.81
6477 59.76
6478 59.63
6479 59.70
6480 59.76
6481 59.84
6482 59.77
6483 59.85
6484 59.74
6485 59.71
6486 59.77
6487 59.72
6488 59.75
6489 59.81
6490 59.79
6491 59.99
6492 59.69
6493 59.81
6494 59.79
6495 59.81
6496 59.70
6497 59.73
6498 59.90
6499 59.84
6500 59.77
6501 59.68
6502 59.73
6503 59.87
6504 59.79
6505 59.85
6506 59.91
6507 59.75
6508 59.66
6509 59.81
6510 59.70
6511 59.88
6512 59.78
6513 59.70
6514 59.74
6515 59.77
6516 59.77
6517 59.87
6518 59.88
6519 59.88
6520 59.83
6521 59.86
6522 59.77
6523 59.76
6524 59.81
6525 59.89
6526 59.89
6527 59.87
6528 59.60
6529 59.99
6530 59.79
6531 59.77
6532 59.71
6533 59.85
6534 59.72
6535 59.78
6536 59.63
6537 59.82
6538 59.76
6539 59.77
6540 59.88
6541 59.65
6542 59.87
6543 59.68
6544 59.75
6545 59.84
6546 59.70
6547 59.86
6548 59.80
6549 59.81
6550 59.80
6551 59.81
6552 59.72
6553 59.81
6554 59.70
6555 59.92
6556 59.76
6557 59.87
6558 59.66
6559 59.76
6560 59.81
6561 59.84
6562 59.65
6563 59.83
6564 59.79
6565 59.83
6566 59.85
6567 59.68
6568 59.91
6569 59.90
6570 59.78
6571 59.86
6572 59.72
6573 59.71
6574 59.76
6575 59.85
6576 59.91
6577 59.87
6578 59.86
6579 59.83
6580 59.83
6581 59.70
6582 59.75
6583 59.81
6584 59.87
6585 59.77
6586 59.81
6587 60.01
6588 59.74
6589 59.71
6590 59.90
6591 59.87
6592 59.84
6593 59.78
6594 59.99
6595 59.84
6596 59.76
6597 59.84
6598 59.82
6599 59.81
6600 59.80
6601 59.72
6602 59.83
6603 59.72
6604 59.78
6605 59.60
6606 59.74
6607 59.78
6608 59.82
6609 59.68
6610 59.73
6611 59.80
6612 59.79
6613 59.92
6614 59.79
6615 59.86
6616 60.07
6617 59.91
6618 59.79
6619 59.78
6620 59.61
6621 59.80
6622 59.70
6623 59.83
6624 59.73
6625 59.87
6626 59.84
6627 59.79
6628 59.96
6629 59.88
6630 59.70
6631 59.68
6632 59.71
6633 59.72
6634 59.80
6635 59.81
6636 59.72
6637 59.85
6638 59.67
6639 59.76
6640 59.69
6641 59.79
6642 59.79
6643 59.81
6644 59.78
6645 59.92
6646 59.76
6647 59.74
6648 59.69
6649 59.78
6650 59.73
6651 59.90
6652 59.81
6653 59.71
6654 59.72
6655 59.84
6656 59.84
6657 59.83
6658 59.75
6659 59.73
6660 59.77
6661 59.67
6662 59.95
6663 59.82
6664 59.76
6665 59.83
6666 59.83
6667 59.72
6668 59.81
6669 59.79
6670 59.70
6671 59.71
6672 59.76
6673 59.79
6674 59.92
6675 59.80
6676 59.79
6677 59.96
6678 59.82
6679 59.62
6680 59.67
6681 59.83
6682 59.83
6683 59.76
6684 59.81
6685 59.87
6686 59.81
6687 59.83
6688 59.87
6689 59.86
6690 59.87
6691 59.83
6692 59.77
6693 59.76
6694 59.79
6695 59.70
6696 59.82
6697 59.81
6698 59.74
6699 59.82
6700 59.91
6701 59.81
6702 59.80
6703 59.81
6704 59.72
6705 59.79
6706 59.76
6707 59.82
6708 59.83
6709 59.74
6710 59.89
6711 59.80
6712 59.88
6713 59.85
6714 59.73
6715 59.77
6716 59.71
6717 59.80
6718 59.79
6719 59.87
6720 59.76
6721 59.80
6722 59.81
6723 59.86
6724 59.76
6725 59.74
6726 59.59
6727 59.76
6728 59.76
6729 59.82
6730 59.80
6731 59.79
6732 59.70
6733 59.79
6734 59.78
6735 59.78
6736 59.77
6737 59.93
6738 59.79
6739 59.75
6740 59.79
6741 59.82
6742 59.71
6743 59.74
6744 59.72
6745 59.73
6746 59.85
6747 59.83
6748 59.83
6749 59.77
6750 59.79
6751 59.85
6752 59.66
6753 59.79
6754 59.73
6755 59.91
6756 59.92
6757 59.79
6758 59.68
6759 59.86
6760 59.85
6761 59.81
6762 59.72
6763 59.76
6764 59.83
6765 59.94
6766 59.90
6767 59.90
6768 59.61
6769 59.82
6770 59.75
6771 59.90
6772 59.72
6773 59.87
6774 59.85
6775 59.89
6776 59.74
6777 59.83
6778 59.88
6779 59.79
6780 59.87
6781 59.72
6782 59.75
6783 59.69
6784 59.74
6785 59.74
6786 59.74
6787 59.94
6788 59.74
6789 59.80
6790 59.78
6791 59.88
6792 59.84
6793 59.54
6794 59.72
6795 59.90
6796 59.90
6797 59.75
6798 59.90
6799 59.81
6800 59.85
6801 59.65
6802 59.71
6803 59.74
6804 59.71
6805 59.93
6806 59.86
6807 59.81
6808 59.74
6809 59.97
6810 59.71
6811 59.78
6812 59.76
6813 59.77
6814 59.82
6815 59.82
6816 59.84
6817 59.86
6818 59.88
6819 59.70
6820 59.78
6821 59.74
6822 59.82
6823 59.75
6824 59.77
6825 59.90
6826 59.75
6827 59.75
6828 59.76
6829 59.69
6830 59.70
6831 59.86
6832 59.93
6833 59.76
6834 59.82
6835 59.92
6836 59.77
6837 59.90
6838 59.77
6839 59.67
6840 59.76
6841 59.78
6842 59.84
6843 59.77
6844 59.76
6845 59.85
6846 59.94
6847 59.76
6848 59.65
6849 59.71
6850 59.85
6851 59.74
6852 59.94
6853 59.91
6854 59.99
6855 59.97
6856 59.71
6857 59.88
6858 59.85
6859 59.81
6860 59.83
6861 59.74
6862 60.00
6863 59.91
6864 59.92
6865 59.74
6866 59.78
6867 59.76
6868 59.63
6869 59.76
6870 59.77
6871 59.89
6872 59.80
6873 59.86
6874 59.84
6875 59.81
6876 59.82
6877 59.75
6878 59.76
6879 59.90
6880 59.96
6881 59.78
6882 59.78
6883 59.79
6884 59.82
6885 59.68
6886 59.68
6887 59.79
6888 59.85
6889 59.87
6890 59.77
6891 59.90
6892 59.77
6893 59.66
6894 59.84
6895 59.77
6896 59.77
6897 59.87
6898 59.84
6899 59.76
6900 59.74
6901 59.84
6902 59.79
6903 59.81
6904 59.74
6905 59.82
6906 59.90
6907 59.65
6908 59.79
6909 59.84
6910 59.93
6911 59.79
6912 59.80
6913 59.73
6914 59.80
6915 59.79
6916 59.78
6917 59.80
6918 59.88
6919 59.77
6920 59.73
6921 59.72
6922 59.87
6923 59.74
6924 59.65
6925 59.76
6926 59.85
6927 59.93
6928 59.85
6929 59.72
6930 59.67
6931 59.78
6932 59.68
6933 59.85
6934 59.83
6935 59.90
6936 59.83
6937 59.87
6938 59.81
6939 59.68
6940 59.88
6941 59.78
6942 59.77
6943 59.76
6944 59.77
6945 59.74
6946 59.81
6947 59.86
6948 59.78
6949 59.97
6950 59.81
6951 59.81
6952 59.97
6953 59.74
6954 59.92
6955 59.91
6956 59.79
6957 59.83
6958 59.90
6959 59.72
6960 59.69
6961 59.82
6962 59.76
6963 59.83
6964 59.81
6965 59.96
6966 59.83
6967 59.77
6968 59.73
6969 59.78
6970 59.77
6971 59.81
6972 59.89
6973 59.83
6974 59.90
6975 59.88
6976 59.78
6977 59.77
6978 59.81
6979 59.87
6980 59.88
6981 59.78
6982 59.79
6983 59.91
6984 59.71
6985 59.79
6986 59.76
6987 59.65
6988 59.91
6989 59.74
6990 59.90
6991 59.75
6992 59.76
6993 59.69
6994 59.74
6995 59.70
6996 59.80
6997 59.80
6998 59.94
6999 59.83
7000 59.79
7001 59.74
7002 59.74
7003 59.70
7004 59.74
7005 59.81
7006 59.77
7007 59.84
7008 59.95
7009 59.77
7010 59.74
7011 59.82
7012 59.78
7013 59.75
7014 59.62
7015 59.78
7016 59.74
7017 59.85
7018 59.89
7019 59.79
7020 59.83
7021 59.97
7022 59.72
7023 59.88
7024 59.90
7025 59.88
7026 59.90
7027 59.71
7028 59.64
7029 59.89
7030 59.86
7031 59.78
7032 59.87
7033 59.87
7034 59.75
7035 59.76
7036 59.59
7037 59.90
7038 59.75
7039 59.70
7040 59.73
7041 60.03
7042 59.86
7043 59.71
7044 59.74
7045 59.62
7046 59.83
7047 59.68
7048 59.88
7049 59.78
7050 59.76
7051 59.91
7052 59.66
7053 59.85
7054 59.78
7055 59.81
7056 59.72
7057 59.79
7058 59.82
7059 59.93
7060 59.97
7061 59.79
7062 59.79
7063 59.77
7064 59.92
7065 59.75
7066 59.70
7067 59.81
7068 59.88
7069 59.89
7070 59.76
7071 59.80
7072 59.96
7073 59.73
7074 59.88
7075 59.69
7076 59.89
7077 59.80
7078 59.86
7079 59.73
7080 59.95
7081 59.85
7082 59.79
7083 59.67
7084 59.82
7085 59.80
7086 59.72
7087 59.93
7088 59.73
7089 59.90
7090 59.67
7091 59.79
7092 59.73
7093 59.88
7094 59.92
7095 59.83
7096 59.92
7097 59.79
7098 59.88
7099 59.87
7100 59.82
7101 59.85
7102 59.67
7103 59.68
7104 59.87
7105 59.73
7106 59.83
7107 59.80
7108 59.74
7109 59.92
7110 59.76
7111 59.72
7112 59.86
7113 59.87
7114 59.71
7115 59.89
7116 59.85
7117 59.91
7118 59.87
7119 59.78
7120 59.88
7121 59.87
7122 59.82
7123 59.66
7124 59.87
7125 59.90
7126 59.70
7127 59.81
7128 59.61
7129 59.69
7130 59.71
7131 59.83
7132 59.83
7133 59.86
7134 59.82
7135 59.85
7136 59.78
7137 59.79
7138 59.80
7139 59.99
7140 59.79
7141 59.83
7142 59.76
7143 59.87
7144 59.95
7145 59.85
7146 59.81
7147 59.91
7148 59.83
7149 59.70
7150 59.74
7151 59.84
7152 59.72
7153 59.88
7154 59.76
7155 59.96
7156 59.91
7157 59.77
7158 59.86
7159 59.80
7160 59.77
7161 59.73
7162 59.77
7163 59.76
7164 59.80
7165 59.66
7166 59.89
7167 59.84
7168 59.77
7169 59.69
7170 59.73
7171 59.74
7172 59.93
7173 59.87
7174 59.73
7175 59.90
7176 59.90
7177 59.72
7178 59.74
7179 59.79
7180 59.77
7181 59.80
7182 59.89
7183 59.79
7184 59.81
7185 59.76
7186 59.85
7187 59.81
7188 59.90
7189 59.79
7190 59.81
7191 59.79
7192 59.77
7193 59.94
7194 59.93
7195 59.92
7196 59.90
7197 59.91
7198 59.90
7199 59.70
7200 59.82
7201 59.81
7202 59.77
7203 59.78
7204 59.81
7205 59.90
7206 59.89
7207 59.93
7208 59.77
7209 59.81
7210 59.65
7211 59.83
7212 59.77
7213 59.86
7214 59.85
7215 59.89
7216 59.76
7217 59.84
7218 59.59
7219 59.76
7220 59.78
7221 59.66
7222 59.84
7223 59.79
7224 59.82
7225 59.81
7226 59.84
7227 59.72
7228 59.81
7229 59.81
7230 59.60
7231 59.71
7232 59.81
7233 59.84
7234 59.93
7235 59.79
7236 59.65
7237 59.88
7238 59.79
7239 59.76
7240 59.86
7241 59.77
7242 59.83
7243 59.85
7244 59.58
7245 59.83
7246 59.87
7247 59.77
7248 59.81
7249 59.69
7250 59.80
7251 59.75
7252 59.84
7253 59.90
7254 59.87
7255 59.75
7256 59.79
7257 59.81
7258 59.74
7259 59.74
7260 59.79
7261 59.84
7262 59.83
7263 59.84
7264 59.85
7265 59.68
7266 59.74
7267 59.77
7268 59.76
7269 59.87
7270 59.70
7271 59.81
7272 59.80
7273 59.64
7274 59.76
7275 59.84
7276 59.89
7277 59.96
7278 60.05
7279 59.87
7280 59.84
7281 59.87
7282 59.87
7283 59.79
7284 59.72
7285 59.83
7286 59.80
7287 59.72
7288 59.79
7289 59.80
7290 59.75
7291 59.92
7292 59.74
7293 59.64
7294 59.79
7295 59.70
7296 59.66
7297 59.87
7298 59.77
7299 59.83
7300 59.84
7301 59.74
7302 59.75
7303 59.90
7304 59.61
7305 59.76
7306 59.88
7307 59.88
7308 59.86
7309 59.87
7310 59.67
7311 59.88
7312 59.81
7313 59.72
7314 59.55
7315 59.70
7316 59.78
7317 59.90
7318 59.78
7319 59.87
7320 59.72
7321 59.98
7322 59.90
7323 59.57
7324 59.63
7325 59.60
7326 59.86
7327 59.87
7328 59.86
7329 59.92
7330 59.82
7331 59.82
7332 59.84
7333 59.77
7334 59.77
7335 59.78
7336 59.88
7337 59.77
7338 59.79
7339 59.87
7340 59.83
7341 59.83
7342 59.76
7343 59.70
7344 59.76
7345 59.72
7346 59.77
7347 59.77
7348 59.87
7349 59.91
7350 59.79
7351 59.81
7352 59.88
7353 59.75
7354 59.74
7355 59.78
7356 59.83
7357 59.84
7358 59.83
7359 59.65
7360 59.96
7361 59.81
7362 59.74
7363 59.88
7364 59.79
7365 59.72
7366 59.86
7367 59.70
7368 60.06
7369 59.77
7370 59.85
7371 59.68
7372 59.73
7373 59.88
7374 59.84
7375 59.77
7376 59.93
7377 59.91
7378 59.90
7379 59.78
7380 59.77
7381 59.72
7382 59.75
7383 59.82
7384 59.86
7385 59.63
7386 59.84
7387 59.77
7388 59.87
7389 59.81
7390 59.72
7391 59.72
7392 59.76
7393 59.77
7394 59.77
7395 59.78
7396 59.81
7397 59.88
7398 59.83
7399 59.80
7400 59.80
7401 59.91
7402 59.82
7403 59.94
7404 59.79
7405 59.83
7406 59.81
7407 59.88
7408 59.91
7409 59.74
7410 59.98
7411 59.79
7412 59.89
7413 59.79
7414 59.76
7415 59.81
7416 59.94
7417 59.86
7418 59.79
7419 59.78
7420 59.76
7421 59.79
7422 59.89
7423 59.77
7424 59.75
7425 59.78
7426 59.71
7427 59.73
7428 59.73
7429 59.90
7430 59.88
7431 59.92
7432 59.81
7433 59.71
7434 59.89
7435 59.84
7436 59.75
7437 59.81
7438 59.68
7439 59.84
7440 59.79
7441 59.86
7442 59.65
7443 59.81
7444 59.84
7445 59.94
7446 59.77
7447 59.84
7448 59.67
7449 59.72
7450 59.81
7451 59.83
7452 59.70
7453 59.86
7454 60.02
7455 59.87
7456 59.72
7457 59.70
7458 59.69
7459 59.92
7460 59.73
7461 59.67
7462 59.96
7463 59.83
7464 59.90
7465 59.87
7466 59.76
7467 59.96
7468 59.80
7469 59.78
7470 59.91
7471 59.75
7472 59.76
7473 59.81
7474 59.73
7475 59.68
7476 59.85
7477 59.85
7478 59.89
7479 59.76
7480 59.71
7481 59.72
7482 59.83
7483 59.76
7484 59.81
7485 59.72
7486 59.88
7487 59.85
7488 59.96
7489 59.74
7490 59.90
7491 59.72
7492 59.87
7493 59.68
7494 59.66
7495 59.88
7496 59.91
7497 59.88
7498 59.78
7499 59.75
7500 59.88
7501 59.88
7502 59.71
7503 59.84
7504 59.67
7505 59.76
7506 59.79
7507 59.81
7508 59.70
7509 59.97
7510 59.88
7511 60.04
7512 59.65
7513 59.79
7514 59.79
7515 59.87
7516 59.73
7517 59.69
7518 59.93
7519 59.88
7520 59.99
7521 59.91
7522 59.73
7523 59.78
7524 59.81
7525 59.92
7526 59.84
7527 59.74
7528 59.78
7529 59.78
7530 59.93
7531 59.79
7532 59.84
7533 59.86
7534 59.92
7535 59.82
7536 59.77
7537 59.77
7538 59.73
7539 59.76
7540 59.74
7541 59.79
7542 59.70
7543 59.79
7544 59.80
7545 59.87
7546 59.76
7547 59.81
7548 59.77
7549 59.93
7550 59.82
7551 59.82
7552 59.86
7553 59.88
7554 59.77
7555 59.71
7556 59.88
7557 59.94
7558 59.81
7559 59.91
7560 59.83
7561 59.76
7562 59.85
7563 59.87
7564 59.89
7565 59.76
7566 59.82
7567 59.89
7568 59.81
7569 59.77
7570 59.86
7571 59.73
7572 59.81
7573 59.79
7574 59.76
7575 59.71
7576 59.76
7577 59.85
7578 59.91
7579 59.75
7580 59.81
7581 59.91
7582 59.93
7583 59.82
7584 59.93
7585 59.70
7586 59.75
7587 59.78
7588 59.86
7589 59.84
7590 59.90
7591 59.71
7592 59.96
7593 59.88
7594 59.73
7595 59.84
7596 59.78
7597 59.87
7598 59.90
7599 59.71
7600 59.79
7601 59.75
7602 59.88
7603 59.83
7604 59.78
7605 59.68
7606 59.75
7607 59.71
7608 59.72
7609 59.68
7610 59.85
7611 59.91
7612 60.06
7613 59.90
7614 59.84
7615 59.88
7616 59.88
7617 59.77
7618 59.67
7619 59.81
7620 59.65
7621 59.94
7622 59.95
7623 59.85
7624 59.89
7625 59.86
7626 59.88
7627 59.93
7628 59.78
7629 59.86
7630 59.83
7631 59.83
7632 59.82
7633 59.84
7634 60.07
7635 59.95
7636 59.69
7637 59.83
7638 59.85
7639 59.80
7640 59.78
7641 59.94
7642 59.66
7643 59.95
7644 59.85
7645 59.85
7646 59.77
7647 59.86
7648 59.82
7649 59.90
7650 59.82
7651 59.79
7652 59.93
7653 59.80
7654 59.91
7655 59.89
7656 59.82
7657 59.96
7658 59.81
7659 59.83
7660 59.66
7661 59.79
7662 59.78
7663 59.72
7664 59.90
7665 59.89
7666 59.84
7667 59.86
7668 59.95
7669 59.88
7670 59.75
7671 59.65
7672 59.72
7673 59.83
7674 59.77
7675 59.93
7676 59.68
7677 59.78
7678 59.92
7679 59.94
7680 59.92
7681 59.73
7682 59.89
7683 59.82
7684 59.82
7685 59.76
7686 59.79
7687 59.88
7688 59.81
7689 60.01
7690 59.82
7691 59.90
7692 60.01
7693 59.84
7694 59.88
7695 59.76
7696 59.85
7697 59.86
7698 59.70
7699 59.80
7700 59.83
7701 59.76
7702 59.76
7703 59.84
7704 59.77
7705 59.70
7706 59.70
7707 59.83
7708 59.76
7709 59.79
7710 59.74
7711 59.94
7712 59.85
7713 59.99
7714 59.78
7715 59.93
7716 59.86
7717 59.87
7718 59.77
7719 59.85
7720 59.86
7721 59.80
7722 60.03
7723 59.74
7724 59.80
7725 59.89
7726 59.89
7727 59.82
7728 59.73
7729 59.77
7730 59.81
7731 59.80
7732 59.92
7733 59.83
7734 59.86
7735 59.78
7736 59.82
7737 59.69
7738 59.96
7739 59.80
7740 59.94
7741 59.87
7742 59.85
7743 59.79
7744 59.83
7745 59.82
7746 59.80
7747 59.65
7748 59.74
7749 59.90
7750 59.85
7751 59.90
7752 59.81
7753 59.72
7754 59.79
7755 59.87
7756 59.81
7757 59.80
7758 59.89
7759 59.83
7760 59.90
7761 59.88
7762 59.85
7763 59.68
7764 59.88
7765 59.83
7766 59.84
7767 59.72
7768 59.74
7769 59.86
7770 59.84
7771 59.73
7772 59.87
7773 59.94
7774 59.95
7775 59.79
7776 59.81
7777 59.71
7778 59.79
7779 59.76
7780 59.91
7781 59.86
7782 59.76
7783 59.90
7784 59.78
7785 59.74
7786 59.79
7787 59.77
7788 59.85
7789 59.80
7790 59.84
7791 59.94
7792 59.96
7793 59.88
7794 59.90
7795 59.79
7796 59.85
7797 59.81
7798 59.75
7799 59.68
7800 59.78
7801 59.86
7802 59.91
7803 59.85
7804 59.71
7805 59.87
7806 59.94
7807 59.88
7808 59.88
7809 59.76
7810 59.74
7811 59.79
7812 59.79
7813 59.82
7814 59.83
7815 59.96
7816 59.88
7817 59.84
7818 59.78
7819 59.64
7820 59.77
7821 59.85
7822 59.83
7823 59.87
7824 59.89
7825 60.01
7826 59.92
7827 59.72
7828 59.79
7829 59.81
7830 59.82
7831 59.83
7832 59.68
7833 59.77
7834 59.93
7835 60.00
7836 59.86
7837 59.81
7838 59.80
7839 59.96
7840 59.86
7841 59.85
7842 59.66
7843 59.87
7844 59.87
7845 59.88
7846 59.80
7847 59.81
7848 59.79
7849 59.95
7850 59.84
7851 59.78
7852 59.86
7853 59.67
7854 59.79
7855 59.79
7856 59.73
7857 59.81
7858 59.88
7859 59.89
7860 59.90
7861 59.83
7862 59.86
7863 59.85
7864 59.96
7865 59.86
7866 59.78
7867 59.81
7868 59.89
7869 59.82
7870 59.99
7871 59.65
7872 59.79
7873 59.67
7874 59.85
7875 59.79
7876 59.85
7877 59.70
7878 59.79
7879 59.92
7880 59.75
7881 59.79
7882 59.79
7883 59.87
7884 59.88
7885 59.82
7886 59.80
7887 59.77
7888 59.79
7889 59.68
7890 59.80
7891 59.76
7892 60.01
7893 60.03
7894 59.82
7895 59.85
7896 59.94
7897 59.81
7898 59.72
7899 59.94
7900 59.74
7901 59.76
7902 59.90
7903 59.87
7904 59.92
7905 59.96
7906 59.89
7907 59.69
7908 59.73
7909 59.84
7910 59.82
7911 59.94
7912 59.84
7913 59.77
7914 59.90
7915 59.85
7916 59.71
7917 59.76
7918 59.92
7919 59.86
7920 59.77
7921 59.75
7922 59.79
7923 59.89
7924 59.88
7925 59.78
7926 59.87
7927 59.87
7928 59.83
7929 59.75
7930 59.90
7931 59.82
7932 59.92
7933 59.94
7934 59.94
7935 59.83
7936 59.79
7937 59.91
7938 59.79
7939 59.76
7940 59.85
7941 59.81
7942 59.88
7943 59.75
7944 59.80
7945 59.82
7946 59.87
7947 59.79
7948 59.86
7949 59.90
7950 59.80
7951 59.83
7952 59.83
7953 59.92
7954 59.93
7955 59.91
7956 59.85
7957 59.70
7958 59.87
7959 59.76
7960 59.84
7961 59.76
7962 59.80
7963 59.89
7964 59.94
7965 59.91
7966 59.79
7967 59.80
7968 59.82
7969 59.73
7970 59.85
7971 59.78
7972 59.79
7973 59.93
7974 59.93
7975 59.91
7976 59.83
7977 59.86
7978 59.89
7979 59.79
7980 59.84
7981 59.79
7982 59.89
7983 59.86
7984 59.94
7985 60.02
7986 59.90
7987 59.81
7988 59.98
7989 59.76
7990 59.77
7991 59.87
7992 59.85
7993 59.81
7994 59.82
7995 59.95
7996 59.86
7997 59.91
7998 59.88
7999 59.87
8000 59.70
8001 59.83
8002 59.76
8003 59.81
8004 59.80
8005 59.79
8006 59.90
8007 59.84
8008 59.81
8009 59.73
8010 59.74
8011 59.60
8012 59.73
8013 59.73
8014 59.85
8015 59.87
8016 59.92
8017 59.74
8018 59.60
8019 59.79
8020 59.66
8021 59.74
8022 59.83
8023 59.87
8024 59.87
8025 59.77
8026 59.72
8027 59.90
8028 59.85
8029 59.71
8030 59.78
8031 59.72
8032 59.94
8033 59.86
8034 59.81
8035 59.83
8036 59.88
8037 59.74
8038 59.76
8039 59.68
8040 59.79
8041 59.78
8042 59.84
8043 59.91
8044 59.93
8045 59.86
8046 59.87
8047 59.65
8048 59.79
8049 59.73
8050 59.86
8051 59.79
8052 59.72
8053 59.93
8054 59.88
8055 59.79
8056 59.83
8057 59.80
8058 59.86
8059 59.79
8060 59.70
8061 59.81
8062 59.72
8063 59.99
8064 59.87
8065 59.81
8066 59.76
8067 59.81
8068 59.81
8069 59.86
8070 59.90
8071 59.95
8072 59.86
8073 59.82
8074 59.79
8075 59.83
8076 59.86
8077 59.83
8078 59.76
8079 59.81
8080 59.78
8081 59.86
8082 59.77
8083 59.77
8084 59.94
8085 59.78
8086 59.92
8087 59.83
8088 59.84
8089 59.85
8090 59.84
8091 59.80
8092 59.65
8093 59.85
8094 59.74
8095 59.72
8096 59.70
8097 59.84
8098 59.86
8099 59.92
8100 59.80
8101 59.95
8102 59.83
8103 59.77
8104 59.79
8105 59.82
8106 59.84
8107 59.89
8108 59.91
8109 59.93
8110 59.85
8111 59.79
8112 59.72
8113 59.76
8114 59.77
8115 59.92
8116 59.82
8117 59.90
8118 59.87
8119 59.91
8120 59.88
8121 59.66
8122 59.87
8123 59.89
8124 59.87
8125 59.79
8126 59.91
8127 59.88
8128 59.81
8129 59.88
8130 59.77
8131 59.78
8132 60.01
8133 59.89
8134 59.70
8135 59.76
8136 59.87
8137 59.76
8138 59.91
8139 59.87
8140 59.87
8141 59.77
8142 59.89
8143 59.88
8144 59.85
8145 59.94
8146 59.70
8147 59.83
8148 59.79
8149 59.62
8150 59.73
8151 59.88
8152 60.00
8153 59.79
8154 59.94
8155 59.81
8156 59.86
8157 59.77
8158 59.76
8159 59.76
8160 59.87
8161 59.80
8162 59.89
8163 59.70
8164 59.73
8165 59.79
8166 59.82
8167 59.82
8168 59.74
8169 59.74
8170 59.82
8171 59.94
8172 59.89
8173 59.87
8174 59.85
8175 59.85
8176 59.76
8177 59.89
8178 59.93
8179 59.78
8180 59.92
8181 59.91
8182 59.84
8183 59.84
8184 59.81
8185 59.76
8186 59.81
8187 59.91
8188 60.01
8189 59.97
8190 59.78
8191 59.73
8192 59.87
8193 59.83
8194 59.72
8195 59.81
8196 59.80
8197 59.76
8198 59.74
8199 59.94
8200 59.86
8201 60.01
8202 59.99
8203 59.86
8204 59.72
8205 59.90
8206 59.90
8207 59.84
8208 59.91
8209 59.98
8210 59.89
8211 59.83
8212 59.76
8213 59.79
8214 59.94
8215 59.82
8216 59.98
8217 59.82
8218 59.88
8219 59.87
8220 59.65
8221 59.81
8222 59.78
8223 59.79
8224 59.82
8225 59.80
8226 59.89
8227 59.96
8228 59.84
8229 59.72
8230 59.77
8231 59.86
8232 59.87
8233 59.81
8234 59.87
8235 59.76
8236 59.90
8237 59.70
8238 59.79
8239 59.87
8240 59.85
8241 59.81
8242 59.76
8243 59.86
8244 59.85
8245 59.86
8246 59.69
8247 59.72
8248 59.86
8249 59.77
8250 59.80
8251 59.86
8252 59.72
8253 59.75
8254 59.74
8255 59.70
8256 59.79
8257 59.68
8258 59.79
8259 59.68
8260 59.82
8261 59.84
8262 59.86
8263 59.80
8264 59.78
8265 59.74
8266 59.79
8267 59.77
8268 59.80
8269 59.91
8270 59.89
8271 59.95
8272 59.68
8273 59.81
8274 59.87
8275 59.82
8276 59.74
8277 59.82
8278 59.90
8279 59.84
8280 59.95
8281 59.80
8282 59.87
8283 59.81
8284 59.81
8285 59.86
8286 59.66
8287 59.72
8288 59.74
8289 59.94
8290 59.91
8291 59.95
8292 59.74
8293 59.85
8294 59.70
8295 59.74
8296 59.79
8297 59.91
8298 59.78
8299 59.73
8300 59.87
8301 59.88
8302 59.87
8303 59.74
8304 59.90
8305 59.90
8306 59.97
8307 59.83
8308 59.81
8309 59.78
8310 59.81
8311 59.83
8312 59.79
8313 59.76
8314 59.87
8315 59.86
8316 59.85
8317 59.82
8318 59.88
8319 59.95
8320 59.79
8321 59.69
8322 59.79
8323 59.82
8324 59.73
8325 59.89
8326 59.84
8327 59.80
8328 59.90
8329 59.72
8330 59.88
8331 59.79
8332 59.67
8333 59.84
8334 59.79
8335 59.82
8336 59.92
8337 59.86
8338 59.85
8339 59.89
8340 59.70
8341 59.76
8342 59.87
8343 59.88
8344 59.93
8345 59.83
8346 59.79
8347 59.74
8348 59.96
8349 59.73
8350 59.73
8351 59.85
8352 59.90
8353 59.96
8354 59.85
8355 59.79
8356 59.88
8357 59.74
8358 59.88
8359 59.84
8360 59.96
8361 59.76
8362 59.92
8363 59.69
8364 59.90
8365 59.81
8366 59.72
8367 59.76
8368 59.81
8369 59.87
8370 59.89
8371 59.86
8372 59.76
8373 59.97
8374 59.79
8375 59.77
8376 59.70
8377 59.81
8378 59.86
8379 59.86
8380 59.83
8381 59.87
8382 59.94
8383 59.84
8384 59.76
8385 59.77
8386 59.92
8387 59.94
8388 59.90
8389 59.83
8390 59.83
8391 59.85
8392 59.66
8393 59.75
8394 59.81
8395 59.74
8396 59.91
8397 59.78
8398 59.79
8399 59.84
8400 59.87
8401 59.89
8402 59.84
8403 59.79
8404 59.89
8405 59.92
8406 59.83
8407 59.93
8408 59.90
8409 59.75
8410 59.75
8411 59.86
8412 59.79
8413 59.93
8414 59.84
8415 59.82
8416 59.94
8417 59.73
8418 59.75
8419 59.69
8420 59.89
8421 59.81
8422 59.89
8423 59.94
8424 59.73
8425 59.74
8426 59.83
8427 59.88
8428 59.92
8429 59.75
8430 59.93
8431 59.77
8432 59.71
8433 59.73
8434 59.84
8435 59.92
8436 59.96
8437 59.72
8438 59.97
8439 59.79
8440 59.68
8441 59.79
8442 59.83
8443 59.78
8444 59.83
8445 59.82
8446 59.70
8447 59.72
8448 59.87
8449 59.88
8450 59.91
8451 59.78
8452 59.90
8453 59.83
8454 59.78
8455 59.78
8456 59.71
8457 59.87
8458 59.90
8459 59.94
8460 59.86
8461 59.79
8462 59.72
8463 59.73
8464 59.85
8465 59.86
8466 59.89
8467 60.00
8468 59.85
8469 59.68
8470 59.67
8471 59.68
8472 59.83
8473 59.84
8474 59.88
8475 59.90
8476 59.88
8477 59.73
8478 59.87
8479 59.70
8480 59.93
8481 59.92
8482 59.86
8483 59.82
8484 59.72
8485 59.77
8486 59.90
8487 59.89
8488 59.88
8489 59.84
8490 59.90
8491 59.71
8492 59.84
8493 59.70
8494 59.79
8495 59.85
8496 59.85
8497 59.87
8498 59.85
8499 59.78
8500 59.88
8501 59.85
8502 59.91
8503 59.78
8504 59.84
8505 59.82
8506 59.66
8507 59.71
8508 59.81
8509 59.88
8510 59.93
8511 59.74
8512 59.97
8513 59.72
8514 59.84
8515 59.62
8516 59.92
8517 59.95
8518 59.76
8519 59.71
8520 59.78
8521 59.68
8522 59.70
8523 59.81
8524 59.92
8525 59.76
8526 59.85
8527 59.79
8528 59.85
8529 59.79
8530 59.70
8531 59.82
8532 59.89
8533 59.78
8534 59.78
8535 59.79
8536 59.69
8537 59.85
8538 59.85
8539 59.85
8540 59.82
8541 59.76
8542 59.85
8543 59.86
8544 59.81
8545 59.79
8546 59.69
8547 59.99
8548 59.82
8549 59.81
8550 59.79
8551 59.94
8552 59.88
8553 59.90
8554 59.88
8555 59.87
8556 59.92
8557 59.85
8558 59.75
8559 59.81
8560 59.93
8561 59.89
8562 59.90
8563 59.87
8564 59.72
8565 59.73
8566 59.85
8567 59.89
8568 59.82
8569 59.75
8570 59.88
8571 59.74
8572 59.63
8573 59.87
8574 59.92
8575 59.83
8576 59.77
8577 59.81
8578 59.92
8579 59.74
8580 59.78
8581 59.79
8582 59.81
8583 59.91
8584 59.83
8585 59.80
8586 59.67
8587 59.61
8588 59.54
8589 59.56
8590 59.42
8591 59.14
8592 58.98
8593 57.66
8594 56.18
8595 54.77
8596 52.26
8597 49.92
8598 47.31
8599 44.53
8600 41.23
8601 38.43
8602 36.14
8603 34.43
8604 32.83
8605 31.55
8606 29.88
8607 28.83
8608 27.68
8609 26.67
8610 25.90
8611 25.16
8612 24.87
8613 24.41
8614 24.11
8615 23.86
8616 23.74
8617 23.17
8618 22.64
8619 22.00
8620 21.37
8621 20.74
8622 20.24
8623 19.84
8624 19.40
8625 19.12
8626 18.62
8627 18.54
8628 18.28
8629 18.47
8630 18.63
