1 13.31
2 13.22
3 12.66
4 12.24
5 11.73
6 11.33
7 10.95
8 10.39
9 9.67
10 9.23
11 8.70
12 8.15
13 7.64
14 7.02
15 6.78
16 6.89
17 6.94
18 6.74
19 6.43
20 6.00
21 6.19
22 7.77
23 21.22
24 34.02
25 39.11
26 43.74
27 47.56
28 48.77
29 48.92
30 49.51
31 51.62
32 54.94
33 56.63
34 57.58
35 58.10
36 58.38
37 58.31
38 58.48
39 58.50
40 58.61
41 58.46
42 58.53
43 58.66
44 58.54
45 58.71
46 58.65
47 58.59
48 58.48
49 58.47
50 58.49
51 58.46
52 58.46
53 58.61
54 58.45
55 58.65
56 58.43
57 58.38
58 58.28
59 58.27
60 58.26
61 58.42
62 58.35
63 58.35
64 58.29
65 58.25
66 58.18
67 58.16
68 58.23
69 58.18
70 58.35
71 58.27
72 58.12
73 58.08
74 58.10
75 58.03
76 58.21
77 58.10
78 58.21
79 58.34
80 58.27
81 58.30
82 58.31
83 58.26
84 58.29
85 58.27
86 58.40
87 58.34
88 58.54
89 58.22
90 58.33
91 58.27
92 58.27
93 58.24
94 58.38
95 58.50
96 58.40
97 58.36
98 58.29
99 58.38
100 58.27
101 58.34
102 58.38
103 58.45
104 58.29
105 58.39
106 58.26
107 58.44
108 58.37
109 58.24
110 58.34
111 58.36
112 58.38
113 58.36
114 58.28
115 58.50
116 58.28
117 58.27
118 58.36
119 58.34
120 58.36
121 58.30
122 58.29
123 58.39
124 58.45
125 58.24
126 58.29
127 58.25
128 58.38
129 58.32
130 58.22
131 58.22
132 58.21
133 58.38
134 58.41
135 58.37
136 58.40
137 58.34
138 58.18
139 58.23
140 58.18
141 58.25
142 58.24
143 58.27
144 58.37
145 58.31
146 58.23
147 58.24
148 58.19
149 58.20
150 58.36
151 58.30
152 58.30
153 58.17
154 58.31
155 58.33
156 58.21
157 58.31
158 58.35
159 58.20
160 58.27
161 58.38
162 58.33
163 58.38
164 58.34
165 58.45
166 58.32
167 58.25
168 58.16
169 58.13
170 58.20
171 58.36
172 58.36
173 58.40
174 58.56
175 58.23
176 58.28
177 58.31
178 58.39
179 58.39
180 58.48
181 58.31
182 58.40
183 58.32
184 58.29
185 58.19
186 58.26
187 58.22
188 58.41
189 58.44
190 58.35
191 58.27
192 58.24
193 58.41
194 58.41
195 58.48
196 58.32
197 58.37
198 58.33
199 58.33
200 58.31
201 58.35
202 58.47
203 58.36
204 58.45
205 58.27
206 58.41
207 58.41
208 58.45
209 58.41
210 58.38
211 58.38
212 58.35
213 58.36
214 58.54
215 58.41
216 58.34
217 58.36
218 58.43
219 58.46
220 58.49
221 58.46
222 58.51
223 58.32
224 58.33
225 58.47
226 58.45
227 58.34
228 58.39
229 58.34
230 58.36
231 58.34
232 58.46
233 58.45
234 58.40
235 58.45
236 58.33
237 58.41
238 58.46
239 58.48
240 58.47
241 58.51
242 58.43
243 58.37
244 58.50
245 58.40
246 58.42
247 58.46
248 58.48
249 58.58
250 58.56
251 58.56
252 58.43
253 58.55
254 58.61
255 58.41
256 58.55
257 58.52
258 58.56
259 58.68
260 58.46
261 58.45
262 58.45
263 58.48
264 58.59
265 58.50
266 58.53
267 58.56
268 58.57
269 58.54
270 58.56
271 58.68
272 58.51
273 58.68
274 58.59
275 58.56
276 58.41
277 58.51
278 58.57
279 58.71
280 58.63
281 58.74
282 58.53
283 58.51
284 58.52
285 58.52
286 58.59
287 58.71
288 58.76
289 58.66
290 58.66
291 58.61
292 58.61
293 58.58
294 58.66
295 58.61
296 58.61
297 58.67
298 58.68
299 58.68
300 58.57
301 58.54
302 58.67
303 58.65
304 58.60
305 58.66
306 58.67
307 58.68
308 58.63
309 58.70
310 58.69
311 58.75
312 58.67
313 58.80
314 58.59
315 58.62
316 58.64
317 58.55
318 58.77
319 58.70
320 58.64
321 58.63
322 58.78
323 58.77
324 58.76
325 58.75
326 58.79
327 58.63
328 58.78
329 58.85
330 58.78
331 58.69
332 58.68
333 58.85
334 58.77
335 58.73
336 58.70
337 58.77
338 58.77
339 58.75
340 58.72
341 58.84
342 58.83
343 58.71
344 58.75
345 58.75
346 58.80
347 58.77
348 58.81
349 58.89
350 58.73
351 58.63
352 58.70
353 58.79
354 58.74
355 58.81
356 58.65
357 58.88
358 58.84
359 58.74
360 58.81
361 58.78
362 58.74
363 58.82
364 58.83
365 58.87
366 59.00
367 58.86
368 58.86
369 58.78
370 58.83
371 58.95
372 58.82
373 58.91
374 58.90
375 58.91
376 58.82
377 58.91
378 58.90
379 58.83
380 58.86
381 58.93
382 59.06
383 58.74
384 58.86
385 58.81
386 58.83
387 58.80
388 58.99
389 58.95
390 58.86
391 58.97
392 58.83
393 58.88
394 58.88
395 58.91
396 58.93
397 58.86
398 59.08
399 58.91
400 59.03
401 58.76
402 58.86
403 59.00
404 58.90
405 58.96
406 58.92
407 58.97
408 58.98
409 58.89
410 58.93
411 58.94
412 58.95
413 58.96
414 58.97
415 59.09
416 58.98
417 58.98
418 59.03
419 58.93
420 58.91
421 58.85
422 59.09
423 58.89
424 58.92
425 58.89
426 59.03
427 59.07
428 59.00
429 59.09
430 59.04
431 59.10
432 58.97
433 58.92
434 58.98
435 59.05
436 58.99
437 58.98
438 59.08
439 59.00
440 59.09
441 59.04
442 59.14
443 59.13
444 59.19
445 59.13
446 59.07
447 59.05
448 59.07
449 59.04
450 59.09
451 59.16
452 59.04
453 59.11
454 58.97
455 59.17
456 59.13
457 59.11
458 59.09
459 59.19
460 59.12
461 59.13
462 59.04
463 59.10
464 59.13
465 59.13
466 59.20
467 59.12
468 58.99
469 59.20
470 59.02
471 59.12
472 59.01
473 59.14
474 59.14
475 59.27
476 58.97
477 59.09
478 59.05
479 59.01
480 59.11
481 59.10
482 59.13
483 59.22
484 59.11
485 59.14
486 59.25
487 59.20
488 59.02
489 59.17
490 59.18
491 59.21
492 59.26
493 59.05
494 59.12
495 59.32
496 59.03
497 59.04
498 59.05
499 59.08
500 59.23
501 59.24
502 59.11
503 59.25
504 59.21
505 59.13
506 59.02
507 59.30
508 59.22
509 59.18
510 59.34
511 59.16
512 59.25
513 59.22
514 59.09
515 59.29
516 59.25
517 59.36
518 59.27
519 59.19
520 59.29
521 59.19
522 59.13
523 59.19
524 59.32
525 59.24
526 59.25
527 59.40
528 59.33
529 59.20
530 59.23
531 59.14
532 59.26
533 59.32
534 59.34
535 59.21
536 59.33
537 59.32
538 59.19
539 59.17
540 59.25
541 59.33
542 59.29
543 59.36
544 59.22
545 59.31
546 59.39
547 59.21
548 59.22
549 59.08
550 59.35
551 59.31
552 59.38
553 59.25
554 59.39
555 59.24
556 59.22
557 59.22
558 59.32
559 59.35
560 59.26
561 59.30
562 59.28
563 59.36
564 59.34
565 59.24
566 59.40
567 59.31
568 59.23
569 59.31
570 59.41
571 59.40
572 59.38
573 59.18
574 59.36
575 59.33
576 59.28
577 59.31
578 59.32
579 59.41
580 59.42
581 59.34
582 59.25
583 59.29
584 59.40
585 59.37
586 59.29
587 59.31
588 59.35
589 59.45
590 59.33
591 59.47
592 59.29
593 59.18
594 59.37
595 59.34
596 59.36
597 59.48
598 59.50
599 59.40
600 59.29
601 59.41
602 59.33
603 59.43
604 59.28
605 59.31
606 59.38
607 59.35
608 59.37
609 59.32
610 59.50
611 59.45
612 59.29
613 59.28
614 59.29
615 59.56
616 59.39
617 59.32
618 59.39
619 59.27
620 59.41
621 59.36
622 59.41
623 59.37
624 59.29
625 59.33
626 59.31
627 59.34
628 59.31
629 59.45
630 59.44
631 59.38
632 59.18
633 59.37
634 59.42
635 59.43
636 59.31
637 59.38
638 59.32
639 59.43
640 59.42
641 59.38
642 59.47
643 59.46
644 59.39
645 59.38
646 59.15
647 59.31
648 59.39
649 59.40
650 59.48
651 59.32
652 59.42
653 59.66
654 59.55
655 59.38
656 59.41
657 59.36
658 59.49
659 59.46
660 59.40
661 59.45
662 59.43
663 59.47
664 59.45
665 59.27
666 59.31
667 59.50
668 59.50
669 59.45
670 59.39
671 59.39
672 59.43
673 59.54
674 59.30
675 59.50
676 59.50
677 59.43
678 59.38
679 59.40
680 59.48
681 59.46
682 59.40
683 59.52
684 59.47
685 59.45
686 59.50
687 59.59
688 59.49
689 59.38
690 59.46
691 59.50
692 59.47
693 59.35
694 59.47
695 59.46
696 59.60
697 59.49
698 59.53
699 59.33
700 59.50
701 59.53
702 59.49
703 59.49
704 59.47
705 59.58
706 59.46
707 59.54
708 59.56
709 59.49
710 59.38
711 59.48
712 59.41
713 59.44
714 59.49
715 59.58
716 59.59
717 59.56
718 59.50
719 59.44
720 59.39
721 59.41
722 59.43
723 59.49
724 59.55
725 59.55
726 59.54
727 59.65
728 59.57
729 59.51
730 59.37
731 59.44
732 59.46
733 59.38
734 59.49
735 59.47
736 59.51
737 59.57
738 59.53
739 59.47
740 59.40
741 59.38
742 59.46
743 59.40
744 59.49
745 59.58
746 59.55
747 59.43
748 59.34
749 59.56
750 59.47
751 59.41
752 59.49
753 59.48
754 59.62
755 59.58
756 59.42
757 59.49
758 59.70
759 59.54
760 59.40
761 59.39
762 59.52
763 59.65
764 59.68
765 59.45
766 59.67
767 59.56
768 59.52
769 59.53
770 59.44
771 59.41
772 59.52
773 59.68
774 59.49
775 59.65
776 59.59
777 59.49
778 59.56
779 59.64
780 59.62
781 59.58
782 59.48
783 59.52
784 59.64
785 59.56
786 59.62
787 59.43
788 59.52
789 59.49
790 59.60
791 59.52
792 59.63
793 59.59
794 59.55
795 59.53
796 59.52
797 59.46
798 59.60
799 59.64
800 59.57
801 59.70
802 59.55
803 59.54
804 59.52
805 59.60
806 59.62
807 59.49
808 59.48
809 59.52
810 59.65
811 59.55
812 59.49
813 59.61
814 59.57
815 59.60
816 59.60
817 59.59
818 59.61
819 59.60
820 59.57
821 59.54
822 59.49
823 59.50
824 59.59
825 59.46
826 59.50
827 59.51
828 59.70
829 59.52
830 59.53
831 59.59
832 59.59
833 59.56
834 59.54
835 59.48
836 59.55
837 59.64
838 59.66
839 59.58
840 59.61
841 59.57
842 59.49
843 59.56
844 59.51
845 59.56
846 59.62
847 59.65
848 59.54
849 59.64
850 59.69
851 59.64
852 59.53
853 59.57
854 59.66
855 59.62
856 59.64
857 59.56
858 59.57
859 59.73
860 59.62
861 59.51
862 59.65
863 59.50
864 59.73
865 59.54
866 59.58
867 59.57
868 59.72
869 59.65
870 59.57
871 59.51
872 59.47
873 59.49
874 59.61
875 59.65
876 59.69
877 59.67
878 59.60
879 59.65
880 59.50
881 59.72
882 59.55
883 59.62
884 59.56
885 59.59
886 59.60
887 59.72
888 59.57
889 59.48
890 59.63
891 59.58
892 59.57
893 59.42
894 59.70
895 59.49
896 59.67
897 59.43
898 59.71
899 59.65
900 59.59
901 59.55
902 59.54
903 59.45
904 59.55
905 59.67
906 59.56
907 59.57
908 59.51
909 59.66
910 59.66
911 59.68
912 59.62
913 59.64
914 59.58
915 59.65
916 59.65
917 59.59
918 59.51
919 59.57
920 59.68
921 59.58
922 59.85
923 59.65
924 59.62
925 59.69
926 59.69
927 59.54
928 59.58
929 59.61
930 59.71
931 59.70
932 59.58
933 59.63
934 59.69
935 59.64
936 59.59
937 59.65
938 59.63
939 59.45
940 59.54
941 59.58
942 59.77
943 59.77
944 59.72
945 59.61
946 59.53
947 59.69
948 59.54
949 59.67
950 59.59
951 59.80
952 59.63
953 59.62
954 59.66
955 59.61
956 59.51
957 59.58
958 59.75
959 59.78
960 59.68
961 59.65
962 59.56
963 59.63
964 59.57
965 59.56
966 59.68
967 59.71
968 59.66
969 59.56
970 59.48
971 59.65
972 59.57
973 59.64
974 59.68
975 59.63
976 59.81
977 59.73
978 59.70
979 59.59
980 59.64
981 59.62
982 59.57
983 59.61
984 59.78
985 59.74
986 59.72
987 59.68
988 59.74
989 59.52
990 59.54
991 59.81
992 59.68
993 59.68
994 59.81
995 59.61
996 59.53
997 59.72
998 59.63
999 59.73
1000 59.74
1001 59.67
1002 59.67
1003 59.70
1004 59.73
1005 59.85
1006 59.63
1007 59.58
1008 59.61
1009 59.67
1010 59.73
1011 59.70
1012 59.60
1013 59.78
1014 59.68
1015 59.58
1016 59.72
1017 59.62
1018 59.70
1019 59.59
1020 59.65
1021 59.76
1022 59.56
1023 59.63
1024 59.67
1025 59.68
1026 59.69
1027 59.73
1028 59.70
1029 59.64
1030 59.78
1031 59.75
1032 59.66
1033 59.60
1034 59.61
1035 59.76
1036 59.75
1037 59.70
1038 59.60
1039 59.73
1040 59.60
1041 59.74
1042 59.63
1043 59.74
1044 59.71
1045 59.79
1046 59.83
1047 59.83
1048 59.75
1049 59.65
1050 59.62
1051 59.68
1052 59.68
1053 59.77
1054 59.66
1055 59.86
1056 59.76
1057 59.71
1058 59.69
1059 59.67
1060 59.81
1061 59.85
1062 59.81
1063 59.71
1064 59.79
1065 59.80
1066 59.68
1067 59.59
1068 59.72
1069 59.82
1070 59.78
1071 59.70
1072 59.85
1073 59.88
1074 59.63
1075 59.63
1076 59.70
1077 59.67
1078 59.87
1079 59.65
1080 59.72
1081 59.72
1082 59.67
1083 59.61
1084 59.62
1085 59.75
1086 59.61
1087 59.73
1088 59.83
1089 59.81
1090 59.68
1091 59.72
1092 59.63
1093 59.81
1094 59.79
1095 59.76
1096 59.76
1097 59.60
1098 59.81
1099 59.68
1100 59.68
1101 59.80
1102 59.78
1103 59.77
1104 59.74
1105 59.75
1106 59.79
1107 59.72
1108 59.74
1109 59.65
1110 59.82
1111 59.77
1112 59.65
1113 59.71
1114 59.75
1115 59.86
1116 59.65
1117 59.66
1118 59.69
1119 59.67
1120 59.67
1121 59.82
1122 59.70
1123 59.88
1124 59.75
1125 59.67
1126 59.63
1127 59.60
1128 59.66
1129 59.72
1130 59.64
1131 59.80
1132 59.82
1133 59.74
1134 59.70
1135 59.76
1136 59.74
1137 59.79
1138 59.80
1139 59.78
1140 59.77
1141 59.95
1142 59.79
1143 59.73
1144 59.63
1145 59.72
1146 59.76
1147 59.92
1148 59.81
1149 59.80
1150 59.72
1151 59.66
1152 59.77
1153 59.76
1154 59.73
1155 59.81
1156 59.76
1157 59.86
1158 59.80
1159 59.64
1160 59.77
1161 59.68
1162 59.79
1163 59.85
1164 59.94
1165 59.79
1166 59.71
1167 59.84
1168 59.71
1169 59.89
1170 59.74
1171 59.72
1172 59.77
1173 59.80
1174 59.69
1175 59.70
1176 59.78
1177 59.89
1178 59.72
1179 59.81
1180 59.76
1181 59.83
1182 59.67
1183 59.88
1184 59.77
1185 59.76
1186 59.78
1187 59.86
1188 59.84
1189 59.78
1190 59.71
1191 59.74
1192 59.90
1193 59.83
1194 59.81
1195 59.73
1196 59.80
1197 59.74
1198 59.79
1199 59.73
1200 59.78
1201 59.85
1202 59.86
1203 59.79
1204 59.89
1205 59.86
1206 59.81
1207 59.79
1208 59.84
1209 59.86
1210 59.86
1211 59.70
1212 59.79
1213 59.76
1214 59.81
1215 59.77
1216 59.75
1217 59.78
1218 59.85
1219 59.64
1220 59.75
1221 59.71
1222 59.87
1223 59.76
1224 59.78
1225 59.68
1226 59.80
1227 59.79
1228 59.76
1229 59.87
1230 59.84
1231 59.85
1232 59.79
1233 59.78
1234 59.78
1235 59.79
1236 59.75
1237 59.82
1238 59.86
1239 59.93
1240 59.94
1241 59.72
1242 59.77
1243 59.80
1244 59.82
1245 59.68
1246 59.79
1247 59.89
1248 59.91
1249 59.89
1250 59.83
1251 59.80
1252 59.81
1253 59.72
1254 59.87
1255 59.85
1256 59.81
1257 59.77
1258 59.88
1259 59.73
1260 59.77
1261 59.83
1262 59.85
1263 59.81
1264 59.87
1265 59.88
1266 59.79
1267 59.82
1268 59.92
1269 59.86
1270 59.78
1271 59.85
1272 59.81
1273 59.91
1274 59.96
1275 59.79
1276 59.89
1277 59.92
1278 59.72
1279 59.92
1280 59.86
1281 59.97
1282 59.79
1283 59.79
1284 59.60
1285 59.83
1286 59.75
1287 59.88
1288 59.77
1289 59.93
1290 59.97
1291 59.81
1292 59.71
1293 59.87
1294 59.81
1295 59.82
1296 59.86
1297 59.79
1298 59.92
1299 59.83
1300 60.01
1301 59.91
1302 59.83
1303 59.90
1304 59.89
1305 59.88
1306 59.92
1307 59.97
1308 59.88
1309 59.81
1310 59.91
1311 59.99
1312 59.72
1313 59.75
1314 59.80
1315 59.91
1316 59.90
1317 59.92
1318 59.87
1319 59.91
1320 59.84
1321 59.83
1322 59.86
1323 59.85
1324 59.83
1325 59.82
1326 59.92
1327 59.87
1328 59.83
1329 59.71
1330 59.81
1331 59.84
1332 59.94
1333 59.86
1334 59.81
1335 59.93
1336 59.89
1337 59.82
1338 59.72
1339 59.81
1340 59.93
1341 59.92
1342 59.78
1343 59.78
1344 59.91
1345 59.90
1346 59.72
1347 59.87
1348 59.98
1349 59.85
1350 59.97
1351 59.85
1352 59.93
1353 59.89
1354 59.90
1355 59.73
1356 59.77
1357 59.88
1358 59.91
1359 59.92
1360 59.86
1361 59.95
1362 59.81
1363 59.90
1364 59.86
1365 59.83
1366 59.97
1367 59.85
1368 59.91
1369 59.86
1370 59.88
1371 59.74
1372 59.90
1373 59.95
1374 59.86
1375 59.90
1376 60.06
1377 59.90
1378 59.79
1379 59.90
1380 59.83
1381 59.98
1382 59.84
1383 59.70
1384 60.00
1385 59.84
1386 59.74
1387 59.90
1388 60.00
1389 59.98
1390 59.99
1391 59.90
1392 59.88
1393 59.97
1394 59.89
1395 59.92
1396 59.76
1397 59.97
1398 59.96
1399 59.90
1400 59.88
1401 59.93
1402 59.87
1403 59.87
1404 59.99
1405 59.87
1406 59.97
1407 59.98
1408 60.06
1409 59.87
1410 59.89
1411 59.93
1412 59.80
1413 59.90
1414 60.03
1415 59.87
1416 59.83
1417 59.87
1418 59.85
1419 59.81
1420 59.87
1421 59.89
1422 59.79
1423 60.01
1424 59.96
1425 59.97
1426 59.85
1427 59.79
1428 59.94
1429 59.81
1430 59.92
1431 59.89
1432 59.85
1433 60.00
1434 59.93
1435 59.82
1436 59.81
1437 59.89
1438 59.94
1439 60.05
1440 59.96
1441 59.86
1442 60.08
1443 59.97
1444 60.06
1445 59.88
1446 59.92
1447 59.87
1448 59.87
1449 59.81
1450 59.92
1451 59.88
1452 59.97
1453 60.03
1454 59.91
1455 59.94
1456 59.90
1457 59.95
1458 59.85
1459 60.06
1460 59.96
1461 59.90
1462 59.92
1463 59.85
1464 59.98
1465 59.94
1466 60.01
1467 59.84
1468 59.86
1469 59.90
1470 59.95
1471 59.94
1472 59.95
1473 59.83
1474 59.87
1475 59.88
1476 59.88
1477 60.04
1478 59.92
1479 59.91
1480 59.92
1481 59.83
1482 59.94
1483 59.85
1484 59.78
1485 59.90
1486 60.06
1487 59.97
1488 59.90
1489 59.88
1490 60.07
1491 59.98
1492 59.96
1493 59.90
1494 60.00
1495 60.03
1496 59.88
1497 59.98
1498 59.92
1499 60.01
1500 59.92
1501 59.89
1502 59.97
1503 60.02
1504 59.87
1505 59.95
1506 59.90
1507 60.00
1508 59.96
1509 59.88
1510 59.83
1511 60.05
1512 60.01
1513 60.02
1514 59.95
1515 59.90
1516 59.90
1517 60.06
1518 59.97
1519 59.81
1520 60.02
1521 60.02
1522 59.97
1523 59.85
1524 59.94
1525 60.10
1526 59.98
1527 59.88
1528 60.03
1529 60.00
1530 59.99
1531 60.22
1532 59.88
1533 60.07
1534 60.01
1535 60.20
1536 59.87
1537 59.86
1538 59.91
1539 59.97
1540 59.98
1541 59.99
1542 60.01
1543 59.97
1544 60.04
1545 59.78
1546 59.97
1547 60.08
1548 59.88
1549 59.91
1550 60.08
1551 60.09
1552 59.99
1553 59.92
1554 60.05
1555 60.06
1556 59.98
1557 59.99
1558 59.97
1559 60.11
1560 60.12
1561 59.97
1562 59.92
1563 59.92
1564 60.06
1565 60.01
1566 59.91
1567 60.00
1568 59.90
1569 60.10
1570 60.12
1571 60.10
1572 59.96
1573 59.96
1574 59.93
1575 60.10
1576 59.94
1577 60.02
1578 60.01
1579 59.99
1580 59.94
1581 60.01
1582 60.01
1583 59.88
1584 60.09
1585 60.04
1586 60.12
1587 60.04
1588 60.17
1589 59.85
1590 60.17
1591 59.96
1592 59.93
1593 60.01
1594 60.00
1595 60.11
1596 59.97
1597 59.99
1598 60.13
1599 59.98
1600 59.99
1601 59.93
1602 59.88
1603 60.06
1604 60.02
1605 59.83
1606 60.11
1607 60.05
1608 60.05
1609 59.92
1610 59.91
1611 60.06
1612 60.08
1613 60.09
1614 60.01
1615 60.05
1616 60.13
1617 59.92
1618 59.95
1619 59.88
1620 60.08
1621 60.09
1622 60.07
1623 60.17
1624 60.11
1625 60.15
1626 59.84
1627 60.07
1628 60.01
1629 60.06
1630 60.09
1631 60.06
1632 60.16
1633 60.15
1634 59.99
1635 60.03
1636 60.05
1637 59.97
1638 60.15
1639 59.95
1640 60.11
1641 60.01
1642 60.14
1643 59.96
1644 59.89
1645 60.02
1646 60.06
1647 59.94
1648 60.01
1649 60.08
1650 60.14
1651 60.04
1652 60.15
1653 59.98
1654 60.04
1655 60.03
1656 60.06
1657 60.02
1658 60.02
1659 60.05
1660 60.03
1661 60.03
1662 59.87
1663 60.01
1664 60.14
1665 60.01
1666 60.05
1667 60.13
1668 59.99
1669 60.04
1670 60.12
1671 59.99
1672 59.97
1673 60.00
1674 60.01
1675 60.10
1676 60.15
1677 60.04
1678 60.05
1679 59.97
1680 60.00
1681 59.93
1682 60.16
1683 60.02
1684 60.17
1685 60.03
1686 59.98
1687 60.08
1688 60.02
1689 60.07
1690 60.15
1691 60.23
1692 60.16
1693 60.02
1694 60.08
1695 59.99
1696 60.09
1697 59.92
1698 60.15
1699 60.03
1700 59.97
1701 60.16
1702 59.97
1703 60.10
1704 60.13
1705 60.03
1706 60.01
1707 60.21
1708 60.17
1709 60.10
1710 60.00
1711 60.00
1712 60.06
1713 60.07
1714 60.03
1715 60.03
1716 60.21
1717 60.03
1718 60.01
1719 59.97
1720 60.18
1721 59.94
1722 60.08
1723 60.19
1724 60.17
1725 60.07
1726 60.09
1727 60.05
1728 60.07
1729 60.13
1730 60.11
1731 60.17
1732 60.22
1733 60.21
1734 60.10
1735 60.12
1736 60.05
1737 60.07
1738 60.10
1739 60.14
1740 60.18
1741 60.17
1742 60.18
1743 60.06
1744 60.05
1745 60.04
1746 60.03
1747 60.11
1748 60.15
1749 60.25
1750 60.10
1751 60.00
1752 60.05
1753 60.03
1754 60.04
1755 60.02
1756 60.24
1757 60.10
1758 60.20
1759 60.13
1760 60.08
1761 60.01
1762 59.96
1763 60.08
1764 60.12
1765 60.13
1766 60.18
1767 60.10
1768 60.06
1769 60.04
1770 60.13
1771 60.01
1772 60.13
1773 59.97
1774 60.01
1775 60.12
1776 60.09
1777 60.10
1778 60.02
1779 60.13
1780 60.10
1781 60.08
1782 60.07
1783 60.13
1784 60.13
1785 60.02
1786 60.11
1787 60.30
1788 60.10
1789 60.10
1790 60.03
1791 60.23
1792 60.11
1793 60.28
1794 60.04
1795 60.11
1796 60.14
1797 60.05
1798 60.10
1799 60.07
1800 60.09
1801 60.22
1802 60.21
1803 60.24
1804 60.15
1805 60.11
1806 60.13
1807 60.16
1808 60.10
1809 60.15
1810 60.06
1811 60.09
1812 60.04
1813 60.16
1814 60.27
1815 60.14
1816 60.06
1817 60.03
1818 59.96
1819 60.16
1820 60.06
1821 60.11
1822 60.13
1823 60.17
1824 60.12
1825 60.14
1826 60.00
1827 60.19
1828 60.08
1829 59.99
1830 60.12
1831 60.18
1832 60.11
1833 60.23
1834 60.04
1835 60.04
1836 60.21
1837 60.08
1838 60.10
1839 60.13
1840 60.16
1841 60.24
1842 60.15
1843 60.18
1844 60.12
1845 60.07
1846 60.17
1847 60.03
1848 60.12
1849 60.17
1850 60.21
1851 60.21
1852 60.18
1853 60.20
1854 60.17
1855 60.03
1856 60.00
1857 60.08
1858 60.02
1859 59.96
1860 59.82
1861 59.81
1862 58.60
1863 56.31
1864 54.15
1865 52.73
1866 49.43
1867 43.44
1868 36.43
1869 30.08
1870 27.08
1871 25.23
1872 23.22
1873 21.22
1874 19.55
1875 18.18
1876 16.88
1877 15.89
1878 15.11
1879 14.32
1880 13.77
1881 13.12
1882 12.90
1883 13.38
1884 13.80
1885 14.24
1886 14.61
1887 14.98
1888 15.24
1889 15.55
1890 15.73
1891 16.01
1892 16.21
1893 16.43
1894 16.66
1895 16.83
1896 17.06
1897 17.13
1898 17.35
1899 17.51
1900 17.62
1901 17.76
1902 17.86
1903 18.01
1904 18.09
1905 18.23
1906 18.36
1907 18.39
1908 18.48
1909 18.78
1910 18.66
1911 18.78
1912 18.92
1913 18.98
1914 19.04
1915 19.14
1916 19.19
1917 19.32
1918 19.40
1919 19.45
1920 19.47
1921 19.59
1922 19.60
1923 19.66
1924 19.76
1925 19.81
1926 19.89
1927 19.91
1928 19.99
1929 19.98
1930 19.99
1931 20.08
1932 20.09
1933 20.19
1934 20.22
1935 20.23
1936 20.24
1937 20.24
1938 20.31
1939 20.32
1940 20.33
1941 20.39
1942 20.29
1943 20.42
1944 20.48
1945 20.48
1946 20.49
1947 20.59
1948 20.59
1949 20.58
1950 20.57
1951 20.70
1952 20.61
1953 20.68
1954 20.76
1955 20.75
1956 20.75
1957 20.79
1958 20.84
1959 20.75
1960 20.79
