1 17.56
2 17.33
3 17.04
4 16.65
5 16.30
6 16.10
7 15.80
8 15.43
9 15.19
10 14.94
11 14.74
12 14.43
13 14.21
14 13.91
15 13.73
16 13.57
17 13.45
18 13.22
19 13.05
20 13.44
21 14.80
22 32.89
23 59.13
24 68.91
25 73.97
26 76.60
27 76.99
28 78.32
29 79.37
30 79.45
31 79.48
32 79.63
33 79.73
34 79.81
35 79.69
36 79.97
37 79.72
38 79.73
39 79.75
40 79.70
41 79.57
42 79.70
43 79.66
44 79.70
45 79.82
46 79.58
47 79.47
48 79.50
49 79.56
50 79.50
51 79.44
52 79.45
53 79.57
54 79.33
55 79.25
56 79.35
57 79.38
58 79.34
59 79.34
60 79.25
61 79.12
62 79.05
63 79.15
64 79.00
65 78.99
66 78.88
67 79.03
68 78.88
69 78.83
70 78.75
71 78.72
72 78.59
73 78.71
74 78.60
75 78.72
76 78.62
77 78.54
78 78.72
79 78.65
80 78.54
81 78.65
82 78.80
83 78.90
84 78.87
85 78.75
86 78.77
87 78.85
88 78.56
89 78.65
90 78.80
91 78.87
92 78.78
93 78.69
94 78.79
95 78.84
96 78.74
97 78.65
98 78.61
99 78.70
100 78.87
101 78.70
102 78.97
103 78.88
104 78.77
105 78.70
106 78.69
107 78.65
108 78.87
109 78.72
110 78.77
111 78.75
112 78.77
113 78.69
114 78.76
115 78.65
116 78.72
117 78.67
118 78.80
119 78.77
120 78.59
121 78.57
122 78.64
123 78.65
124 78.70
125 78.77
126 78.51
127 78.69
128 78.80
129 78.71
130 78.55
131 78.67
132 78.69
133 78.57
134 78.46
135 78.65
136 78.74
137 78.68
138 78.78
139 78.69
140 78.66
141 78.57
142 78.70
143 78.48
144 78.63
145 78.68
146 78.59
147 78.57
148 78.55
149 78.53
150 78.70
151 78.49
152 78.73
153 78.57
154 78.72
155 78.57
156 78.63
157 78.60
158 78.65
159 78.50
160 78.53
161 78.67
162 78.65
163 78.73
164 78.61
165 78.56
166 78.72
167 78.73
168 78.56
169 78.57
170 78.61
171 78.65
172 78.73
173 78.67
174 78.60
175 78.55
176 78.70
177 78.52
178 78.57
179 78.71
180 78.67
181 78.75
182 78.67
183 78.71
184 78.72
185 78.72
186 78.65
187 78.63
188 78.54
189 78.72
190 78.75
191 78.81
192 78.86
193 78.73
194 78.54
195 78.62
196 78.55
197 78.66
198 78.71
199 78.82
200 78.65
201 78.73
202 78.79
203 78.62
204 78.68
205 78.77
206 78.66
207 78.72
208 78.82
209 78.69
210 78.80
211 78.84
212 78.79
213 78.62
214 78.65
215 78.76
216 78.79
217 78.72
218 78.68
219 78.70
220 78.92
221 78.78
222 78.84
223 78.61
224 78.80
225 78.61
226 78.77
227 78.82
228 78.80
229 78.81
230 78.64
231 78.68
232 78.75
233 78.73
234 78.65
235 78.77
236 78.95
237 78.85
238 78.76
239 78.72
240 78.77
241 78.83
242 78.81
243 78.83
244 78.84
245 78.95
246 79.04
247 78.99
248 78.72
249 78.79
250 78.61
251 78.77
252 78.69
253 78.79
254 78.84
255 78.92
256 78.89
257 78.88
258 78.77
259 78.79
260 78.85
261 78.75
262 78.95
263 78.86
264 78.92
265 78.85
266 78.94
267 78.87
268 78.88
269 78.90
270 78.75
271 79.02
272 78.95
273 78.89
274 78.75
275 78.87
276 78.96
277 78.97
278 79.08
279 78.92
280 79.07
281 78.92
282 78.92
283 79.10
284 78.88
285 78.87
286 78.96
287 79.00
288 79.07
289 78.92
290 79.05
291 79.04
292 79.01
293 78.92
294 79.09
295 79.12
296 79.13
297 79.07
298 78.90
299 79.03
300 78.96
301 79.02
302 79.02
303 79.04
304 79.26
305 79.05
306 78.87
307 79.18
308 79.04
309 79.02
310 78.99
311 79.19
312 79.10
313 79.10
314 79.26
315 79.09
316 79.00
317 79.02
318 79.05
319 78.96
320 79.08
321 79.15
322 79.28
323 79.28
324 79.18
325 79.18
326 79.05
327 79.20
328 79.23
329 79.31
330 79.23
331 79.22
332 79.25
333 79.25
334 79.24
335 79.15
336 79.16
337 79.08
338 79.25
339 79.24
340 79.10
341 79.09
342 79.15
343 79.22
344 79.36
345 79.13
346 79.27
347 79.00
348 79.30
349 79.19
350 79.23
351 79.32
352 79.39
353 79.43
354 79.26
355 79.07
356 79.26
357 79.24
358 79.20
359 79.26
360 79.25
361 79.39
362 79.37
363 79.26
364 79.19
365 79.50
366 79.24
367 79.31
368 79.38
369 79.25
370 79.38
371 79.42
372 79.54
373 79.49
374 79.23
375 79.30
376 79.25
377 79.30
378 79.40
379 79.33
380 79.40
381 79.48
382 79.35
383 79.54
384 79.46
385 79.43
386 79.37
387 79.49
388 79.53
389 79.43
390 79.42
391 79.51
392 79.68
393 79.33
394 79.38
395 79.33
396 79.44
397 79.44
398 79.47
399 79.44
400 79.47
401 79.54
402 79.54
403 79.41
404 79.36
405 79.45
406 79.35
407 79.30
408 79.41
409 79.51
410 79.52
411 79.56
412 79.39
413 79.37
414 79.41
415 79.44
416 79.53
417 79.43
418 79.59
419 79.55
420 79.35
421 79.32
422 79.44
423 79.45
424 79.40
425 79.49
426 79.58
427 79.48
428 79.60
429 79.51
430 79.58
431 79.53
432 79.62
433 79.54
434 79.60
435 79.59
436 79.63
437 79.59
438 79.50
439 79.68
440 79.62
441 79.42
442 79.53
443 79.65
444 79.66
445 79.74
446 79.63
447 79.71
448 79.63
449 79.70
450 79.67
451 79.50
452 79.58
453 79.70
454 79.66
455 79.55
456 79.72
457 79.73
458 79.43
459 79.51
460 79.60
461 79.68
462 79.71
463 79.68
464 79.75
465 79.58
466 79.65
467 79.56
468 79.63
469 79.71
470 79.60
471 79.71
472 79.79
473 79.77
474 79.64
475 79.59
476 79.66
477 79.63
478 79.73
479 79.67
480 79.69
481 79.76
482 79.60
483 79.74
484 79.64
485 79.55
486 79.76
487 79.77
488 79.88
489 79.58
490 79.74
491 79.87
492 79.59
493 79.71
494 79.65
495 79.70
496 79.81
497 79.76
498 79.69
499 79.66
500 79.85
501 79.73
502 79.73
503 79.43
504 79.83
505 79.71
506 79.67
507 79.53
508 79.76
509 79.88
510 79.66
511 79.68
512 79.78
513 79.55
514 79.74
515 79.82
516 79.68
517 79.89
518 79.79
519 79.69
520 79.77
521 79.67
522 79.77
523 79.88
524 79.82
525 79.89
526 79.95
527 79.70
528 79.71
529 79.83
530 79.71
531 79.77
532 79.77
533 79.92
534 79.72
535 79.93
536 79.74
537 79.82
538 79.87
539 79.79
540 79.71
541 79.75
542 79.72
543 79.83
544 79.98
545 79.94
546 80.01
547 79.85
548 79.94
549 79.67
550 79.76
551 79.82
552 79.86
553 79.90
554 79.82
555 79.79
556 79.93
557 79.76
558 79.75
559 79.81
560 79.76
561 79.87
562 79.81
563 79.74
564 79.76
565 79.90
566 79.88
567 79.79
568 79.85
569 79.74
570 79.94
571 79.86
572 79.72
573 79.87
574 79.81
575 79.99
576 79.89
577 79.68
578 79.83
579 79.79
580 79.90
581 80.05
582 79.83
583 79.92
584 79.90
585 79.87
586 79.83
587 79.89
588 79.81
589 79.86
590 79.87
591 79.92
592 79.77
593 79.87
594 79.89
595 79.99
596 79.84
597 79.84
598 79.87
599 79.93
600 80.08
601 79.83
602 79.90
603 79.89
604 79.77
605 79.88
606 79.95
607 79.89
608 80.13
609 79.94
610 80.00
611 79.80
612 80.02
613 79.84
614 79.92
615 79.85
616 79.97
617 79.84
618 79.79
619 79.94
620 80.12
621 79.86
622 79.91
623 80.00
624 79.93
625 80.21
626 80.01
627 79.94
628 79.86
629 79.85
630 79.92
631 79.85
632 80.01
633 80.02
634 79.96
635 80.02
636 79.79
637 80.10
638 79.95
639 79.97
640 79.82
641 79.97
642 80.02
643 80.18
644 79.94
645 79.93
646 79.91
647 79.99
648 79.91
649 79.95
650 80.04
651 80.05
652 80.04
653 80.09
654 79.99
655 79.92
656 79.85
657 79.84
658 79.99
659 80.02
660 79.92
661 80.08
662 80.04
663 80.09
664 80.08
665 79.89
666 80.00
667 79.99
668 80.01
669 80.13
670 79.89
671 80.06
672 79.99
673 80.03
674 79.99
675 79.97
676 79.84
677 79.89
678 79.86
679 79.87
680 79.96
681 80.05
682 79.87
683 79.99
684 79.87
685 79.78
686 79.89
687 79.92
688 79.89
689 80.07
690 79.99
691 80.07
692 79.99
693 79.98
694 79.89
695 80.06
696 79.92
697 80.02
698 79.91
699 80.04
700 80.17
701 80.12
702 79.99
703 80.07
704 80.05
705 80.11
706 80.01
707 80.07
708 79.97
709 80.07
710 79.87
711 80.07
712 79.99
713 80.09
714 79.90
715 79.87
716 79.89
717 80.10
718 80.19
719 80.09
720 80.10
721 80.09
722 79.99
723 79.94
724 79.85
725 79.97
726 80.08
727 79.93
728 79.91
729 80.08
730 80.16
731 80.00
732 80.08
733 79.89
734 80.10
735 80.08
736 80.02
737 79.91
738 79.98
739 79.95
740 79.94
741 79.92
742 79.99
743 79.74
744 79.99
745 79.96
746 80.07
747 79.96
748 79.91
749 79.92
750 80.06
751 79.97
752 80.18
753 80.05
754 79.98
755 79.94
756 79.94
757 80.06
758 80.10
759 80.08
760 79.86
761 80.04
762 80.02
763 80.04
764 79.97
765 79.94
766 79.83
767 80.10
768 80.18
769 80.05
770 79.89
771 80.04
772 80.11
773 80.13
774 80.09
775 79.92
776 79.84
777 79.96
778 79.95
779 79.86
780 79.94
781 80.09
782 80.07
783 80.10
784 80.03
785 80.15
786 80.01
787 79.94
788 79.95
789 79.95
790 80.08
791 80.30
792 79.92
793 79.99
794 80.09
795 79.95
796 79.89
797 79.89
798 79.89
799 79.95
800 79.91
801 80.04
802 80.07
803 79.95
804 80.12
805 80.07
806 80.10
807 79.81
808 79.97
809 80.00
810 79.83
811 79.88
812 79.81
813 80.04
814 80.07
815 79.99
816 79.93
817 79.97
818 80.16
819 79.89
820 79.89
821 79.91
822 80.06
823 79.93
824 80.07
825 80.06
826 79.97
827 79.98
828 79.87
829 79.83
830 79.88
831 79.88
832 80.08
833 80.05
834 80.05
835 79.92
836 79.94
837 80.02
838 79.94
839 79.88
840 79.89
841 80.03
842 80.06
843 79.94
844 79.98
845 79.97
846 80.02
847 80.00
848 80.02
849 79.99
850 79.81
851 79.90
852 79.94
853 79.87
854 80.00
855 80.00
856 80.08
857 80.07
858 80.02
859 80.02
860 80.04
861 79.92
862 79.94
863 79.88
864 80.01
865 79.92
866 79.92
867 79.87
868 80.00
869 79.99
870 80.01
871 79.89
872 79.88
873 79.92
874 80.10
875 80.04
876 80.00
877 79.69
878 80.10
879 79.93
880 80.05
881 79.92
882 79.90
883 80.06
884 79.89
885 79.94
886 80.02
887 80.05
888 80.02
889 79.84
890 79.93
891 79.92
892 79.84
893 79.87
894 79.84
895 79.89
896 80.15
897 80.02
898 80.01
899 79.87
900 80.02
901 80.04
902 79.89
903 79.83
904 79.95
905 79.90
906 80.12
907 79.91
908 79.91
909 79.98
910 79.99
911 79.89
912 79.99
913 79.80
914 79.85
915 79.87
916 80.10
917 80.00
918 80.02
919 79.97
920 79.95
921 79.87
922 79.89
923 80.00
924 79.87
925 79.99
926 79.95
927 80.05
928 80.08
929 80.06
930 79.91
931 79.82
932 80.05
933 79.71
934 79.91
935 79.95
936 80.01
937 80.01
938 79.98
939 80.02
940 79.88
941 79.93
942 79.79
943 79.77
944 79.82
945 79.90
946 80.02
947 79.98
948 79.95
949 79.84
950 79.94
951 79.87
952 79.85
953 79.88
954 79.99
955 80.01
956 80.05
957 79.91
958 80.01
959 80.09
960 80.05
961 79.89
962 79.87
963 79.91
964 79.95
965 79.92
966 79.99
967 80.00
968 80.01
969 79.96
970 79.98
971 79.86
972 79.86
973 80.10
974 79.85
975 79.75
976 80.02
977 80.01
978 80.01
979 80.01
980 79.99
981 79.89
982 79.85
983 79.93
984 79.76
985 79.87
986 79.89
987 80.00
988 79.92
989 80.10
990 79.81
991 79.80
992 79.90
993 79.76
994 79.85
995 79.76
996 80.08
997 80.07
998 79.88
999 79.91
1000 79.89
1001 79.92
1002 80.00
1003 79.88
1004 79.91
1005 79.87
1006 79.94
1007 79.98
1008 79.94
1009 80.02
1010 79.84
1011 79.87
1012 79.82
1013 80.02
1014 79.92
1015 79.92
1016 79.84
1017 79.99
1018 79.82
1019 79.97
1020 79.74
1021 79.76
1022 79.86
1023 79.96
1024 79.81
1025 79.97
1026 79.96
1027 79.86
1028 79.84
1029 79.79
1030 79.92
1031 79.87
1032 79.99
1033 79.85
1034 79.98
1035 79.94
1036 79.97
1037 80.01
1038 79.74
1039 79.89
1040 80.03
1041 79.79
1042 79.87
1043 79.95
1044 79.87
1045 80.04
1046 79.84
1047 79.80
1048 79.82
1049 79.86
1050 79.94
1051 79.81
1052 79.94
1053 79.94
1054 79.94
1055 80.11
1056 79.84
1057 80.03
1058 79.95
1059 79.85
1060 79.79
1061 79.93
1062 79.87
1063 79.98
1064 79.87
1065 79.83
1066 79.95
1067 79.99
1068 79.72
1069 79.89
1070 79.82
1071 79.89
1072 79.96
1073 79.91
1074 79.94
1075 80.03
1076 79.93
1077 79.71
1078 79.75
1079 79.68
1080 79.81
1081 79.93
1082 79.74
1083 79.71
1084 79.83
1085 79.98
1086 79.79
1087 79.79
1088 79.69
1089 79.87
1090 79.66
1091 79.74
1092 79.80
1093 79.84
1094 79.78
1095 79.94
1096 79.84
1097 79.72
1098 79.83
1099 79.72
1100 79.67
1101 79.95
1102 79.89
1103 79.87
1104 79.97
1105 79.72
1106 79.94
1107 79.93
1108 79.79
1109 79.78
1110 79.76
1111 79.85
1112 79.88
1113 80.11
1114 79.79
1115 79.96
1116 79.87
1117 79.75
1118 79.82
1119 79.81
1120 79.83
1121 79.91
1122 79.93
1123 79.90
1124 79.99
1125 79.84
1126 79.67
1127 79.81
1128 79.74
1129 79.92
1130 79.89
1131 79.84
1132 79.87
1133 79.69
1134 79.69
1135 79.74
1136 79.90
1137 79.76
1138 79.91
1139 79.97
1140 79.89
1141 79.84
1142 79.84
1143 79.82
1144 79.64
1145 80.05
1146 79.89
1147 79.82
1148 79.86
1149 79.76
1150 79.65
1151 79.79
1152 79.98
1153 79.89
1154 79.78
1155 79.92
1156 79.82
1157 79.93
1158 79.73
1159 79.72
1160 79.69
1161 79.74
1162 79.86
1163 79.89
1164 79.90
1165 79.77
1166 79.89
1167 79.87
1168 79.77
1169 79.92
1170 79.81
1171 79.92
1172 79.80
1173 79.79
1174 79.77
1175 79.84
1176 79.78
1177 79.78
1178 79.72
1179 79.85
1180 79.63
1181 79.85
1182 79.90
1183 79.84
1184 79.71
1185 79.82
1186 79.66
1187 79.79
1188 79.94
1189 79.79
1190 79.81
1191 79.92
1192 79.90
1193 79.95
1194 79.74
1195 79.79
1196 79.83
1197 79.87
1198 79.76
1199 79.81
1200 79.71
1201 79.73
1202 79.91
1203 79.89
1204 79.82
1205 79.89
1206 79.97
1207 79.56
1208 79.70
1209 79.86
1210 79.85
1211 79.90
1212 79.73
1213 79.84
1214 79.99
1215 79.92
1216 79.75
1217 79.83
1218 79.87
1219 79.86
1220 79.94
1221 79.75
1222 79.75
1223 79.77
1224 79.87
1225 79.89
1226 79.80
1227 79.75
1228 79.70
1229 79.82
1230 79.78
1231 79.73
1232 79.71
1233 79.81
1234 79.89
1235 79.91
1236 79.87
1237 79.60
1238 79.92
1239 79.74
1240 79.64
1241 79.89
1242 79.73
1243 79.76
1244 79.92
1245 79.85
1246 79.78
1247 79.86
1248 79.91
1249 79.81
1250 79.83
1251 79.69
1252 79.91
1253 79.87
1254 79.91
1255 79.71
1256 79.84
1257 79.89
1258 79.74
1259 79.74
1260 79.79
1261 79.75
1262 79.89
1263 79.64
1264 79.74
1265 80.03
1266 79.77
1267 79.96
1268 79.75
1269 79.74
1270 79.66
1271 79.68
1272 79.87
1273 79.78
1274 79.67
1275 80.00
1276 79.89
1277 79.71
1278 79.83
1279 79.77
1280 79.77
1281 79.62
1282 79.75
1283 79.79
1284 79.86
1285 79.84
1286 79.81
1287 79.75
1288 79.93
1289 79.81
1290 79.68
1291 79.76
1292 79.81
1293 79.85
1294 79.94
1295 79.82
1296 79.85
1297 79.74
1298 79.88
1299 79.79
1300 79.80
1301 79.84
1302 79.71
1303 79.77
1304 79.63
1305 79.98
1306 79.82
1307 79.74
1308 79.91
1309 79.81
1310 79.64
1311 79.70
1312 79.85
1313 79.61
1314 79.75
1315 79.87
1316 79.77
1317 79.74
1318 79.85
1319 79.74
1320 79.71
1321 79.91
1322 79.97
1323 79.58
1324 79.81
1325 79.76
1326 79.98
1327 79.78
1328 79.82
1329 79.94
1330 79.73
1331 79.81
1332 79.84
1333 79.78
1334 79.74
1335 79.70
1336 79.80
1337 79.74
1338 79.82
1339 79.78
1340 79.82
1341 79.77
1342 79.90
1343 79.63
1344 79.62
1345 79.69
1346 79.65
1347 79.84
1348 79.84
1349 79.79
1350 79.79
1351 79.80
1352 79.96
1353 79.89
1354 79.77
1355 79.74
1356 79.74
1357 79.69
1358 79.75
1359 79.87
1360 79.84
1361 79.77
1362 79.76
1363 79.86
1364 79.80
1365 79.93
1366 79.66
1367 79.76
1368 79.71
1369 79.77
1370 79.82
1371 79.70
1372 79.78
1373 79.82
1374 79.92
1375 79.79
1376 79.67
1377 79.75
1378 79.84
1379 79.61
1380 79.80
1381 79.76
1382 79.74
1383 79.80
1384 79.97
1385 79.88
1386 79.83
1387 79.89
1388 79.92
1389 79.82
1390 79.71
1391 79.64
1392 79.81
1393 79.76
1394 79.89
1395 79.73
1396 79.67
1397 79.96
1398 79.87
1399 79.73
1400 79.79
1401 79.80
1402 79.74
1403 79.64
1404 79.75
1405 79.87
1406 79.77
1407 79.81
1408 79.70
1409 79.67
1410 79.78
1411 79.78
1412 79.68
1413 79.70
1414 79.93
1415 79.71
1416 79.78
1417 79.68
1418 79.76
1419 79.85
1420 79.78
1421 79.71
1422 79.69
1423 79.72
1424 79.91
1425 79.73
1426 79.84
1427 79.75
1428 79.81
1429 79.86
1430 79.73
1431 79.66
1432 79.77
1433 79.89
1434 79.72
1435 79.82
1436 79.74
1437 79.76
1438 79.84
1439 79.84
1440 79.69
1441 79.75
1442 79.57
1443 79.76
1444 79.77
1445 79.79
1446 79.76
1447 79.73
1448 79.79
1449 79.69
1450 79.79
1451 79.72
1452 79.82
1453 79.84
1454 79.60
1455 79.82
1456 79.87
1457 79.87
1458 79.78
1459 79.98
1460 79.71
1461 79.94
1462 79.96
1463 79.71
1464 79.65
1465 79.64
1466 79.75
1467 79.88
1468 79.89
1469 79.76
1470 79.90
1471 79.87
1472 79.83
1473 79.74
1474 79.72
1475 79.72
1476 79.76
1477 79.72
1478 79.86
1479 79.89
1480 79.81
1481 79.84
1482 79.74
1483 79.76
1484 79.82
1485 79.88
1486 79.69
1487 79.64
1488 79.81
1489 79.68
1490 79.68
1491 79.79
1492 79.87
1493 79.84
1494 79.82
1495 79.80
1496 79.75
1497 79.75
1498 79.79
1499 79.67
1500 79.75
1501 79.79
1502 79.81
1503 79.78
1504 79.83
1505 79.89
1506 79.77
1507 79.66
1508 79.63
1509 79.68
1510 79.66
1511 79.73
1512 79.70
1513 79.82
1514 79.99
1515 79.96
1516 79.88
1517 79.68
1518 79.77
1519 79.79
1520 79.93
1521 79.79
1522 79.71
1523 79.67
1524 79.77
1525 79.79
1526 79.74
1527 79.81
1528 79.87
1529 79.88
1530 79.79
1531 79.74
1532 79.78
1533 79.81
1534 79.73
1535 79.64
1536 79.84
1537 79.66
1538 79.76
1539 79.85
1540 79.78
1541 79.81
1542 79.75
1543 79.76
1544 79.76
1545 79.78
1546 79.79
1547 79.80
1548 79.88
1549 79.87
1550 79.87
1551 79.75
1552 79.88
1553 79.93
1554 80.01
1555 79.69
1556 79.70
1557 79.85
1558 79.79
1559 79.76
1560 79.81
1561 79.81
1562 79.74
1563 79.85
1564 79.89
1565 79.96
1566 79.78
1567 79.68
1568 79.76
1569 79.69
1570 79.76
1571 79.84
1572 79.71
1573 79.79
1574 79.76
1575 79.94
1576 79.78
1577 79.73
1578 79.87
1579 79.92
1580 79.68
1581 79.79
1582 79.73
1583 79.73
1584 79.72
1585 79.79
1586 79.76
1587 79.91
1588 79.86
1589 79.89
1590 79.92
1591 79.73
1592 79.82
1593 79.63
1594 79.69
1595 79.63
1596 79.72
1597 79.85
1598 79.82
1599 79.77
1600 79.68
1601 79.78
1602 79.85
1603 79.92
1604 79.61
1605 79.69
1606 79.75
1607 79.78
1608 79.78
1609 79.63
1610 79.84
1611 79.74
1612 79.81
1613 79.81
1614 79.85
1615 79.76
1616 79.67
1617 79.77
1618 79.82
1619 79.66
1620 79.74
1621 79.73
1622 79.78
1623 79.76
1624 79.81
1625 79.74
1626 79.88
1627 79.85
1628 79.81
1629 79.68
1630 79.77
1631 79.74
1632 79.77
1633 79.63
1634 79.67
1635 79.74
1636 79.73
1637 79.81
1638 79.89
1639 79.93
1640 79.73
1641 79.63
1642 79.82
1643 79.81
1644 79.74
1645 79.70
1646 79.84
1647 79.89
1648 79.75
1649 79.84
1650 79.86
1651 79.89
1652 79.68
1653 79.66
1654 79.81
1655 79.87
1656 79.71
1657 79.87
1658 79.71
1659 79.92
1660 79.87
1661 79.89
1662 79.73
1663 79.83
1664 79.77
1665 79.79
1666 79.74
1667 79.75
1668 79.67
1669 79.80
1670 79.74
1671 79.81
1672 79.75
1673 79.77
1674 79.75
1675 79.84
1676 79.67
1677 79.74
1678 79.83
1679 79.89
1680 79.79
1681 79.71
1682 79.73
1683 79.78
1684 79.86
1685 79.73
1686 79.83
1687 79.81
1688 79.98
1689 79.93
1690 79.96
1691 79.85
1692 79.83
1693 79.83
1694 79.84
1695 79.63
1696 79.72
1697 79.84
1698 79.76
1699 79.80
1700 79.69
1701 79.76
1702 79.95
1703 79.82
1704 79.71
1705 79.68
1706 79.83
1707 79.69
1708 79.84
1709 79.72
1710 79.87
1711 79.89
1712 79.82
1713 79.77
1714 79.71
1715 79.77
1716 79.85
1717 79.72
1718 79.92
1719 79.83
1720 79.73
1721 79.93
1722 79.86
1723 79.82
1724 79.84
1725 79.81
1726 79.71
1727 79.72
1728 79.75
1729 79.76
1730 79.80
1731 79.83
1732 79.76
1733 79.76
1734 79.85
1735 80.10
1736 79.71
1737 79.85
1738 79.81
1739 79.68
1740 79.72
1741 79.69
1742 79.83
1743 79.81
1744 79.91
1745 79.93
1746 79.71
1747 79.74
1748 79.80
1749 79.83
1750 79.76
1751 79.83
1752 79.84
1753 79.75
1754 79.79
1755 79.83
1756 79.79
1757 79.87
1758 79.80
1759 79.57
1760 79.81
1761 79.77
1762 79.69
1763 79.81
1764 79.81
1765 79.76
1766 79.72
1767 79.67
1768 79.67
1769 79.78
1770 79.80
1771 79.77
1772 79.84
1773 79.63
1774 79.92
1775 79.81
1776 79.82
1777 79.80
1778 79.71
1779 79.58
1780 79.71
1781 79.81
1782 79.76
1783 79.78
1784 79.66
1785 79.85
1786 79.81
1787 79.73
1788 79.73
1789 79.83
1790 79.88
1791 79.69
1792 79.74
1793 79.70
1794 79.75
1795 79.84
1796 79.88
1797 79.96
1798 79.85
1799 79.84
1800 79.87
1801 79.80
1802 79.62
1803 79.61
1804 79.96
1805 79.80
1806 79.74
1807 79.74
1808 79.87
1809 79.93
1810 79.92
1811 79.83
1812 79.63
1813 79.82
1814 79.76
1815 79.76
1816 79.78
1817 79.69
1818 79.74
1819 79.94
1820 79.81
1821 79.85
1822 79.89
1823 79.71
1824 79.71
1825 79.82
1826 79.85
1827 79.85
1828 79.83
1829 79.72
1830 80.02
1831 80.02
1832 79.95
1833 79.81
1834 79.64
1835 79.82
1836 79.79
1837 79.79
1838 79.95
1839 79.90
1840 79.78
1841 79.85
1842 79.94
1843 79.76
1844 79.84
1845 79.90
1846 79.80
1847 79.84
1848 79.76
1849 79.71
1850 79.83
1851 79.82
1852 79.83
1853 79.69
1854 79.78
1855 79.66
1856 79.73
1857 79.61
1858 79.74
1859 79.82
1860 79.81
1861 79.89
1862 79.88
1863 79.81
1864 79.89
1865 79.84
1866 79.79
1867 79.65
1868 79.87
1869 79.83
1870 79.89
1871 79.79
1872 79.75
1873 79.84
1874 79.84
1875 79.92
1876 79.85
1877 79.70
1878 79.66
1879 79.89
1880 79.78
1881 79.66
1882 79.68
1883 79.89
1884 79.78
1885 79.91
1886 79.86
1887 79.75
1888 79.80
1889 79.89
1890 79.81
1891 79.83
1892 79.83
1893 79.69
1894 79.74
1895 79.88
1896 79.85
1897 79.83
1898 79.79
1899 79.91
1900 79.76
1901 79.73
1902 79.68
1903 79.86
1904 79.97
1905 79.74
1906 79.83
1907 79.85
1908 79.88
1909 79.72
1910 79.67
1911 79.76
1912 79.79
1913 79.78
1914 79.75
1915 79.91
1916 79.84
1917 79.88
1918 79.79
1919 79.87
1920 79.84
1921 79.74
1922 79.75
1923 79.76
1924 79.82
1925 79.79
1926 79.93
1927 79.72
1928 79.83
1929 79.69
1930 79.92
1931 79.64
1932 79.64
1933 79.71
1934 79.95
1935 79.91
1936 79.94
1937 79.84
1938 79.86
1939 79.83
1940 79.95
1941 79.72
1942 79.80
1943 79.84
1944 79.87
1945 79.92
1946 79.78
1947 79.87
1948 79.86
1949 79.81
1950 79.69
1951 79.69
1952 79.87
1953 79.93
1954 79.91
1955 79.86
1956 79.94
1957 79.87
1958 79.89
1959 79.75
1960 79.78
1961 79.89
1962 79.80
1963 79.88
1964 79.72
1965 79.71
1966 79.94
1967 79.92
1968 79.90
1969 79.79
1970 79.68
1971 79.79
1972 79.72
1973 79.67
1974 79.84
1975 79.80
1976 80.00
1977 79.89
1978 79.82
1979 79.92
1980 79.92
1981 79.81
1982 79.76
1983 79.67
1984 79.75
1985 80.02
1986 79.88
1987 79.75
1988 79.74
1989 79.96
1990 79.91
1991 79.88
1992 79.83
1993 79.80
1994 79.83
1995 79.87
1996 79.88
1997 79.83
1998 79.86
1999 79.91
2000 79.85
2001 79.87
2002 79.78
2003 79.81
2004 79.77
2005 79.92
2006 79.74
2007 79.86
2008 79.87
2009 79.79
2010 79.94
2011 79.77
2012 79.89
2013 79.91
2014 79.77
2015 79.78
2016 79.82
2017 80.06
2018 79.84
2019 79.92
2020 79.96
2021 79.94
2022 79.80
2023 79.78
2024 79.72
2025 79.75
2026 79.90
2027 79.72
2028 79.90
2029 79.81
2030 80.01
2031 79.89
2032 79.87
2033 79.78
2034 79.78
2035 79.77
2036 79.99
2037 79.66
2038 79.77
2039 79.66
2040 79.88
2041 79.84
2042 79.83
2043 79.96
2044 79.89
2045 79.88
2046 80.02
2047 79.79
2048 79.84
2049 79.78
2050 79.94
2051 79.81
2052 79.93
2053 79.77
2054 79.95
2055 79.94
2056 79.99
2057 79.76
2058 79.77
2059 79.91
2060 79.96
2061 79.96
2062 79.86
2063 79.97
2064 79.85
2065 79.91
2066 79.79
2067 79.87
2068 79.81
2069 79.84
2070 79.75
2071 79.92
2072 79.84
2073 79.97
2074 79.81
2075 79.79
2076 79.87
2077 79.86
2078 79.84
2079 79.77
2080 79.81
2081 79.77
2082 79.84
2083 79.99
2084 79.88
2085 79.83
2086 79.75
2087 79.92
2088 79.94
2089 79.71
2090 79.79
2091 79.92
2092 79.89
2093 79.77
2094 79.94
2095 79.94
2096 79.91
2097 80.00
2098 79.63
2099 79.81
2100 79.96
2101 79.97
2102 79.74
2103 79.90
2104 79.89
2105 80.00
2106 79.91
2107 79.77
2108 79.96
2109 79.88
2110 79.86
2111 79.83
2112 79.91
2113 79.91
2114 79.82
2115 79.89
2116 79.83
2117 79.82
2118 79.87
2119 79.82
2120 79.82
2121 79.98
2122 80.04
2123 79.87
2124 79.76
2125 79.89
2126 79.97
2127 79.84
2128 79.72
2129 79.96
2130 79.93
2131 79.87
2132 79.91
2133 79.73
2134 79.73
2135 79.95
2136 79.69
2137 79.88
2138 79.88
2139 79.92
2140 80.09
2141 79.97
2142 79.76
2143 79.80
2144 79.85
2145 79.72
2146 79.94
2147 79.91
2148 79.89
2149 79.76
2150 79.92
2151 80.05
2152 79.74
2153 79.75
2154 79.94
2155 79.91
2156 79.95
2157 79.71
2158 79.83
2159 79.89
2160 79.95
2161 79.78
2162 79.85
2163 79.88
2164 79.92
2165 79.96
2166 79.87
2167 79.84
2168 79.91
2169 79.90
2170 79.91
2171 79.76
2172 79.82
2173 79.80
2174 79.92
2175 79.88
2176 79.97
2177 79.82
2178 79.81
2179 79.92
2180 80.02
2181 79.57
2182 79.77
2183 79.82
2184 79.94
2185 80.00
2186 79.90
2187 80.05
2188 79.93
2189 79.79
2190 79.76
2191 79.80
2192 79.81
2193 79.94
2194 79.83
2195 79.92
2196 79.97
2197 79.95
2198 80.01
2199 79.92
2200 79.86
2201 79.93
2202 79.96
2203 79.80
2204 79.88
2205 80.06
2206 79.98
2207 79.88
2208 79.76
2209 79.74
2210 79.89
2211 79.98
2212 79.78
2213 79.80
2214 79.92
2215 79.92
2216 79.95
2217 79.81
2218 79.89
2219 79.99
2220 79.85
2221 79.78
2222 79.77
2223 79.91
2224 79.93
2225 79.86
2226 79.87
2227 79.91
2228 79.97
2229 79.94
2230 79.78
2231 79.91
2232 79.95
2233 80.01
2234 79.85
2235 79.80
2236 79.84
2237 79.88
2238 79.92
2239 79.77
2240 79.88
2241 80.07
2242 79.97
2243 79.91
2244 79.86
2245 79.99
2246 79.94
2247 79.93
2248 79.96
2249 79.81
2250 80.02
2251 79.95
2252 79.89
2253 79.97
2254 79.93
2255 79.97
2256 79.88
2257 79.81
2258 79.86
2259 79.92
2260 79.94
2261 79.96
2262 79.94
2263 79.91
2264 79.95
2265 79.89
2266 79.91
2267 79.89
2268 79.90
2269 79.92
2270 79.77
2271 79.88
2272 79.94
2273 79.87
2274 79.68
2275 79.91
2276 79.99
2277 79.79
2278 79.76
2279 79.87
2280 79.99
2281 79.96
2282 79.91
2283 79.87
2284 79.93
2285 79.86
2286 79.82
2287 79.98
2288 79.93
2289 79.87
2290 79.91
2291 79.80
2292 79.95
2293 80.01
2294 79.81
2295 79.84
2296 80.08
2297 79.94
2298 79.92
2299 79.94
2300 80.04
2301 79.98
2302 79.92
2303 79.97
2304 79.88
2305 79.87
2306 79.97
2307 80.00
2308 79.91
2309 79.99
2310 79.92
2311 79.91
2312 79.74
2313 79.85
2314 79.93
2315 79.90
2316 79.87
2317 79.94
2318 79.89
2319 79.94
2320 79.76
2321 79.93
2322 79.74
2323 79.97
2324 79.95
2325 79.73
2326 80.01
2327 79.97
2328 80.15
2329 79.91
2330 79.86
2331 79.85
2332 79.94
2333 79.73
2334 79.93
2335 79.88
2336 80.12
2337 79.97
2338 79.82
2339 79.84
2340 79.82
2341 79.88
2342 79.89
2343 79.72
2344 79.91
2345 79.89
2346 80.05
2347 79.88
2348 79.73
2349 79.89
2350 79.91
2351 79.79
2352 80.03
2353 79.92
2354 79.89
2355 79.95
2356 79.84
2357 79.75
2358 79.96
2359 79.92
2360 79.82
2361 79.95
2362 79.86
2363 79.92
2364 79.93
2365 80.00
2366 79.97
2367 79.92
2368 80.03
2369 79.74
2370 79.78
2371 79.83
2372 79.95
2373 79.88
2374 79.90
2375 79.94
2376 80.01
2377 79.74
2378 79.84
2379 80.00
2380 79.89
2381 79.97
2382 79.75
2383 80.01
2384 79.90
2385 80.10
2386 79.94
2387 79.81
2388 79.92
2389 79.87
2390 80.07
2391 79.83
2392 79.85
2393 80.23
2394 80.05
2395 79.97
2396 79.74
2397 79.87
2398 79.95
2399 79.83
2400 79.91
2401 79.95
2402 80.00
2403 79.97
2404 80.00
2405 79.87
2406 79.91
2407 79.95
2408 79.92
2409 79.76
2410 79.88
2411 80.05
2412 79.97
2413 79.84
2414 79.94
2415 79.92
2416 80.04
2417 79.75
2418 79.90
2419 79.92
2420 79.93
2421 79.97
2422 79.97
2423 79.96
2424 80.11
2425 79.89
2426 79.83
2427 79.75
2428 79.93
2429 79.99
2430 79.94
2431 80.04
2432 80.02
2433 79.96
2434 79.93
2435 79.97
2436 79.89
2437 79.97
2438 80.01
2439 79.87
2440 79.98
2441 79.96
2442 80.18
2443 79.90
2444 79.89
2445 79.76
2446 79.97
2447 79.95
2448 80.00
2449 79.87
2450 79.91
2451 79.99
2452 79.97
2453 79.92
2454 79.86
2455 79.97
2456 79.88
2457 79.81
2458 79.96
2459 79.94
2460 80.06
2461 79.84
2462 79.99
2463 79.85
2464 79.99
2465 79.93
2466 79.75
2467 79.87
2468 79.91
2469 80.09
2470 80.05
2471 79.96
2472 79.94
2473 79.99
2474 80.01
2475 79.89
2476 80.05
2477 79.86
2478 79.88
2479 79.93
2480 79.95
2481 80.10
2482 80.12
2483 80.02
2484 80.02
2485 80.05
2486 79.79
2487 79.87
2488 80.02
2489 80.02
2490 80.02
2491 80.14
2492 80.10
2493 79.98
2494 79.97
2495 79.85
2496 79.76
2497 80.02
2498 79.83
2499 79.97
2500 79.92
2501 79.97
2502 80.05
2503 79.98
2504 80.07
2505 79.87
2506 80.05
2507 79.81
2508 79.92
2509 79.87
2510 79.98
2511 79.84
2512 80.12
2513 80.05
2514 79.89
2515 80.09
2516 79.95
2517 79.87
2518 79.98
2519 79.87
2520 80.02
2521 80.02
2522 79.88
2523 79.92
2524 79.98
2525 80.10
2526 79.88
2527 79.83
2528 79.79
2529 79.95
2530 80.04
2531 79.85
2532 79.92
2533 79.97
2534 80.03
2535 80.00
2536 80.10
2537 79.93
2538 79.97
2539 80.10
2540 79.99
2541 79.92
2542 79.86
2543 79.98
2544 80.00
2545 79.99
2546 79.94
2547 79.92
2548 80.08
2549 80.08
2550 79.92
2551 79.92
2552 79.91
2553 79.90
2554 80.15
2555 79.90
2556 79.92
2557 79.94
2558 80.00
2559 80.03
2560 79.89
2561 79.83
2562 79.98
2563 79.93
2564 79.92
2565 79.94
2566 80.05
2567 80.00
2568 79.81
2569 79.95
2570 80.05
2571 79.97
2572 79.95
2573 80.15
2574 79.88
2575 79.97
2576 79.89
2577 80.02
2578 79.99
2579 79.87
2580 79.99
2581 79.91
2582 80.05
2583 79.87
2584 79.95
2585 79.98
2586 80.07
2587 79.91
2588 80.01
2589 80.07
2590 80.00
2591 79.88
2592 80.02
2593 79.83
2594 79.95
2595 80.00
2596 79.96
2597 79.96
2598 80.08
2599 79.97
2600 80.09
2601 80.02
2602 79.90
2603 79.82
2604 79.86
2605 79.93
2606 79.84
2607 79.87
2608 79.96
2609 80.09
2610 79.90
2611 79.85
2612 79.95
2613 80.05
2614 80.12
2615 79.93
2616 79.89
2617 79.94
2618 79.84
2619 79.97
2620 80.14
2621 79.90
2622 79.94
2623 80.07
2624 80.07
2625 79.95
2626 79.92
2627 79.93
2628 79.98
2629 79.94
2630 80.03
2631 79.90
2632 79.90
2633 80.08
2634 80.09
2635 79.97
2636 79.92
2637 79.85
2638 79.95
2639 79.89
2640 79.96
2641 79.99
2642 80.12
2643 79.99
2644 80.02
2645 80.07
2646 79.93
2647 80.01
2648 79.97
2649 80.07
2650 79.89
2651 79.85
2652 79.97
2653 80.10
2654 80.04
2655 80.06
2656 79.98
2657 80.04
2658 79.95
2659 79.91
2660 80.00
2661 79.77
2662 80.02
2663 79.78
2664 80.02
2665 79.95
2666 80.02
2667 80.03
2668 80.19
2669 79.92
2670 80.18
2671 80.11
2672 79.82
2673 79.90
2674 80.02
2675 79.98
2676 80.03
2677 80.05
2678 79.97
2679 80.01
2680 80.04
2681 80.00
2682 80.08
2683 79.93
2684 79.84
2685 80.01
2686 79.95
2687 80.02
2688 80.00
2689 80.00
2690 80.05
2691 80.03
2692 79.94
2693 79.86
2694 79.84
2695 79.95
2696 79.94
2697 80.01
2698 79.89
2699 80.14
2700 80.04
2701 80.10
2702 79.84
2703 79.92
2704 80.08
2705 80.02
2706 79.89
2707 79.97
2708 80.05
2709 80.04
2710 80.03
2711 79.98
2712 79.90
2713 80.07
2714 79.98
2715 79.88
2716 79.94
2717 79.85
2718 79.99
2719 79.96
2720 80.07
2721 80.15
2722 79.99
2723 79.93
2724 79.99
2725 79.80
2726 79.99
2727 80.10
2728 79.93
2729 80.05
2730 80.11
2731 80.14
2732 79.94
2733 79.86
2734 79.96
2735 80.13
2736 80.11
2737 79.84
2738 79.94
2739 80.04
2740 80.02
2741 79.94
2742 80.01
2743 80.07
2744 79.90
2745 80.05
2746 79.94
2747 79.89
2748 80.20
2749 80.09
2750 80.09
2751 79.93
2752 79.92
2753 79.98
2754 80.00
2755 80.02
2756 79.90
2757 80.02
2758 79.88
2759 79.94
2760 80.09
2761 80.12
2762 80.03
2763 79.89
2764 79.91
2765 80.05
2766 79.97
2767 79.98
2768 80.05
2769 79.98
2770 80.11
2771 79.94
2772 79.93
2773 79.95
2774 80.04
2775 80.13
2776 80.00
2777 80.02
2778 80.07
2779 80.10
2780 79.94
2781 79.84
2782 80.03
2783 80.12
2784 79.95
2785 80.05
2786 80.08
2787 80.22
2788 80.07
2789 80.03
2790 79.90
2791 80.05
2792 79.96
2793 80.02
2794 80.05
2795 79.97
2796 79.99
2797 80.19
2798 80.01
2799 79.96
2800 80.02
2801 80.10
2802 79.90
2803 80.05
2804 79.99
2805 79.99
2806 80.15
2807 79.88
2808 80.01
2809 80.03
2810 79.94
2811 79.94
2812 79.94
2813 80.07
2814 80.08
2815 80.10
2816 80.07
2817 79.88
2818 79.90
2819 80.20
2820 79.98
2821 79.98
2822 79.89
2823 80.15
2824 80.02
2825 80.14
2826 80.09
2827 80.02
2828 79.99
2829 80.09
2830 80.01
2831 79.98
2832 79.99
2833 80.05
2834 80.09
2835 80.11
2836 79.95
2837 80.06
2838 80.08
2839 80.09
2840 80.02
2841 79.97
2842 80.03
2843 79.93
2844 80.07
2845 80.09
2846 80.05
2847 80.05
2848 80.10
2849 80.12
2850 79.97
2851 79.99
2852 79.94
2853 80.05
2854 80.11
2855 80.02
2856 80.04
2857 80.13
2858 79.98
2859 80.02
2860 79.99
2861 80.25
2862 80.15
2863 79.84
2864 80.01
2865 79.97
2866 80.15
2867 80.10
2868 80.10
2869 80.17
2870 80.04
2871 79.97
2872 79.92
2873 80.01
2874 80.00
2875 80.13
2876 80.10
2877 80.06
2878 80.24
2879 80.19
2880 80.11
2881 80.17
2882 80.00
2883 80.02
2884 80.15
2885 80.01
2886 79.92
2887 80.05
2888 80.02
2889 80.16
2890 80.10
2891 79.91
2892 79.99
2893 80.06
2894 80.05
2895 79.95
2896 80.19
2897 79.96
2898 80.11
2899 79.99
2900 79.99
2901 80.25
2902 80.03
2903 80.02
2904 79.94
2905 79.89
2906 80.01
2907 80.07
2908 80.10
2909 80.09
2910 80.18
2911 80.05
2912 80.14
2913 80.01
2914 80.12
2915 80.12
2916 80.17
2917 80.06
2918 80.03
2919 80.20
2920 80.06
2921 80.10
2922 79.98
2923 80.07
2924 79.95
2925 79.92
2926 80.09
2927 79.95
2928 80.13
2929 80.00
2930 80.05
2931 79.85
2932 80.05
2933 80.08
2934 80.02
2935 80.03
2936 80.01
2937 80.08
2938 80.19
2939 79.99
2940 79.80
2941 80.17
2942 80.12
2943 80.02
2944 80.05
2945 80.10
2946 80.05
2947 80.34
2948 79.94
2949 80.07
2950 80.11
2951 79.90
2952 79.98
2953 80.00
2954 80.03
2955 80.22
2956 80.11
2957 80.09
2958 80.01
2959 80.12
2960 80.17
2961 80.02
2962 79.90
2963 80.11
2964 80.07
2965 80.16
2966 80.03
2967 80.04
2968 80.04
2969 80.18
2970 80.04
2971 80.02
2972 80.04
2973 80.10
2974 80.18
2975 80.15
2976 80.11
2977 80.14
2978 80.16
2979 80.00
2980 80.09
2981 80.09
2982 80.18
2983 80.09
2984 80.14
2985 80.03
2986 80.04
2987 80.08
2988 80.02
2989 80.02
2990 80.07
2991 80.16
2992 79.95
2993 79.87
2994 80.01
2995 80.00
2996 79.96
2997 80.00
2998 80.04
2999 80.04
3000 80.01
3001 79.99
3002 80.06
3003 79.98
3004 80.07
3005 80.16
3006 80.27
3007 80.07
3008 80.19
3009 80.06
3010 80.09
3011 80.12
3012 80.16
3013 80.10
3014 80.11
3015 80.14
3016 80.03
3017 80.15
3018 79.97
3019 80.05
3020 79.94
3021 80.06
3022 80.15
3023 80.23
3024 79.99
3025 80.12
3026 80.14
3027 80.07
3028 80.16
3029 80.06
3030 80.09
3031 79.92
3032 80.20
3033 80.07
3034 80.13
3035 80.12
3036 80.12
3037 80.10
3038 80.10
3039 80.19
3040 80.04
3041 80.08
3042 80.02
3043 80.08
3044 80.19
3045 80.14
3046 80.08
3047 80.07
3048 80.02
3049 80.07
3050 80.20
3051 80.21
3052 80.02
3053 80.07
3054 80.18
3055 80.17
3056 80.10
3057 80.06
3058 80.06
3059 80.26
3060 80.12
3061 79.90
3062 80.20
3063 80.08
3064 80.11
3065 80.23
3066 80.06
3067 80.16
3068 80.19
3069 80.19
3070 80.07
3071 79.92
3072 79.93
3073 80.12
3074 80.05
3075 80.22
3076 80.23
3077 80.13
3078 80.16
3079 80.01
3080 79.98
3081 80.05
3082 80.23
3083 80.04
3084 80.03
3085 80.10
3086 80.10
3087 80.16
3088 80.20
3089 80.14
3090 79.94
3091 80.12
3092 80.00
3093 80.02
3094 80.07
3095 80.12
3096 80.13
3097 80.12
3098 79.96
3099 80.24
3100 80.20
3101 79.87
3102 80.04
3103 80.07
3104 80.24
3105 80.20
3106 80.17
3107 80.07
3108 80.07
3109 80.10
3110 80.08
3111 80.13
3112 80.08
3113 80.05
3114 80.17
3115 79.91
3116 80.28
3117 80.15
3118 80.11
3119 80.08
3120 80.02
3121 80.12
3122 80.28
3123 80.08
3124 80.08
3125 80.16
3126 80.03
3127 80.14
3128 80.09
3129 80.04
3130 80.12
3131 80.10
3132 80.00
3133 80.17
3134 80.14
3135 80.25
3136 80.24
3137 79.99
3138 79.90
3139 80.02
3140 80.07
3141 80.04
3142 80.11
3143 80.07
3144 80.32
3145 80.18
3146 80.13
3147 80.02
3148 80.07
3149 80.03
3150 79.99
3151 80.07
3152 80.22
3153 80.33
3154 79.98
3155 79.93
3156 80.25
3157 80.10
3158 79.98
3159 80.05
3160 80.15
3161 80.16
3162 80.04
3163 80.28
3164 80.18
3165 80.15
3166 80.15
3167 80.10
3168 80.01
3169 80.09
3170 80.06
3171 80.25
3172 80.28
3173 80.23
3174 80.10
3175 80.25
3176 80.20
3177 80.07
3178 79.95
3179 80.06
3180 80.19
3181 80.16
3182 80.18
3183 80.06
3184 80.07
3185 80.05
3186 80.02
3187 80.07
3188 80.00
3189 80.31
3190 80.06
3191 79.95
3192 80.05
3193 80.15
3194 80.25
3195 80.21
3196 80.20
3197 80.09
3198 80.26
3199 80.14
3200 80.06
3201 80.02
3202 80.04
3203 80.01
3204 80.18
3205 80.27
3206 79.99
3207 80.30
3208 80.19
3209 80.00
3210 79.95
3211 80.11
3212 80.07
3213 80.13
3214 80.07
3215 80.06
3216 80.19
3217 80.14
3218 80.10
3219 79.99
3220 80.06
3221 79.93
3222 79.96
3223 79.99
3224 80.12
3225 80.18
3226 80.21
3227 80.19
3228 80.12
3229 79.88
3230 80.14
3231 80.16
3232 80.05
3233 80.13
3234 80.22
3235 80.09
3236 80.33
3237 80.24
3238 80.16
3239 80.10
3240 80.16
3241 80.08
3242 80.15
3243 80.04
3244 80.24
3245 80.23
3246 80.19
3247 80.02
3248 80.10
3249 79.99
3250 80.07
3251 80.18
3252 80.08
3253 80.00
3254 80.15
3255 80.10
3256 80.06
3257 80.07
3258 80.18
3259 80.23
3260 80.23
3261 80.20
3262 80.04
3263 80.20
3264 80.06
3265 80.01
3266 80.16
3267 80.13
3268 80.22
3269 80.25
3270 80.06
3271 80.01
3272 80.19
3273 80.12
3274 80.19
3275 80.05
3276 80.23
3277 80.12
3278 80.41
3279 80.04
3280 80.27
3281 80.19
3282 80.08
3283 79.99
3284 80.12
3285 80.23
3286 80.20
3287 80.19
3288 80.12
3289 80.11
3290 80.15
3291 80.16
3292 80.05
3293 80.03
3294 80.23
3295 80.24
3296 80.12
3297 80.21
3298 80.13
3299 80.26
3300 80.27
3301 80.32
3302 80.20
3303 80.08
3304 80.28
3305 80.22
3306 80.10
3307 80.11
3308 80.11
3309 80.08
3310 80.26
3311 80.05
3312 80.18
3313 80.33
3314 80.32
3315 80.09
3316 80.25
3317 80.05
3318 80.20
3319 80.25
3320 80.23
3321 80.19
3322 80.20
3323 80.09
3324 80.15
3325 80.19
3326 80.10
3327 80.10
3328 80.18
3329 80.05
3330 80.18
3331 80.10
3332 80.30
3333 80.20
3334 80.12
3335 80.14
3336 80.07
3337 80.16
3338 80.12
3339 80.23
3340 80.17
3341 80.18
3342 80.27
3343 80.29
3344 80.30
3345 80.12
3346 80.40
3347 80.19
3348 80.08
3349 80.14
3350 80.09
3351 80.25
3352 80.20
3353 80.07
3354 80.09
3355 80.38
3356 80.29
3357 80.20
3358 80.25
3359 80.10
3360 80.16
3361 80.04
3362 79.96
3363 80.16
3364 80.07
3365 80.11
3366 80.17
3367 80.09
3368 80.19
3369 80.08
3370 80.25
3371 80.28
3372 80.15
3373 80.18
3374 80.15
3375 80.15
3376 80.17
3377 80.24
3378 80.34
3379 80.24
3380 80.13
3381 80.26
3382 80.18
3383 80.11
3384 80.02
3385 80.16
3386 80.21
3387 80.18
3388 80.01
3389 80.18
3390 80.23
3391 80.38
3392 80.12
3393 80.17
3394 80.08
3395 80.11
3396 80.10
3397 80.18
3398 80.15
3399 80.17
3400 80.26
3401 80.19
3402 80.07
3403 80.16
3404 80.19
3405 80.12
3406 80.38
3407 80.05
3408 80.15
3409 80.05
3410 80.15
3411 80.07
3412 80.03
3413 80.10
3414 80.14
3415 80.17
3416 80.20
3417 80.28
3418 80.18
3419 80.21
3420 80.27
3421 80.18
3422 80.18
3423 80.11
3424 80.24
3425 80.13
3426 80.21
3427 80.17
3428 80.17
3429 80.21
3430 80.23
3431 80.17
3432 80.03
3433 80.12
3434 80.18
3435 80.16
3436 80.13
3437 80.12
3438 80.33
3439 80.31
3440 80.17
3441 80.13
3442 80.02
3443 80.09
3444 80.23
3445 80.04
3446 80.12
3447 80.10
3448 80.13
3449 80.23
3450 80.25
3451 80.16
3452 80.17
3453 80.14
3454 80.20
3455 80.07
3456 79.99
3457 80.22
3458 80.20
3459 80.25
3460 80.10
3461 80.31
3462 80.17
3463 80.12
3464 80.18
3465 80.19
3466 80.07
3467 80.20
3468 80.21
3469 80.12
3470 80.17
3471 80.13
3472 80.25
3473 80.43
3474 80.28
3475 80.23
3476 80.09
3477 80.23
3478 80.21
3479 80.05
3480 80.18
3481 80.15
3482 80.22
3483 80.05
3484 80.23
3485 80.22
3486 80.27
3487 80.27
3488 80.03
3489 80.01
3490 79.97
3491 80.14
3492 80.11
3493 80.41
3494 80.06
3495 80.22
3496 80.19
3497 80.27
3498 80.09
3499 80.08
3500 80.18
3501 80.25
3502 80.20
3503 79.97
3504 80.15
3505 80.28
3506 80.35
3507 80.28
3508 80.21
3509 80.00
3510 80.14
3511 80.25
3512 80.05
3513 80.16
3514 80.12
3515 80.15
3516 80.29
3517 80.28
3518 80.19
3519 80.31
3520 80.41
3521 80.11
3522 80.13
3523 80.20
3524 80.18
3525 80.12
3526 80.28
3527 80.16
3528 80.21
3529 80.18
3530 80.18
3531 80.22
3532 80.15
3533 80.40
3534 80.22
3535 80.22
3536 80.32
3537 80.02
3538 80.13
3539 80.19
3540 80.31
3541 80.21
3542 80.34
3543 80.10
3544 80.18
3545 80.19
3546 80.15
3547 80.25
3548 80.15
3549 80.10
3550 80.15
3551 80.03
3552 80.18
3553 80.28
3554 80.29
3555 80.43
3556 80.24
3557 80.31
3558 80.10
3559 80.24
3560 80.25
3561 80.15
3562 80.26
3563 80.08
3564 80.15
3565 80.29
3566 80.24
3567 80.13
3568 80.19
3569 80.35
3570 80.16
3571 80.18
3572 80.20
3573 80.17
3574 80.07
3575 80.23
3576 80.15
3577 80.20
3578 80.16
3579 80.36
3580 80.26
3581 80.30
3582 80.24
3583 80.14
3584 80.22
3585 80.18
3586 80.19
3587 80.10
3588 80.26
3589 80.22
3590 80.37
3591 80.19
3592 80.24
3593 80.30
3594 80.09
3595 80.22
3596 80.10
3597 80.25
3598 80.17
3599 80.21
3600 80.23
3601 80.23
3602 80.42
3603 80.26
3604 80.23
3605 80.09
3606 80.11
3607 80.09
3608 80.19
3609 80.11
3610 80.27
3611 80.22
3612 80.15
3613 80.20
3614 80.34
3615 80.20
3616 80.15
3617 80.25
3618 80.17
3619 80.12
3620 80.23
3621 80.07
3622 80.15
3623 80.16
3624 80.28
3625 80.30
3626 80.32
3627 80.25
3628 80.28
3629 80.30
3630 80.02
3631 80.20
3632 80.06
3633 80.30
3634 80.25
3635 80.17
3636 80.31
3637 80.24
3638 80.12
3639 80.09
3640 80.12
3641 80.13
3642 80.03
3643 80.28
3644 80.17
3645 80.20
3646 80.22
3647 80.40
3648 80.27
3649 80.29
3650 80.24
3651 80.31
3652 80.34
3653 80.05
3654 80.16
3655 80.23
3656 80.30
3657 80.23
3658 80.05
3659 80.26
3660 80.34
3661 80.33
3662 80.41
3663 80.19
3664 80.13
3665 80.11
3666 79.97
3667 80.16
3668 80.27
3669 80.16
3670 80.10
3671 80.09
3672 80.32
3673 80.27
3674 80.12
3675 80.43
3676 80.36
3677 80.20
3678 80.20
3679 80.12
3680 80.23
3681 80.21
3682 80.25
3683 80.24
3684 80.20
3685 80.30
3686 80.32
3687 80.10
3688 80.17
3689 80.21
3690 80.17
3691 80.23
3692 80.20
3693 80.15
3694 80.31
3695 80.23
3696 80.31
3697 80.08
3698 80.25
3699 80.46
3700 80.09
3701 80.20
3702 80.15
3703 80.28
3704 80.32
3705 80.33
3706 80.10
3707 80.18
3708 80.39
3709 80.19
3710 80.12
3711 80.14
3712 80.28
3713 80.14
3714 80.31
3715 80.35
3716 80.34
3717 80.23
3718 80.45
3719 80.10
3720 80.34
3721 80.07
3722 80.10
3723 80.21
3724 80.08
3725 80.23
3726 80.32
3727 80.30
3728 80.22
3729 80.12
3730 80.19
3731 80.26
3732 80.27
3733 80.08
3734 80.22
3735 80.23
3736 80.30
3737 80.23
3738 80.34
3739 80.19
3740 80.11
3741 80.20
3742 80.22
3743 80.11
3744 80.17
3745 80.15
3746 80.31
3747 80.29
3748 80.33
3749 80.28
3750 80.27
3751 80.20
3752 80.12
3753 80.12
3754 80.26
3755 80.10
3756 80.28
3757 80.34
3758 80.19
3759 80.28
3760 80.43
3761 80.28
3762 80.15
3763 80.11
3764 80.09
3765 80.16
3766 80.13
3767 80.22
3768 80.17
3769 80.27
3770 80.18
3771 80.20
3772 80.15
3773 80.24
3774 80.20
3775 80.12
3776 80.22
3777 80.33
3778 80.43
3779 80.31
3780 80.21
3781 80.15
3782 80.34
3783 80.15
3784 80.21
3785 80.11
3786 80.32
3787 80.20
3788 80.30
3789 80.33
3790 80.24
3791 80.28
3792 80.35
3793 80.31
3794 80.20
3795 80.20
3796 80.07
3797 80.28
3798 80.14
3799 80.20
3800 80.27
3801 80.35
3802 80.32
3803 80.29
3804 80.20
3805 80.11
3806 80.30
3807 80.44
3808 80.10
3809 80.12
3810 80.19
3811 80.23
3812 80.23
3813 80.26
3814 80.30
3815 80.38
3816 80.24
3817 80.38
3818 80.28
3819 80.26
3820 80.17
3821 80.28
3822 80.30
3823 80.10
3824 80.33
3825 80.17
3826 80.43
3827 80.22
3828 80.42
3829 80.10
3830 80.25
3831 80.15
3832 80.30
3833 80.20
3834 80.07
3835 80.23
3836 80.25
3837 80.30
3838 80.26
3839 80.42
3840 80.30
3841 80.27
3842 80.31
3843 80.21
3844 80.19
3845 80.18
3846 80.27
3847 80.19
3848 80.14
3849 80.19
3850 80.22
3851 80.38
3852 80.40
3853 80.24
3854 80.08
3855 80.19
3856 80.25
3857 80.14
3858 80.29
3859 80.12
3860 80.24
3861 80.30
3862 80.28
3863 80.24
3864 80.33
3865 80.45
3866 80.46
3867 80.19
3868 80.20
3869 80.24
3870 80.20
3871 80.16
3872 80.25
3873 80.12
3874 80.12
3875 80.42
3876 80.28
3877 80.28
3878 80.33
3879 80.23
3880 80.29
3881 80.33
3882 80.16
3883 80.28
3884 80.17
3885 80.19
3886 80.29
3887 80.22
3888 80.40
3889 80.25
3890 80.38
3891 80.31
3892 80.14
3893 80.18
3894 80.04
3895 80.15
3896 80.29
3897 80.13
3898 80.20
3899 80.24
3900 80.42
3901 80.30
3902 80.13
3903 80.18
3904 80.20
3905 80.14
3906 80.05
3907 80.26
3908 80.25
3909 80.25
3910 80.46
3911 80.34
3912 80.18
3913 80.26
3914 80.30
3915 80.14
3916 80.20
3917 80.31
3918 80.20
3919 80.23
3920 80.28
3921 80.37
3922 80.29
3923 80.35
3924 80.30
3925 80.28
3926 80.24
3927 80.26
3928 80.33
3929 80.10
3930 80.22
3931 80.28
3932 80.23
3933 80.43
3934 80.36
3935 80.10
3936 80.27
3937 80.17
3938 80.19
3939 80.30
3940 80.28
3941 80.15
3942 80.35
3943 80.33
3944 80.20
3945 80.25
3946 80.20
3947 80.29
3948 80.12
3949 80.19
3950 80.20
3951 80.15
3952 80.36
3953 80.37
3954 80.18
3955 80.36
3956 80.32
3957 80.37
3958 80.19
3959 80.10
3960 80.33
3961 80.23
3962 80.24
3963 80.26
3964 80.23
3965 80.30
3966 80.20
3967 80.33
3968 80.22
3969 80.15
3970 80.33
3971 80.15
3972 80.16
3973 80.28
3974 80.37
3975 80.36
3976 80.25
3977 80.23
3978 80.20
3979 80.32
3980 80.20
3981 80.21
3982 80.33
3983 80.12
3984 80.36
3985 80.36
3986 80.36
3987 80.08
3988 80.32
3989 80.25
3990 80.23
3991 80.23
3992 80.48
3993 80.28
3994 80.28
3995 80.12
3996 80.22
3997 80.22
3998 80.25
3999 80.19
4000 80.30
4001 80.29
4002 80.42
4003 80.30
4004 80.33
4005 80.35
4006 80.19
4007 80.19
4008 80.24
4009 80.18
4010 80.18
4011 80.29
4012 80.06
4013 80.33
4014 80.30
4015 80.12
4016 80.31
4017 80.02
4018 80.24
4019 80.32
4020 80.39
4021 80.23
4022 80.26
4023 80.32
4024 80.30
4025 80.19
4026 80.11
4027 80.24
4028 80.34
4029 80.15
4030 80.15
4031 80.20
4032 80.24
4033 80.35
4034 80.27
4035 80.32
4036 80.25
4037 80.19
4038 80.22
4039 80.14
4040 80.30
4041 80.19
4042 80.25
4043 80.39
4044 80.20
4045 80.42
4046 80.43
4047 80.17
4048 80.19
4049 80.17
4050 80.31
4051 80.25
4052 80.42
4053 80.25
4054 80.39
4055 80.35
4056 80.20
4057 80.23
4058 80.25
4059 80.19
4060 80.38
4061 80.44
4062 80.22
4063 80.32
4064 80.40
4065 80.10
4066 80.23
4067 80.16
4068 80.24
4069 80.44
4070 80.38
4071 80.18
4072 80.32
4073 80.34
4074 80.21
4075 80.28
4076 80.19
4077 80.25
4078 80.17
4079 80.23
4080 80.27
4081 80.38
4082 80.32
4083 80.30
4084 80.08
4085 80.17
4086 80.20
4087 80.12
4088 80.16
4089 80.21
4090 80.29
4091 80.38
4092 80.31
4093 80.20
4094 80.18
4095 80.28
4096 80.20
4097 80.13
4098 80.25
4099 80.36
4100 80.33
4101 80.13
4102 80.09
4103 80.30
4104 80.10
4105 80.20
4106 80.36
4107 80.36
4108 80.27
4109 80.45
4110 80.18
4111 80.20
4112 80.28
4113 80.25
4114 80.32
4115 80.24
4116 80.21
4117 80.36
4118 80.28
4119 80.38
4120 80.38
4121 80.35
4122 80.20
4123 80.26
4124 80.14
4125 80.24
4126 80.50
4127 80.29
4128 80.33
4129 80.30
4130 80.25
4131 80.30
4132 80.26
4133 80.25
4134 80.20
4135 80.39
4136 80.19
4137 80.29
4138 80.38
4139 80.28
4140 80.30
4141 80.43
4142 80.36
4143 80.26
4144 80.34
4145 80.41
4146 80.11
4147 80.32
4148 80.28
4149 80.35
4150 80.40
4151 80.20
4152 80.29
4153 80.21
4154 80.29
4155 80.10
4156 80.12
4157 80.11
4158 80.43
4159 80.30
4160 80.36
4161 80.34
4162 80.37
4163 80.15
4164 80.23
4165 80.21
4166 80.28
4167 80.30
4168 80.43
4169 80.39
4170 80.30
4171 80.32
4172 80.15
4173 80.20
4174 80.19
4175 80.33
4176 80.24
4177 80.17
4178 80.46
4179 80.51
4180 80.34
4181 80.24
4182 80.24
4183 80.28
4184 80.31
4185 80.25
4186 80.28
4187 80.30
4188 80.26
4189 80.07
4190 80.02
4191 80.15
4192 80.24
4193 80.14
4194 80.27
4195 80.41
4196 80.33
4197 80.33
4198 80.13
4199 80.21
4200 80.35
4201 80.32
4202 80.16
4203 80.31
4204 80.32
4205 80.47
4206 80.30
4207 80.27
4208 80.31
4209 80.24
4210 80.18
4211 80.34
4212 80.28
4213 80.23
4214 80.35
4215 80.33
4216 80.25
4217 80.32
4218 80.30
4219 80.17
4220 80.25
4221 80.25
4222 80.39
4223 80.42
4224 80.27
4225 80.42
4226 80.27
4227 80.25
4228 80.18
4229 80.20
4230 80.17
4231 80.40
4232 80.29
4233 80.30
4234 80.18
4235 80.56
4236 80.17
4237 80.23
4238 80.39
4239 80.30
4240 80.55
4241 80.31
4242 80.25
4243 80.15
4244 80.48
4245 80.38
4246 80.19
4247 80.41
4248 80.29
4249 80.29
4250 80.26
4251 80.32
4252 80.35
4253 80.09
4254 80.07
4255 80.24
4256 80.20
4257 80.31
4258 80.32
4259 80.18
4260 80.43
4261 80.32
4262 80.43
4263 80.28
4264 80.29
4265 80.31
4266 80.31
4267 80.25
4268 80.20
4269 80.35
4270 80.36
4271 80.34
4272 80.20
4273 80.28
4274 80.21
4275 80.32
4276 80.23
4277 80.28
4278 80.38
4279 80.24
4280 80.37
4281 80.25
4282 80.19
4283 80.16
4284 80.18
4285 80.20
4286 80.19
4287 80.18
4288 80.32
4289 80.33
4290 80.39
4291 80.22
4292 80.32
4293 80.20
4294 80.17
4295 80.30
4296 80.36
4297 80.37
4298 80.28
4299 80.20
4300 80.39
4301 80.39
4302 80.38
4303 80.19
4304 80.27
4305 80.32
4306 80.20
4307 80.31
4308 80.37
4309 80.18
4310 80.30
4311 80.26
4312 80.22
4313 80.33
4314 80.06
4315 80.19
4316 80.20
4317 80.30
4318 80.16
4319 80.39
4320 80.32
4321 80.21
4322 80.20
4323 80.26
4324 80.32
4325 80.10
4326 80.30
4327 80.39
4328 80.35
4329 80.18
4330 80.20
4331 80.20
4332 80.34
4333 80.13
4334 80.30
4335 80.36
4336 80.46
4337 80.27
4338 80.28
4339 80.19
4340 80.28
4341 80.26
4342 80.22
4343 80.36
4344 80.23
4345 80.29
4346 80.37
4347 80.29
4348 80.23
4349 80.31
4350 80.21
4351 80.23
4352 80.41
4353 80.44
4354 80.39
4355 80.18
4356 80.19
4357 80.24
4358 80.23
4359 80.25
4360 80.25
4361 80.34
4362 80.38
4363 80.28
4364 80.19
4365 80.28
4366 80.26
4367 80.29
4368 80.30
4369 80.19
4370 80.43
4371 80.38
4372 80.14
4373 80.28
4374 80.19
4375 80.27
4376 80.23
4377 80.44
4378 80.34
4379 80.37
4380 80.18
4381 80.26
4382 80.25
4383 80.33
4384 80.25
4385 80.25
4386 80.31
4387 80.39
4388 80.28
4389 80.41
4390 80.16
4391 80.43
4392 80.36
4393 80.17
4394 80.13
4395 80.23
4396 80.21
4397 80.38
4398 80.38
4399 80.32
4400 80.38
4401 80.29
4402 80.21
4403 80.24
4404 80.19
4405 80.45
4406 80.42
4407 80.25
4408 80.25
4409 80.32
4410 80.35
4411 80.20
4412 80.10
4413 80.30
4414 80.33
4415 80.34
4416 80.21
4417 80.38
4418 80.38
4419 80.46
4420 80.21
4421 80.29
4422 80.43
4423 80.23
4424 80.29
4425 80.39
4426 80.26
4427 80.33
4428 80.26
4429 80.32
4430 80.19
4431 80.47
4432 80.16
4433 80.15
4434 80.32
4435 80.37
4436 80.42
4437 80.32
4438 80.12
4439 80.25
4440 80.37
4441 80.20
4442 80.40
4443 80.42
4444 80.28
4445 80.22
4446 80.35
4447 80.34
4448 80.28
4449 80.27
4450 80.08
4451 80.36
4452 80.24
4453 80.31
4454 80.20
4455 80.11
4456 80.23
4457 80.26
4458 80.25
4459 80.25
4460 80.34
4461 80.32
4462 80.25
4463 80.23
4464 80.22
4465 80.27
4466 80.19
4467 80.29
4468 80.12
4469 80.41
4470 80.34
4471 80.28
4472 80.11
4473 80.31
4474 80.19
4475 80.14
4476 80.39
4477 80.22
4478 80.42
4479 80.34
4480 80.27
4481 80.17
4482 80.27
4483 80.20
4484 80.20
4485 80.29
4486 80.32
4487 80.42
4488 80.32
4489 80.12
4490 80.35
4491 80.20
4492 80.24
4493 80.01
4494 80.31
4495 80.39
4496 80.43
4497 80.29
4498 80.40
4499 80.35
4500 80.18
4501 80.29
4502 80.25
4503 80.36
4504 80.32
4505 80.34
4506 80.41
4507 80.24
4508 80.35
4509 80.28
4510 80.13
4511 80.24
4512 80.37
4513 80.36
4514 80.34
4515 80.51
4516 80.31
4517 80.37
4518 80.30
4519 80.24
4520 80.20
4521 80.18
4522 80.35
4523 80.18
4524 80.28
4525 80.30
4526 80.46
4527 80.30
4528 80.40
4529 80.19
4530 80.31
4531 80.18
4532 80.16
4533 80.40
4534 80.23
4535 80.48
4536 80.33
4537 80.55
4538 80.17
4539 80.36
4540 80.20
4541 80.22
4542 80.25
4543 80.44
4544 80.36
4545 80.29
4546 80.17
4547 80.43
4548 80.43
4549 80.22
4550 80.16
4551 80.21
4552 80.16
4553 80.27
4554 80.36
4555 80.30
4556 80.45
4557 80.38
4558 80.36
4559 80.15
4560 80.39
4561 80.44
4562 80.37
4563 80.31
4564 80.19
4565 80.30
4566 80.45
4567 80.31
4568 80.31
4569 80.38
4570 80.20
4571 80.20
4572 80.25
4573 80.18
4574 80.25
4575 80.43
4576 80.47
4577 80.30
4578 80.33
4579 80.23
4580 80.38
4581 80.23
4582 80.22
4583 80.34
4584 80.48
4585 80.36
4586 80.28
4587 80.40
4588 80.36
4589 80.30
4590 80.38
4591 80.31
4592 80.20
4593 80.28
4594 80.32
4595 80.49
4596 80.47
4597 80.27
4598 80.39
4599 80.41
4600 80.43
4601 80.26
4602 80.23
4603 80.40
4604 80.28
4605 80.30
4606 80.35
4607 80.40
4608 80.27
4609 80.30
4610 80.30
4611 80.25
4612 80.36
4613 80.25
4614 80.30
4615 80.35
4616 80.29
4617 80.38
4618 80.31
4619 80.23
4620 80.23
4621 80.23
4622 80.14
4623 80.23
4624 80.48
4625 80.38
4626 80.34
4627 80.38
4628 80.22
4629 80.12
4630 80.27
4631 80.21
4632 80.28
4633 80.38
4634 80.33
4635 80.35
4636 80.41
4637 80.14
4638 80.25
4639 80.46
4640 80.22
4641 80.22
4642 80.18
4643 80.38
4644 80.40
4645 80.34
4646 80.27
4647 80.39
4648 80.35
4649 80.26
4650 80.28
4651 80.28
4652 80.31
4653 80.47
4654 80.17
4655 80.26
4656 80.49
4657 80.28
4658 80.36
4659 80.35
4660 80.27
4661 80.20
4662 80.33
4663 80.22
4664 80.25
4665 80.26
4666 80.36
4667 80.38
4668 80.31
4669 80.29
4670 80.17
4671 80.29
4672 80.15
4673 80.15
4674 80.41
4675 80.38
4676 80.48
4677 80.20
4678 80.32
4679 80.36
4680 80.15
4681 80.36
4682 80.38
4683 80.34
4684 80.33
4685 80.31
4686 80.04
4687 80.28
4688 80.29
4689 80.35
4690 80.34
4691 80.31
4692 80.48
4693 80.28
4694 80.29
4695 80.27
4696 80.35
4697 80.30
4698 80.42
4699 80.36
4700 80.38
4701 80.36
4702 80.38
4703 80.14
4704 80.43
4705 80.24
4706 80.27
4707 80.33
4708 80.20
4709 80.30
4710 80.35
4711 80.40
4712 80.33
4713 80.36
4714 80.25
4715 80.25
4716 80.24
4717 80.26
4718 80.40
4719 80.36
4720 80.39
4721 80.40
4722 80.34
4723 80.34
4724 80.30
4725 80.12
4726 80.31
4727 80.35
4728 80.26
4729 80.35
4730 80.37
4731 80.39
4732 80.28
4733 80.24
4734 80.23
4735 80.34
4736 80.33
4737 80.39
4738 80.37
4739 80.49
4740 80.25
4741 80.21
4742 80.15
4743 80.30
4744 80.35
4745 80.31
4746 80.31
4747 80.45
4748 80.44
4749 80.38
4750 80.26
4751 80.24
4752 80.31
4753 80.18
4754 80.25
4755 80.28
4756 80.39
4757 80.28
4758 80.30
4759 80.27
4760 80.28
4761 80.29
4762 80.34
4763 80.36
4764 80.43
4765 80.27
4766 80.34
4767 80.29
4768 80.27
4769 80.24
4770 80.29
4771 80.31
4772 80.41
4773 80.52
4774 80.45
4775 80.31
4776 80.39
4777 80.24
4778 80.23
4779 80.33
4780 80.30
4781 80.30
4782 80.41
4783 80.25
4784 80.23
4785 80.43
4786 80.29
4787 80.24
4788 80.21
4789 80.38
4790 80.20
4791 80.28
4792 80.34
4793 80.15
4794 80.29
4795 80.26
4796 80.29
4797 80.44
4798 80.33
4799 80.30
4800 80.37
4801 80.43
4802 80.23
4803 80.32
4804 80.25
4805 80.26
4806 80.37
4807 80.39
4808 80.20
4809 80.35
4810 80.36
4811 80.23
4812 80.29
4813 80.25
4814 80.44
4815 80.38
4816 80.17
4817 80.30
4818 80.23
4819 80.30
4820 80.24
4821 80.30
4822 80.35
4823 80.33
4824 80.39
4825 80.34
4826 80.30
4827 80.18
4828 80.25
4829 80.28
4830 80.34
4831 80.36
4832 80.42
4833 80.28
4834 80.23
4835 80.41
4836 80.11
4837 80.32
4838 80.36
4839 80.20
4840 80.36
4841 80.40
4842 80.18
4843 80.34
4844 80.27
4845 80.25
4846 80.30
4847 80.46
4848 80.41
4849 80.27
4850 80.25
4851 80.31
4852 80.14
4853 80.25
4854 80.39
4855 80.29
4856 80.45
4857 80.24
4858 80.38
4859 80.35
4860 80.20
4861 80.35
4862 80.29
4863 80.40
4864 80.39
4865 80.26
4866 80.24
4867 80.27
4868 80.36
4869 80.39
4870 80.29
4871 80.46
4872 80.26
4873 80.33
4874 80.20
4875 80.28
4876 80.37
4877 80.19
4878 80.37
4879 80.47
4880 80.38
4881 80.17
4882 80.28
4883 80.34
4884 80.43
4885 80.31
4886 80.33
4887 80.44
4888 80.15
4889 80.21
4890 80.30
4891 80.35
4892 80.40
4893 80.24
4894 80.28
4895 80.24
4896 80.32
4897 80.10
4898 80.20
4899 80.32
4900 80.44
4901 80.41
4902 80.34
4903 80.28
4904 80.22
4905 80.38
4906 80.21
4907 80.41
4908 80.41
4909 80.25
4910 80.41
4911 80.33
4912 80.23
4913 80.25
4914 80.33
4915 80.42
4916 80.31
4917 80.43
4918 80.30
4919 80.34
4920 80.37
4921 80.20
4922 80.25
4923 80.46
4924 80.24
4925 80.27
4926 80.47
4927 80.34
4928 80.18
4929 80.23
4930 80.35
4931 80.48
4932 80.43
4933 80.18
4934 80.42
4935 80.33
4936 80.20
4937 80.36
4938 80.27
4939 80.38
4940 80.33
4941 80.33
4942 80.25
4943 80.35
4944 80.34
4945 80.35
4946 80.33
4947 80.33
4948 80.34
4949 80.23
4950 80.17
4951 80.25
4952 80.30
4953 80.28
4954 80.15
4955 80.46
4956 80.30
4957 80.42
4958 80.29
4959 80.38
4960 80.37
4961 80.19
4962 80.20
4963 80.53
4964 80.35
4965 80.34
4966 80.18
4967 80.38
4968 80.22
4969 80.27
4970 80.29
4971 80.38
4972 80.24
4973 80.35
4974 80.27
4975 80.31
4976 80.35
4977 80.40
4978 80.42
4979 80.36
4980 80.25
4981 80.35
4982 80.26
4983 80.27
4984 80.18
4985 80.46
4986 80.41
4987 80.43
4988 80.45
4989 80.25
4990 80.48
4991 80.16
4992 80.27
4993 80.38
4994 80.41
4995 80.38
4996 80.25
4997 80.31
4998 80.31
4999 80.41
5000 80.42
5001 80.43
5002 80.41
5003 80.37
5004 80.34
5005 80.39
5006 80.53
5007 80.29
5008 80.32
5009 80.32
5010 80.33
5011 80.26
5012 80.18
5013 80.26
5014 80.22
5015 80.36
5016 80.27
5017 80.33
5018 80.28
5019 80.19
5020 80.30
5021 80.33
5022 80.36
5023 80.26
5024 80.46
5025 80.52
5026 80.22
5027 80.14
5028 80.38
5029 80.38
5030 80.59
5031 80.35
5032 80.27
5033 80.40
5034 80.50
5035 80.30
5036 80.33
5037 80.41
5038 80.40
5039 80.41
5040 80.30
5041 80.42
5042 80.29
5043 80.32
5044 80.16
5045 80.34
5046 80.41
5047 80.17
5048 80.27
5049 80.38
5050 80.40
5051 80.40
5052 80.46
5053 80.38
5054 80.46
5055 80.50
5056 80.34
5057 80.34
5058 80.31
5059 80.43
5060 80.39
5061 80.38
5062 80.49
5063 80.31
5064 80.32
5065 80.50
5066 80.20
5067 80.16
5068 80.38
5069 80.30
5070 80.31
5071 80.30
5072 80.22
5073 80.33
5074 80.36
5075 80.48
5076 80.38
5077 80.41
5078 80.28
5079 80.29
5080 80.39
5081 80.38
5082 80.40
5083 80.38
5084 80.31
5085 80.36
5086 80.34
5087 80.25
5088 80.41
5089 80.39
5090 80.40
5091 80.50
5092 80.43
5093 80.30
5094 80.25
5095 80.45
5096 80.52
5097 80.53
5098 80.19
5099 80.32
5100 80.31
5101 80.27
5102 80.27
5103 80.27
5104 80.31
5105 80.41
5106 80.34
5107 80.37
5108 80.37
5109 80.39
5110 80.25
5111 80.39
5112 80.38
5113 80.33
5114 80.38
5115 80.16
5116 80.25
5117 80.41
5118 80.47
5119 80.42
5120 80.59
5121 80.30
5122 80.44
5123 80.43
5124 80.18
5125 80.30
5126 80.33
5127 80.40
5128 80.25
5129 80.34
5130 80.40
5131 80.34
5132 80.40
5133 80.41
5134 80.41
5135 80.26
5136 80.11
5137 80.28
5138 80.35
5139 80.52
5140 80.28
5141 80.43
5142 80.23
5143 80.23
5144 80.33
5145 80.37
5146 80.35
5147 80.52
5148 80.46
5149 80.32
5150 80.26
5151 80.32
5152 80.39
5153 80.44
5154 80.33
5155 80.21
5156 80.30
5157 80.12
5158 80.38
5159 80.43
5160 80.34
5161 80.56
5162 80.15
5163 80.30
5164 80.26
5165 80.27
5166 80.33
5167 80.54
5168 80.41
5169 80.39
5170 80.26
5171 80.36
5172 80.61
5173 80.38
5174 80.37
5175 80.36
5176 80.38
5177 80.29
5178 80.22
5179 80.28
5180 80.30
5181 80.38
5182 80.44
5183 80.30
5184 80.46
5185 80.30
5186 80.31
5187 80.58
5188 80.36
5189 80.27
5190 80.42
5191 80.47
5192 80.29
5193 80.23
5194 80.31
5195 80.39
5196 80.17
5197 80.41
5198 80.36
5199 80.27
5200 80.50
5201 80.25
5202 80.33
5203 80.45
5204 80.52
5205 80.35
5206 80.25
5207 80.35
5208 80.28
5209 80.37
5210 80.36
5211 80.52
5212 80.22
5213 80.40
5214 80.43
5215 80.32
5216 80.36
5217 80.44
5218 80.37
5219 80.30
5220 80.27
5221 80.50
5222 80.34
5223 80.22
5224 80.41
5225 80.49
5226 80.40
5227 80.33
5228 80.25
5229 80.36
5230 80.41
5231 80.45
5232 80.42
5233 80.46
5234 80.29
5235 80.47
5236 80.38
5237 80.40
5238 80.53
5239 80.38
5240 80.41
5241 80.41
5242 80.29
5243 80.30
5244 80.49
5245 80.45
5246 80.41
5247 80.45
5248 80.27
5249 80.25
5250 80.38
5251 80.37
5252 80.28
5253 80.29
5254 80.28
5255 80.36
5256 80.32
5257 80.40
5258 80.34
5259 80.49
5260 80.28
5261 80.22
5262 80.30
5263 80.43
5264 80.28
5265 80.50
5266 80.43
5267 80.38
5268 80.43
5269 80.46
5270 80.34
5271 80.51
5272 80.45
5273 80.29
5274 80.28
5275 80.22
5276 80.42
5277 80.51
5278 80.25
5279 80.24
5280 80.52
5281 80.33
5282 80.25
5283 80.28
5284 80.32
5285 80.32
5286 80.31
5287 80.42
5288 80.44
5289 80.30
5290 80.40
5291 80.42
5292 80.21
5293 80.36
5294 80.39
5295 80.47
5296 80.51
5297 80.46
5298 80.42
5299 80.28
5300 80.23
5301 80.59
5302 80.45
5303 80.38
5304 80.53
5305 80.42
5306 80.43
5307 80.26
5308 80.36
5309 80.36
5310 80.46
5311 80.37
5312 80.23
5313 80.36
5314 80.27
5315 80.40
5316 80.40
5317 80.46
5318 80.38
5319 80.21
5320 80.46
5321 80.29
5322 80.26
5323 80.43
5324 80.31
5325 80.20
5326 80.28
5327 80.40
5328 80.37
5329 80.21
5330 80.32
5331 80.50
5332 80.35
5333 80.40
5334 80.36
5335 80.40
5336 80.42
5337 80.39
5338 80.30
5339 80.36
5340 80.23
5341 80.33
5342 80.35
5343 80.38
5344 80.35
5345 80.30
5346 80.34
5347 80.37
5348 80.36
5349 80.55
5350 80.33
5351 80.31
5352 80.29
5353 80.36
5354 80.13
5355 80.30
5356 80.54
5357 80.45
5358 80.35
5359 80.35
5360 80.33
5361 80.36
5362 80.46
5363 80.43
5364 80.50
5365 80.42
5366 80.30
5367 80.35
5368 80.32
5369 80.41
5370 80.39
5371 80.41
5372 80.27
5373 80.20
5374 80.42
5375 80.39
5376 80.51
5377 80.31
5378 80.28
5379 80.51
5380 80.34
5381 80.40
5382 80.48
5383 80.36
5384 80.39
5385 80.36
5386 80.33
5387 80.25
5388 80.44
5389 80.47
5390 80.44
5391 80.35
5392 80.40
5393 80.38
5394 80.42
5395 80.35
5396 80.35
5397 80.26
5398 80.19
5399 80.33
5400 80.33
5401 80.28
5402 80.37
5403 80.43
5404 80.30
5405 80.27
5406 80.29
5407 80.45
5408 80.50
5409 80.48
5410 80.31
5411 80.26
5412 80.43
5413 80.18
5414 80.36
5415 80.47
5416 80.40
5417 80.40
5418 80.30
5419 80.15
5420 80.27
5421 80.26
5422 80.33
5423 80.41
5424 80.37
5425 80.47
5426 80.33
5427 80.48
5428 80.40
5429 80.34
5430 80.41
5431 80.43
5432 80.39
5433 80.17
5434 80.43
5435 80.51
5436 80.26
5437 80.51
5438 80.43
5439 80.43
5440 80.34
5441 80.41
5442 80.37
5443 80.54
5444 80.39
5445 80.54
5446 80.36
5447 80.30
5448 80.30
5449 80.30
5450 80.49
5451 80.43
5452 80.23
5453 80.15
5454 80.45
5455 80.20
5456 80.57
5457 80.45
5458 80.30
5459 80.37
5460 80.29
5461 80.36
5462 80.43
5463 80.40
5464 80.42
5465 80.30
5466 80.39
5467 80.41
5468 80.40
5469 80.30
5470 80.60
5471 80.36
5472 80.35
5473 80.36
5474 80.50
5475 80.58
5476 80.34
5477 80.40
5478 80.42
5479 80.33
5480 80.32
5481 80.43
5482 80.44
5483 80.26
5484 80.39
5485 80.38
5486 80.30
5487 80.43
5488 80.36
5489 80.37
5490 80.37
5491 80.25
5492 80.28
5493 80.43
5494 80.34
5495 80.39
5496 80.46
5497 80.36
5498 80.46
5499 80.33
5500 80.53
5501 80.43
5502 80.43
5503 80.33
5504 80.52
5505 80.39
5506 80.45
5507 80.41
5508 80.38
5509 80.28
5510 80.43
5511 80.33
5512 80.34
5513 80.43
5514 80.44
5515 80.43
5516 80.40
5517 80.30
5518 80.35
5519 80.29
5520 80.40
5521 80.43
5522 80.47
5523 80.33
5524 80.42
5525 80.48
5526 80.54
5527 80.30
5528 80.42
5529 80.53
5530 80.45
5531 80.38
5532 80.26
5533 80.37
5534 80.45
5535 80.45
5536 80.43
5537 80.40
5538 80.23
5539 80.25
5540 80.39
5541 80.54
5542 80.32
5543 80.44
5544 80.47
5545 80.35
5546 80.21
5547 80.44
5548 80.39
5549 80.46
5550 80.30
5551 80.43
5552 80.31
5553 80.32
5554 80.43
5555 80.51
5556 80.38
5557 80.40
5558 80.29
5559 80.29
5560 80.40
5561 80.47
5562 80.39
5563 80.39
5564 80.23
5565 80.36
5566 80.36
5567 80.28
5568 80.38
5569 80.42
5570 80.39
5571 80.42
5572 80.42
5573 80.38
5574 80.41
5575 80.38
5576 80.43
5577 80.49
5578 80.57
5579 80.44
5580 80.32
5581 80.46
5582 80.30
5583 80.29
5584 80.47
5585 80.45
5586 80.45
5587 80.51
5588 80.41
5589 80.49
5590 80.40
5591 80.30
5592 80.35
5593 80.32
5594 80.36
5595 80.43
5596 80.44
5597 80.42
5598 80.35
5599 80.33
5600 80.49
5601 80.37
5602 80.47
5603 80.37
5604 80.33
5605 80.29
5606 80.38
5607 80.43
5608 80.35
5609 80.53
5610 80.43
5611 80.43
5612 80.38
5613 80.43
5614 80.39
5615 80.35
5616 80.38
5617 80.54
5618 80.37
5619 80.33
5620 80.46
5621 80.48
5622 80.51
5623 80.40
5624 80.27
5625 80.46
5626 80.38
5627 80.25
5628 80.35
5629 80.53
5630 80.41
5631 80.36
5632 80.44
5633 80.28
5634 80.51
5635 80.34
5636 80.47
5637 80.38
5638 80.33
5639 80.39
5640 80.43
5641 80.39
5642 80.48
5643 80.27
5644 80.38
5645 80.31
5646 80.45
5647 80.43
5648 80.31
5649 80.43
5650 80.40
5651 80.40
5652 80.41
5653 80.60
5654 80.42
5655 80.40
5656 80.28
5657 80.53
5658 80.55
5659 80.28
5660 80.41
5661 80.65
5662 80.32
5663 80.29
5664 80.28
5665 80.59
5666 80.42
5667 80.45
5668 80.40
5669 80.34
5670 80.46
5671 80.38
5672 80.51
5673 80.32
5674 80.33
5675 80.30
5676 80.37
5677 80.41
5678 80.42
5679 80.52
5680 80.33
5681 80.35
5682 80.33
5683 80.26
5684 80.25
5685 80.33
5686 80.34
5687 80.46
5688 80.34
5689 80.41
5690 80.44
5691 80.56
5692 80.35
5693 80.29
5694 80.62
5695 80.28
5696 80.41
5697 80.27
5698 80.41
5699 80.60
5700 80.42
5701 80.50
5702 80.36
5703 80.37
5704 80.36
5705 80.51
5706 80.39
5707 80.56
5708 80.43
5709 80.41
5710 80.27
5711 80.45
5712 80.31
5713 80.39
5714 80.36
5715 80.48
5716 80.62
5717 80.38
5718 80.33
5719 80.34
5720 80.35
5721 80.49
5722 80.33
5723 80.31
5724 80.43
5725 80.30
5726 80.37
5727 80.40
5728 80.28
5729 80.53
5730 80.48
5731 80.28
5732 80.42
5733 80.31
5734 80.22
5735 80.49
5736 80.56
5737 80.41
5738 80.53
5739 80.30
5740 80.24
5741 80.36
5742 80.41
5743 80.28
5744 80.44
5745 80.33
5746 80.35
5747 80.30
5748 80.41
5749 80.27
5750 80.38
5751 80.42
5752 80.56
5753 80.38
5754 80.33
5755 80.27
5756 80.35
5757 80.31
5758 80.40
5759 80.28
5760 80.51
5761 80.47
5762 80.52
5763 80.23
5764 80.43
5765 80.38
5766 80.32
5767 80.21
5768 80.55
5769 80.44
5770 80.40
5771 80.37
5772 80.39
5773 80.52
5774 80.37
5775 80.41
5776 80.51
5777 80.56
5778 80.31
5779 80.43
5780 80.29
5781 80.49
5782 80.38
5783 80.47
5784 80.46
5785 80.50
5786 80.37
5787 80.30
5788 80.23
5789 80.38
5790 80.35
5791 80.45
5792 80.59
5793 80.49
5794 80.46
5795 80.53
5796 80.29
5797 80.48
5798 80.33
5799 80.29
5800 80.50
5801 80.49
5802 80.43
5803 80.32
5804 80.38
5805 80.48
5806 80.44
5807 80.30
5808 80.36
5809 80.43
5810 80.36
5811 80.31
5812 80.41
5813 80.43
5814 80.51
5815 80.41
5816 80.41
5817 80.44
5818 80.35
5819 80.30
5820 80.40
5821 80.38
5822 80.55
5823 80.29
5824 80.36
5825 80.45
5826 80.40
5827 80.39
5828 80.25
5829 80.35
5830 80.39
5831 80.27
5832 80.40
5833 80.42
5834 80.56
5835 80.36
5836 80.22
5837 80.30
5838 80.31
5839 80.46
5840 80.24
5841 80.41
5842 80.49
5843 80.41
5844 80.24
5845 80.30
5846 80.35
5847 80.43
5848 80.47
5849 80.45
5850 80.39
5851 80.43
5852 80.34
5853 80.36
5854 80.36
5855 80.47
5856 80.42
5857 80.49
5858 80.47
5859 80.31
5860 80.33
5861 80.48
5862 80.39
5863 80.43
5864 80.38
5865 80.51
5866 80.33
5867 80.36
5868 80.31
5869 80.51
5870 80.54
5871 80.33
5872 80.40
5873 80.33
5874 80.43
5875 80.36
5876 80.33
5877 80.53
5878 80.56
5879 80.39
5880 80.31
5881 80.45
5882 80.36
5883 80.36
5884 80.42
5885 80.40
5886 80.54
5887 80.38
5888 80.39
5889 80.45
5890 80.31
5891 80.31
5892 80.41
5893 80.38
5894 80.33
5895 80.43
5896 80.34
5897 80.37
5898 80.25
5899 80.56
5900 80.45
5901 80.32
5902 80.35
5903 80.47
5904 80.39
5905 80.35
5906 80.41
5907 80.59
5908 80.35
5909 80.41
5910 80.38
5911 80.35
5912 80.41
5913 80.46
5914 80.37
5915 80.42
5916 80.37
5917 80.38
5918 80.41
5919 80.39
5920 80.38
5921 80.40
5922 80.54
5923 80.38
5924 80.27
5925 80.45
5926 80.39
5927 80.41
5928 80.40
5929 80.32
5930 80.28
5931 80.27
5932 80.28
5933 80.31
5934 80.38
5935 80.55
5936 80.48
5937 80.20
5938 80.44
5939 80.34
5940 80.30
5941 80.30
5942 80.37
5943 80.46
5944 80.25
5945 80.30
5946 80.39
5947 80.35
5948 80.25
5949 80.46
5950 80.50
5951 80.46
5952 80.37
5953 80.36
5954 80.44
5955 80.27
5956 80.30
5957 80.38
5958 80.39
5959 80.48
5960 80.48
5961 80.27
5962 80.41
5963 80.53
5964 80.28
5965 80.43
5966 80.47
5967 80.59
5968 80.41
5969 80.34
5970 80.26
5971 80.19
5972 80.44
5973 80.43
5974 80.47
5975 80.44
5976 80.36
5977 80.24
5978 80.37
5979 80.35
5980 80.41
5981 80.38
5982 80.55
5983 80.27
5984 80.24
5985 80.35
5986 80.46
5987 80.36
5988 80.29
5989 80.40
5990 80.53
5991 80.28
5992 80.36
5993 80.21
5994 80.49
5995 80.38
5996 80.31
5997 80.43
5998 80.54
5999 80.50
6000 80.25
6001 80.28
6002 80.44
6003 80.48
6004 80.38
6005 80.45
6006 80.44
6007 80.53
6008 80.26
6009 80.33
6010 80.38
6011 80.42
6012 80.31
6013 80.37
6014 80.38
6015 80.43
6016 80.38
6017 80.31
6018 80.47
6019 80.49
6020 80.34
6021 80.54
6022 80.43
6023 80.44
6024 80.26
6025 80.46
6026 80.43
6027 80.45
6028 80.36
6029 80.45
6030 80.37
6031 80.37
6032 80.39
6033 80.49
6034 80.47
6035 80.14
6036 80.39
6037 80.41
6038 80.43
6039 80.32
6040 80.51
6041 80.46
6042 80.36
6043 80.43
6044 80.33
6045 80.21
6046 80.38
6047 80.41
6048 80.53
6049 80.21
6050 80.39
6051 80.35
6052 80.46
6053 80.33
6054 80.51
6055 80.39
6056 80.49
6057 80.37
6058 80.46
6059 80.54
6060 80.34
6061 80.48
6062 80.39
6063 80.59
6064 80.39
6065 80.39
6066 80.49
6067 80.43
6068 80.53
6069 80.38
6070 80.52
6071 80.38
6072 80.43
6073 80.47
6074 80.37
6075 80.46
6076 80.36
6077 80.23
6078 80.34
6079 80.28
6080 80.49
6081 80.47
6082 80.50
6083 80.36
6084 80.38
6085 80.33
6086 80.34
6087 80.35
6088 80.46
6089 80.35
6090 80.49
6091 80.38
6092 80.46
6093 80.60
6094 80.43
6095 80.28
6096 80.45
6097 80.56
6098 80.51
6099 80.27
6100 80.43
6101 80.38
6102 80.42
6103 80.41
6104 80.36
6105 80.37
6106 80.45
6107 80.39
6108 80.54
6109 80.54
6110 80.45
6111 80.37
6112 80.46
6113 80.41
6114 80.52
6115 80.46
6116 80.34
6117 80.30
6118 80.65
6119 80.46
6120 80.49
6121 80.44
6122 80.33
6123 80.29
6124 80.54
6125 80.51
6126 80.47
6127 80.37
6128 80.54
6129 80.41
6130 80.33
6131 80.45
6132 80.58
6133 80.39
6134 80.41
6135 80.24
6136 80.48
6137 80.31
6138 80.51
6139 80.38
6140 80.53
6141 80.40
6142 80.54
6143 80.48
6144 80.30
6145 80.37
6146 80.37
6147 80.27
6148 80.43
6149 80.51
6150 80.42
6151 80.35
6152 80.46
6153 80.41
6154 80.43
6155 80.36
6156 80.69
6157 80.41
6158 80.32
6159 80.33
6160 80.44
6161 80.46
6162 80.46
6163 80.32
6164 80.51
6165 80.28
6166 80.41
6167 80.57
6168 80.46
6169 80.44
6170 80.27
6171 80.34
6172 80.41
6173 80.60
6174 80.38
6175 80.31
6176 80.47
6177 80.39
6178 80.51
6179 80.51
6180 80.48
6181 80.50
6182 80.42
6183 80.40
6184 80.44
6185 80.30
6186 80.54
6187 80.62
6188 80.47
6189 80.25
6190 80.40
6191 80.47
6192 80.29
6193 80.28
6194 80.56
6195 80.43
6196 80.52
6197 80.56
6198 80.54
6199 80.38
6200 80.25
6201 80.38
6202 80.23
6203 80.30
6204 80.38
6205 80.50
6206 80.32
6207 80.40
6208 80.40
6209 80.47
6210 80.33
6211 80.50
6212 80.34
6213 80.59
6214 80.38
6215 80.40
6216 80.49
6217 80.55
6218 80.40
6219 80.61
6220 80.49
6221 80.48
6222 80.55
6223 80.41
6224 80.44
6225 80.53
6226 80.54
6227 80.46
6228 80.35
6229 80.18
6230 80.33
6231 80.43
6232 80.53
6233 80.36
6234 80.46
6235 80.35
6236 80.43
6237 80.31
6238 80.50
6239 80.44
6240 80.39
6241 80.36
6242 80.51
6243 80.41
6244 80.41
6245 80.45
6246 80.27
6247 80.29
6248 80.53
6249 80.62
6250 80.53
6251 80.24
6252 80.39
6253 80.45
6254 80.39
6255 80.48
6256 80.42
6257 80.46
6258 80.36
6259 80.59
6260 80.43
6261 80.19
6262 80.43
6263 80.54
6264 80.51
6265 80.29
6266 80.33
6267 80.51
6268 80.37
6269 80.38
6270 80.42
6271 80.46
6272 80.35
6273 80.38
6274 80.44
6275 80.55
6276 80.42
6277 80.54
6278 80.31
6279 80.38
6280 80.42
6281 80.36
6282 80.60
6283 80.54
6284 80.69
6285 80.47
6286 80.44
6287 80.46
6288 80.51
6289 80.45
6290 80.43
6291 80.45
6292 80.59
6293 80.50
6294 80.34
6295 80.41
6296 80.38
6297 80.52
6298 80.51
6299 80.43
6300 80.37
6301 80.64
6302 80.32
6303 80.36
6304 80.55
6305 80.47
6306 80.41
6307 80.42
6308 80.37
6309 80.34
6310 80.36
6311 80.52
6312 80.42
6313 80.55
6314 80.30
6315 80.43
6316 80.46
6317 80.39
6318 80.49
6319 80.60
6320 80.44
6321 80.54
6322 80.30
6323 80.29
6324 80.48
6325 80.46
6326 80.51
6327 80.68
6328 80.36
6329 80.45
6330 80.47
6331 80.37
6332 80.55
6333 80.34
6334 80.52
6335 80.33
6336 80.50
6337 80.41
6338 80.50
6339 80.64
6340 80.25
6341 80.37
6342 80.38
6343 80.39
6344 80.49
6345 80.51
6346 80.56
6347 80.35
6348 80.40
6349 80.50
6350 80.52
6351 80.37
6352 80.51
6353 80.43
6354 80.16
6355 80.42
6356 80.51
6357 80.43
6358 80.49
6359 80.43
6360 80.31
6361 80.32
6362 80.40
6363 80.48
6364 80.42
6365 80.42
6366 80.35
6367 80.43
6368 80.33
6369 80.38
6370 80.53
6371 80.58
6372 80.31
6373 80.29
6374 80.39
6375 80.41
6376 80.37
6377 80.56
6378 80.44
6379 80.54
6380 80.41
6381 80.32
6382 80.55
6383 80.49
6384 80.66
6385 80.42
6386 80.46
6387 80.38
6388 80.35
6389 80.62
6390 80.51
6391 80.49
6392 80.37
6393 80.43
6394 80.50
6395 80.36
6396 80.56
6397 80.28
6398 80.40
6399 80.42
6400 80.41
6401 80.53
6402 80.39
6403 80.48
6404 80.55
6405 80.41
6406 80.55
6407 80.50
6408 80.52
6409 80.53
6410 80.34
6411 80.41
6412 80.50
6413 80.49
6414 80.43
6415 80.38
6416 80.48
6417 80.44
6418 80.35
6419 80.52
6420 80.50
6421 80.33
6422 80.39
6423 80.38
6424 80.47
6425 80.34
6426 80.41
6427 80.52
6428 80.38
6429 80.33
6430 80.54
6431 80.54
6432 80.43
6433 80.51
6434 80.49
6435 80.30
6436 80.47
6437 80.41
6438 80.50
6439 80.54
6440 80.28
6441 80.52
6442 80.35
6443 80.27
6444 80.43
6445 80.43
6446 80.59
6447 80.38
6448 80.41
6449 80.24
6450 80.37
6451 80.43
6452 80.62
6453 80.52
6454 80.20
6455 80.31
6456 80.69
6457 80.49
6458 80.50
6459 80.46
6460 80.41
6461 80.29
6462 80.49
6463 80.46
6464 80.56
6465 80.42
6466 80.47
6467 80.38
6468 80.53
6469 80.46
6470 80.45
6471 80.43
6472 80.42
6473 80.34
6474 80.27
6475 80.46
6476 80.41
6477 80.47
6478 80.43
6479 80.53
6480 80.28
6481 80.47
6482 80.37
6483 80.57
6484 80.44
6485 80.50
6486 80.32
6487 80.44
6488 80.40
6489 80.64
6490 80.39
6491 80.46
6492 80.40
6493 80.41
6494 80.57
6495 80.52
6496 80.50
6497 80.36
6498 80.42
6499 80.41
6500 80.34
6501 80.45
6502 80.47
6503 80.38
6504 80.36
6505 80.38
6506 80.60
6507 80.36
6508 80.64
6509 80.43
6510 80.46
6511 80.32
6512 80.55
6513 80.46
6514 80.43
6515 80.52
6516 80.38
6517 80.41
6518 80.46
6519 80.62
6520 80.55
6521 80.43
6522 80.49
6523 80.30
6524 80.30
6525 80.49
6526 80.53
6527 80.43
6528 80.43
6529 80.34
6530 80.45
6531 80.52
6532 80.45
6533 80.38
6534 80.38
6535 80.43
6536 80.47
6537 80.45
6538 80.49
6539 80.39
6540 80.24
6541 80.43
6542 80.50
6543 80.46
6544 80.45
6545 80.32
6546 80.49
6547 80.28
6548 80.30
6549 80.48
6550 80.45
6551 80.69
6552 80.42
6553 80.35
6554 80.52
6555 80.48
6556 80.51
6557 80.45
6558 80.55
6559 80.40
6560 80.46
6561 80.54
6562 80.54
6563 80.35
6564 80.49
6565 80.45
6566 80.30
6567 80.49
6568 80.51
6569 80.45
6570 80.40
6571 80.61
6572 80.49
6573 80.36
6574 80.45
6575 80.48
6576 80.44
6577 80.46
6578 80.36
6579 80.41
6580 80.50
6581 80.43
6582 80.38
6583 80.47
6584 80.50
6585 80.44
6586 80.53
6587 80.48
6588 80.51
6589 80.47
6590 80.52
6591 80.33
6592 80.39
6593 80.54
6594 80.49
6595 80.31
6596 80.39
6597 80.36
6598 80.48
6599 80.38
6600 80.66
6601 80.45
6602 80.38
6603 80.39
6604 80.44
6605 80.41
6606 80.33
6607 80.49
6608 80.43
6609 80.45
6610 80.46
6611 80.46
6612 80.50
6613 80.54
6614 80.37
6615 80.59
6616 80.44
6617 80.40
6618 80.38
6619 80.49
6620 80.52
6621 80.57
6622 80.58
6623 80.58
6624 80.35
6625 80.46
6626 80.44
6627 80.36
6628 80.62
6629 80.36
6630 80.51
6631 80.39
6632 80.28
6633 80.42
6634 80.38
6635 80.55
6636 80.38
6637 80.36
6638 80.67
6639 80.29
6640 80.43
6641 80.31
6642 80.50
6643 80.43
6644 80.51
6645 80.46
6646 80.60
6647 80.46
6648 80.32
6649 80.33
6650 80.28
6651 80.52
6652 80.46
6653 80.38
6654 80.34
6655 80.34
6656 80.31
6657 80.42
6658 80.55
6659 80.57
6660 80.51
6661 80.44
6662 80.29
6663 80.25
6664 80.56
6665 80.49
6666 80.52
6667 80.59
6668 80.49
6669 80.25
6670 80.50
6671 80.36
6672 80.25
6673 80.41
6674 80.35
6675 80.53
6676 80.41
6677 80.45
6678 80.43
6679 80.32
6680 80.39
6681 80.49
6682 80.59
6683 80.36
6684 80.45
6685 80.39
6686 80.48
6687 80.51
6688 80.51
6689 80.35
6690 80.59
6691 80.46
6692 80.33
6693 80.49
6694 80.42
6695 80.47
6696 80.39
6697 80.45
6698 80.52
6699 80.32
6700 80.43
6701 80.54
6702 80.61
6703 80.54
6704 80.41
6705 80.43
6706 80.47
6707 80.20
6708 80.39
6709 80.45
6710 80.42
6711 80.57
6712 80.51
6713 80.49
6714 80.38
6715 80.54
6716 80.40
6717 80.53
6718 80.50
6719 80.42
6720 80.46
6721 80.45
6722 80.33
6723 80.33
6724 80.48
6725 80.55
6726 80.61
6727 80.32
6728 80.50
6729 80.55
6730 80.55
6731 80.41
6732 80.49
6733 80.57
6734 80.46
6735 80.44
6736 80.42
6737 80.38
6738 80.39
6739 80.50
6740 80.37
6741 80.33
6742 80.49
6743 80.38
6744 80.44
6745 80.49
6746 80.35
6747 80.38
6748 80.52
6749 80.44
6750 80.48
6751 80.38
6752 80.35
6753 80.27
6754 80.41
6755 80.54
6756 80.56
6757 80.50
6758 80.45
6759 80.39
6760 80.46
6761 80.59
6762 80.34
6763 80.71
6764 80.48
6765 80.41
6766 80.45
6767 80.36
6768 80.49
6769 80.53
6770 80.43
6771 80.58
6772 80.42
6773 80.38
6774 80.53
6775 80.53
6776 80.48
6777 80.53
6778 80.72
6779 80.57
6780 80.46
6781 80.54
6782 80.43
6783 80.41
6784 80.54
6785 80.37
6786 80.51
6787 80.45
6788 80.30
6789 80.42
6790 80.20
6791 80.66
6792 80.49
6793 80.37
6794 80.45
6795 80.46
6796 80.33
6797 80.46
6798 80.43
6799 80.49
6800 80.46
6801 80.40
6802 80.61
6803 80.43
6804 80.38
6805 80.31
6806 80.49
6807 80.51
6808 80.44
6809 80.36
6810 80.59
6811 80.41
6812 80.56
6813 80.54
6814 80.52
6815 80.46
6816 80.67
6817 80.43
6818 80.36
6819 80.59
6820 80.33
6821 80.56
6822 80.35
6823 80.44
6824 80.36
6825 80.52
6826 80.47
6827 80.58
6828 80.46
6829 80.54
6830 80.60
6831 80.46
6832 80.47
6833 80.41
6834 80.41
6835 80.56
6836 80.50
6837 80.56
6838 80.43
6839 80.59
6840 80.46
6841 80.33
6842 80.35
6843 80.24
6844 80.36
6845 80.50
6846 80.49
6847 80.62
6848 80.58
6849 80.50
6850 80.42
6851 80.53
6852 80.34
6853 80.52
6854 80.42
6855 80.50
6856 80.51
6857 80.38
6858 80.48
6859 80.47
6860 80.62
6861 80.39
6862 80.53
6863 80.55
6864 80.39
6865 80.36
6866 80.35
6867 80.38
6868 80.41
6869 80.43
6870 80.47
6871 80.49
6872 80.54
6873 80.40
6874 80.40
6875 80.62
6876 80.37
6877 80.39
6878 80.37
6879 80.44
6880 80.45
6881 80.51
6882 80.46
6883 80.41
6884 80.39
6885 80.42
6886 80.56
6887 80.59
6888 80.47
6889 80.61
6890 80.35
6891 80.42
6892 80.55
6893 80.51
6894 80.34
6895 80.43
6896 80.44
6897 80.38
6898 80.51
6899 80.35
6900 80.41
6901 80.49
6902 80.51
6903 80.44
6904 80.44
6905 80.57
6906 80.57
6907 80.56
6908 80.55
6909 80.48
6910 80.48
6911 80.41
6912 80.51
6913 80.29
6914 80.38
6915 80.51
6916 80.56
6917 80.53
6918 80.51
6919 80.55
6920 80.59
6921 80.49
6922 80.29
6923 80.43
6924 80.56
6925 80.51
6926 80.57
6927 80.62
6928 80.69
6929 80.64
6930 80.28
6931 80.43
6932 80.53
6933 80.55
6934 80.47
6935 80.46
6936 80.73
6937 80.46
6938 80.45
6939 80.41
6940 80.24
6941 80.67
6942 80.54
6943 80.51
6944 80.47
6945 80.55
6946 80.40
6947 80.44
6948 80.42
6949 80.39
6950 80.54
6951 80.40
6952 80.39
6953 80.49
6954 80.54
6955 80.47
6956 80.38
6957 80.42
6958 80.48
6959 80.43
6960 80.54
6961 80.52
6962 80.67
6963 80.45
6964 80.55
6965 80.32
6966 80.34
6967 80.49
6968 80.42
6969 80.47
6970 80.39
6971 80.29
6972 80.54
6973 80.51
6974 80.41
6975 80.37
6976 80.53
6977 80.54
6978 80.34
6979 80.44
6980 80.56
6981 80.45
6982 80.51
6983 80.41
6984 80.59
6985 80.65
6986 80.54
6987 80.56
6988 80.39
6989 80.58
6990 80.49
6991 80.35
6992 80.44
6993 80.56
6994 80.43
6995 80.40
6996 80.38
6997 80.59
6998 80.59
6999 80.60
7000 80.61
7001 80.49
7002 80.37
7003 80.36
7004 80.50
7005 80.38
7006 80.53
7007 80.36
7008 80.47
7009 80.41
7010 80.53
7011 80.36
7012 80.41
7013 80.40
7014 80.34
7015 80.49
7016 80.53
7017 80.42
7018 80.55
7019 80.42
7020 80.69
7021 80.47
7022 80.32
7023 80.43
7024 80.47
7025 80.56
7026 80.47
7027 80.55
7028 80.49
7029 80.51
7030 80.39
7031 80.45
7032 80.40
7033 80.42
7034 80.44
7035 80.58
7036 80.58
7037 80.64
7038 80.42
7039 80.46
7040 80.45
7041 80.36
7042 80.40
7043 80.46
7044 80.51
7045 80.46
7046 80.46
7047 80.45
7048 80.30
7049 80.50
7050 80.33
7051 80.38
7052 80.49
7053 80.60
7054 80.35
7055 80.52
7056 80.42
7057 80.48
7058 80.33
7059 80.60
7060 80.60
7061 80.48
7062 80.35
7063 80.52
7064 80.44
7065 80.40
7066 80.27
7067 80.57
7068 80.55
7069 80.46
7070 80.35
7071 80.42
7072 80.54
7073 80.44
7074 80.59
7075 80.36
7076 80.44
7077 80.53
7078 80.48
7079 80.43
7080 80.49
7081 80.50
7082 80.41
7083 80.44
7084 80.65
7085 80.38
7086 80.39
7087 80.56
7088 80.55
7089 80.56
7090 80.64
7091 80.49
7092 80.56
7093 80.25
7094 80.52
7095 80.48
7096 80.59
7097 80.66
7098 80.35
7099 80.53
7100 80.49
7101 80.43
7102 80.43
7103 80.46
7104 80.60
7105 80.64
7106 80.38
7107 80.36
7108 80.32
7109 80.37
7110 80.37
7111 80.50
7112 80.57
7113 80.47
7114 80.30
7115 80.35
7116 80.44
7117 80.46
7118 80.54
7119 80.49
7120 80.61
7121 80.72
7122 80.29
7123 80.45
7124 80.44
7125 80.41
7126 80.40
7127 80.56
7128 80.44
7129 80.43
7130 80.25
7131 80.42
7132 80.47
7133 80.50
7134 80.57
7135 80.49
7136 80.58
7137 80.44
7138 80.47
7139 80.48
7140 80.37
7141 80.46
7142 80.56
7143 80.46
7144 80.45
7145 80.47
7146 80.49
7147 80.50
7148 80.52
7149 80.40
7150 80.56
7151 80.49
7152 80.38
7153 80.51
7154 80.41
7155 80.56
7156 80.61
7157 80.55
7158 80.38
7159 80.51
7160 80.36
7161 80.43
7162 80.51
7163 80.44
7164 80.53
7165 80.50
7166 80.45
7167 80.55
7168 80.38
7169 80.45
7170 80.38
7171 80.43
7172 80.58
7173 80.50
7174 80.54
7175 80.46
7176 80.36
7177 80.41
7178 80.31
7179 80.51
7180 80.57
7181 80.46
7182 80.49
7183 80.48
7184 80.53
7185 80.46
7186 80.49
7187 80.42
7188 80.51
7189 80.42
7190 80.59
7191 80.50
7192 80.47
7193 80.40
7194 80.38
7195 80.55
7196 80.57
7197 80.42
7198 80.36
7199 80.56
7200 80.39
7201 80.40
7202 80.43
7203 80.49
7204 80.60
7205 80.52
7206 80.72
7207 80.56
7208 80.35
7209 80.33
7210 80.37
7211 80.41
7212 80.59
7213 80.41
7214 80.46
7215 80.64
7216 80.47
7217 80.46
7218 80.51
7219 80.56
7220 80.37
7221 80.50
7222 80.36
7223 80.53
7224 80.36
7225 80.22
7226 80.39
7227 80.40
7228 80.51
7229 80.51
7230 80.43
7231 80.49
7232 80.57
7233 80.52
7234 80.54
7235 80.40
7236 80.57
7237 80.48
7238 80.38
7239 80.60
7240 80.45
7241 80.43
7242 80.45
7243 80.51
7244 80.56
7245 80.49
7246 80.36
7247 80.57
7248 80.41
7249 80.43
7250 80.53
7251 80.42
7252 80.67
7253 80.49
7254 80.39
7255 80.47
7256 80.42
7257 80.54
7258 80.51
7259 80.52
7260 80.63
7261 80.54
7262 80.27
7263 80.06
7264 80.00
7265 80.11
7266 80.05
7267 79.81
7268 79.76
7269 78.61
7270 77.04
7271 73.02
7272 70.11
7273 67.28
7274 64.43
7275 61.64
7276 58.54
7277 55.27
7278 51.91
7279 48.70
7280 45.59
7281 42.74
7282 39.99
7283 37.42
7284 35.05
7285 32.92
7286 30.86
7287 28.90
7288 26.99
7289 25.46
7290 23.81
7291 22.16
7292 20.67
7293 19.31
7294 17.97
7295 16.71
7296 15.54
7297 14.52
7298 13.44
7299 12.35
7300 11.53
7301 10.72
7302 9.84
7303 8.99
7304 8.50
7305 8.31
7306 8.01
7307 7.80
7308 7.61
7309 7.40
7310 7.17
