1 21.1250
2 21.1250
3 21.625
4 21.625
5 21.0
6 21.0
7 20.9375
8 20.9375
9 20.8750
10 20.8750
11 20.8125
12 20.7500
13 20.7500
14 20.6875
15 20.6875
16 20.6250
17 20.6250
18 20.5625
19 20.5625
20 20.5000
21 20.4375
22 20.4375
23 20.3750
24 20.3750
25 20.3125
26 20.3125
27 20.2500
28 20.2500
29 20.2500
30 20.1875
31 20.1875
32 20.1250
33 20.1250
34 20.1250
35 20.625
36 20.625
37 20.0
38 20.0
39 20.0
40 20.0
41 20.625
42 20.1250
43 20.1250
44 20.1875
45 20.1875
46 20.2500
47 20.2500
48 20.3125
49 20.3750
50 20.3750
51 20.3750
52 20.4375
53 20.5000
54 20.5625
55 20.5625
56 20.6250
57 20.6250
58 20.6875
59 20.7500
60 20.7500
61 20.8125
62 20.8125
63 20.8750
64 20.9375
65 20.9375
66 20.9375
67 21.0
68 21.0
69 21.625
70 21.1250
71 21.1250
72 21.1875
73 21.1875
74 21.1875
75 21.2500
76 21.2500
77 21.3125
78 21.3125
79 21.3750
80 21.3750
81 21.5000
82 21.7500
83 22.3750
84 23.8750
85 26.1875
86 28.2500
87 30.2500
88 32.1875
89 34.3125
90 35.9375
91 37.1875
92 38.2500
93 39.1250
94 39.9375
95 40.6250
96 41.2500
97 41.8750
98 42.4375
99 42.8750
100 43.3125
101 43.7500
102 44.625
103 44.4375
104 44.7500
105 45.1250
106 45.4375
107 45.7500
108 46.625
109 46.3750
110 46.6250
111 46.8750
112 47.1250
113 47.3750
114 47.6250
115 47.8750
116 48.1250
117 48.3125
118 48.5625
119 48.7500
120 49.0
121 49.1875
122 49.3750
123 49.5625
124 49.7500
125 49.9375
126 50.625
127 50.3125
128 50.4375
129 50.6250
130 50.7500
131 50.9375
132 51.625
133 51.2500
134 51.3750
135 51.5625
136 51.6875
137 51.8125
138 52.0
139 52.1250
140 52.2500
141 52.3125
142 52.4375
143 52.5625
144 52.6875
145 52.8125
146 52.9375
147 53.625
148 53.1250
149 53.2500
150 53.3125
151 53.4375
152 53.5000
153 53.6250
154 53.6875
155 53.8125
156 53.8750
157 54.0
158 54.625
159 54.1250
160 54.1875
161 54.3125
162 54.3125
163 54.4375
164 54.5000
165 54.5625
166 54.6250
167 54.6875
168 54.7500
169 54.8125
170 54.8750
171 54.9375
172 55.0
173 55.625
174 55.1250
175 55.1875
176 55.1875
177 55.3125
178 55.3125
179 55.3125
180 55.3750
181 55.4375
182 55.5000
183 55.5625
184 55.5625
185 55.6250
186 55.6875
187 55.6875
188 55.7500
189 55.7500
190 55.8125
191 55.8750
192 55.8750
193 55.9375
194 55.9375
195 56.0
196 56.0
197 56.625
198 56.1250
199 56.1250
200 56.1250
201 56.1250
202 56.1875
203 56.1875
204 56.2500
205 56.3125
206 56.3125
207 56.3125
208 56.3750
209 56.3750
210 56.3750
211 56.3750
212 56.4375
213 56.4375
214 56.5000
215 56.5000
216 56.5000
217 56.5000
218 56.5625
219 56.5625
220 56.5625
221 56.6250
222 56.6250
223 56.6250
224 56.6250
225 56.6875
226 56.6875
227 56.6875
228 56.6875
229 56.6875
230 56.7500
231 56.7500
232 56.7500
233 56.7500
234 56.8125
235 56.8125
236 56.8125
237 56.8125
238 56.8125
239 56.8750
240 56.8750
241 56.8750
242 56.8750
243 56.8750
244 56.8750
245 56.9375
246 56.9375
247 56.9375
248 56.9375
249 56.9375
250 56.9375
251 57.0
252 57.0
253 57.0
254 57.0
255 57.0
256 57.0
257 57.0
258 57.625
259 57.625
260 57.625
261 57.625
262 57.625
263 57.625
264 57.625
265 57.625
266 57.625
267 57.1250
268 57.625
269 57.1250
270 57.1250
271 57.1250
272 57.1250
273 57.1250
274 57.1250
275 57.1250
276 57.1250
277 57.1250
278 57.1250
279 57.1875
280 57.1875
281 57.1875
282 57.1875
283 57.1875
284 57.1875
285 57.1875
286 57.1875
287 57.1875
288 57.1875
289 57.1875
290 57.1875
291 57.2500
292 57.2500
293 57.2500
294 57.2500
295 57.2500
296 57.2500
297 57.2500
298 57.2500
299 57.2500
300 57.2500
301 57.2500
302 57.2500
303 57.2500
304 57.2500
305 57.2500
306 57.2500
307 57.2500
308 57.2500
309 57.3125
310 57.3125
311 57.3125
312 57.3125
313 57.3125
314 57.3125
315 57.3125
316 57.3125
317 57.3125
318 57.3125
319 57.3125
320 57.3125
321 57.3125
322 57.3125
323 57.3125
324 57.3125
325 57.3125
326 57.3125
327 57.3125
328 57.3125
329 57.3125
330 57.3750
331 57.3125
332 57.3125
333 57.3750
334 57.3750
335 57.3750
336 57.3750
337 57.3750
338 57.3750
339 57.3750
340 57.3750
341 57.3750
342 57.3750
343 57.3750
344 57.3750
345 57.3750
346 57.3750
347 57.3750
348 57.3750
349 57.3750
350 57.3750
351 57.3750
352 57.4375
353 57.3750
354 57.3750
355 57.4375
356 57.3750
357 57.3750
358 57.3750
359 57.4375
360 57.3750
361 57.4375
362 57.4375
363 57.4375
364 57.4375
365 57.4375
366 57.4375
367 57.4375
368 57.4375
369 57.4375
370 57.4375
371 57.4375
372 57.4375
373 57.4375
374 57.4375
375 57.4375
376 57.4375
377 57.4375
378 57.4375
379 57.4375
380 57.4375
381 57.4375
382 57.4375
383 57.4375
384 57.4375
385 57.4375
386 57.4375
387 57.4375
388 57.4375
389 57.4375
390 57.4375
391 57.4375
392 57.4375
393 57.4375
394 57.4375
395 57.4375
396 57.4375
397 57.5000
398 57.4375
399 57.5000
400 57.5000
401 57.4375
402 57.5000
403 57.4375
404 57.4375
405 57.4375
406 57.5000
407 57.5000
408 57.5000
409 57.4375
410 57.4375
411 57.5000
412 57.4375
413 57.5000
414 57.5000
415 57.5000
416 57.5000
417 57.5000
418 57.5000
419 57.5000
420 57.4375
421 57.5000
422 57.5000
423 57.5000
424 57.5000
425 57.5000
426 57.5000
427 57.5000
428 57.5000
429 57.5000
430 57.5000
431 57.5000
432 57.5000
433 57.5000
434 57.5000
435 57.5000
436 57.5000
437 57.5000
438 57.5000
439 57.5000
440 57.5000
441 57.5000
442 57.5000
443 57.5000
444 57.5000
445 57.5625
446 57.5000
447 57.5625
448 57.5000
449 57.5625
450 57.5625
451 57.5000
452 57.5625
453 57.5625
454 57.5625
455 57.5625
456 57.5000
457 57.5625
458 57.5625
459 57.5625
460 57.5000
461 57.5625
462 57.5625
463 57.5625
464 57.5625
465 57.5625
466 57.5625
467 57.5625
468 57.5625
469 57.5625
470 57.5625
471 57.5625
472 57.5625
473 57.5625
474 57.5625
475 57.5625
476 57.5625
477 57.5625
478 57.5625
479 57.5625
480 57.5625
481 57.5625
482 57.5625
483 57.5625
484 57.5625
485 57.5625
486 57.5625
487 57.5625
488 57.5625
489 57.5625
490 57.5625
491 57.5625
492 57.5625
493 57.5625
494 57.5625
495 57.5625
496 57.6250
497 57.5625
498 57.5625
499 57.5625
500 57.5625
501 57.6250
502 57.5625
503 57.5625
504 57.5625
505 57.6250
506 57.5625
507 57.5625
508 57.5625
509 57.5625
510 57.5625
511 57.6250
512 57.5625
513 57.6250
514 57.6250
515 57.5625
516 57.6250
517 57.6250
518 57.6250
519 57.6250
520 57.6250
521 57.6250
522 57.6250
523 57.6250
524 57.6250
525 57.6250
526 57.6250
527 57.6250
528 57.6250
529 57.6250
530 57.6250
531 57.6250
532 57.6250
533 57.6250
534 57.6250
535 57.6250
536 57.6250
537 57.6250
538 57.6250
539 57.6250
540 57.6250
541 57.6250
542 57.6250
543 57.6250
544 57.6250
545 57.6250
546 57.6250
547 57.6250
548 57.6250
549 57.6875
550 57.6250
551 57.6250
552 57.6250
553 57.6250
554 57.6250
555 57.6250
556 57.6250
557 57.6250
558 57.6250
559 57.6250
560 57.6250
561 57.6250
562 57.6250
563 57.6250
564 57.6250
565 57.6250
566 57.6250
567 57.6250
568 57.6250
569 57.6875
570 57.6250
571 57.6250
572 57.6875
573 57.6250
574 57.6250
575 57.6875
576 57.6875
577 57.6875
578 57.6875
579 57.6250
580 57.6875
581 57.6875
582 57.6875
583 57.6875
584 57.6875
585 57.6875
586 57.6875
587 57.6875
588 57.6250
589 57.6875
590 57.6875
591 57.6875
592 57.6875
593 57.6875
594 57.6875
595 57.6875
596 57.6875
597 57.6875
598 57.6875
599 57.6875
600 57.6875
601 57.6875
602 57.6875
603 57.6875
604 57.6875
605 57.6875
606 57.6875
607 57.6875
608 57.6875
609 57.6875
610 57.6875
611 57.6875
612 57.6875
613 57.6875
614 57.6875
615 57.6875
616 57.6875
617 57.6875
618 57.6875
619 57.6875
620 57.6875
621 57.6875
622 57.6875
623 57.6875
624 57.6875
625 57.6875
626 57.6875
627 57.6875
628 57.7500
629 57.7500
630 57.6875
631 57.6875
632 57.6875
633 57.6875
634 57.6875
635 57.6875
636 57.7500
637 57.7500
638 57.7500
639 57.7500
640 57.7500
641 57.6875
642 57.6875
643 57.7500
644 57.6875
645 57.7500
646 57.7500
647 57.6875
648 57.7500
649 57.7500
650 57.6875
651 57.7500
652 57.6875
653 57.6875
654 57.6875
655 57.7500
656 57.7500
657 57.7500
658 57.7500
659 57.6875
660 57.7500
661 57.7500
662 57.7500
663 57.7500
664 57.7500
665 57.7500
666 57.7500
667 57.7500
668 57.7500
669 57.7500
670 57.7500
671 57.7500
672 57.7500
673 57.7500
674 57.7500
675 57.7500
676 57.7500
677 57.7500
678 57.7500
679 57.7500
680 57.7500
681 57.7500
682 57.7500
683 57.7500
684 57.7500
685 57.7500
686 57.7500
687 57.7500
688 57.7500
689 57.7500
690 57.7500
691 57.7500
692 57.7500
693 57.7500
694 57.7500
695 57.7500
696 57.8125
697 57.7500
698 57.7500
699 57.7500
700 57.7500
701 57.8125
702 57.7500
703 57.7500
704 57.7500
705 57.7500
706 57.7500
707 57.7500
708 57.6875
709 57.5625
710 57.5000
711 57.4375
712 57.3125
713 57.1875
714 57.625
715 57.0
716 56.8750
717 56.8125
718 56.6250
719 56.5625
720 56.4375
721 56.3750
722 56.2500
723 56.1875
724 56.1250
725 56.0
726 55.9375
727 55.8750
728 55.8125
729 55.6875
730 55.6250
731 55.5625
732 55.4375
733 54.8125
734 54.625
735 53.3750
736 52.3750
737 46.5625
738 40.1250
739 36.3750
740 34.625
741 32.4375
742 31.1250
743 30.1250
744 29.8750
745 29.4375
746 27.1875
747 25.8125
748 25.9375
749 25.625
750 24.1250
751 23.6250
752 23.3750
753 23.1875
754 23.4375
755 24.625
756 24.5000
757 24.7500
758 24.9375
759 25.0
760 25.625
