1 13.96
2 13.91
3 13.58
4 13.24
5 13.02
6 12.79
7 12.60
8 12.29
9 12.12
10 11.98
11 11.72
12 11.55
13 11.32
14 11.19
15 11.03
16 10.80
17 10.62
18 10.52
19 10.28
20 10.23
21 9.95
22 9.87
23 9.82
24 9.55
25 9.42
26 9.28
27 9.18
28 9.06
29 8.90
30 8.78
31 8.71
32 8.54
33 8.47
34 8.33
35 8.21
36 8.12
37 8.05
38 7.85
39 7.77
40 7.68
41 7.64
42 7.58
43 7.49
44 7.50
45 7.42
46 7.33
47 7.24
48 7.22
49 7.13
50 7.10
51 6.96
52 6.91
53 6.86
54 6.89
55 6.77
56 6.77
57 6.75
58 6.66
59 7.11
60 8.00
61 9.98
62 15.13
63 37.48
64 47.19
65 52.15
66 56.47
67 57.95
68 58.75
69 58.86
70 59.05
71 59.01
72 59.03
73 59.16
74 59.02
75 59.23
76 59.18
77 59.10
78 59.04
79 59.11
80 59.14
81 59.15
82 58.99
83 59.12
84 58.98
85 58.93
86 59.01
87 58.97
88 59.05
89 59.04
90 58.99
91 59.08
92 58.96
93 58.82
94 58.73
95 58.77
96 58.83
97 58.79
98 58.89
99 58.67
100 58.92
101 58.72
102 58.62
103 58.51
104 58.66
105 58.71
106 58.60
107 58.59
108 58.57
109 58.61
110 58.60
111 58.31
112 58.43
113 58.51
114 58.61
115 58.57
116 58.34
117 58.60
118 58.29
119 58.27
120 58.29
121 58.23
122 58.32
123 58.41
124 58.33
125 58.38
126 58.37
127 58.42
128 58.34
129 58.39
130 58.46
131 58.35
132 58.40
133 58.46
134 58.41
135 58.45
136 58.41
137 58.45
138 58.41
139 58.43
140 58.28
141 58.41
142 58.36
143 58.25
144 58.28
145 58.33
146 58.41
147 58.35
148 58.29
149 58.45
150 58.29
151 58.48
152 58.35
153 58.30
154 58.36
155 58.33
156 58.39
157 58.41
158 58.29
159 58.24
160 58.31
161 58.26
162 58.36
163 58.21
164 58.11
165 58.31
166 58.15
167 58.10
168 58.24
169 58.24
170 58.33
171 58.27
172 58.31
173 58.24
174 58.17
175 58.34
176 58.21
177 58.29
178 58.42
179 58.30
180 58.27
181 58.32
182 58.30
183 58.34
184 58.22
185 58.26
186 58.29
187 58.41
188 58.18
189 58.30
190 58.27
191 58.18
192 58.35
193 58.38
194 58.27
195 58.22
196 58.23
197 58.13
198 58.29
199 58.41
200 58.22
201 58.29
202 58.29
203 58.21
204 58.20
205 58.15
206 58.31
207 58.15
208 58.23
209 58.20
210 58.30
211 58.34
212 58.22
213 58.23
214 58.21
215 58.32
216 58.18
217 58.16
218 58.27
219 58.18
220 58.24
221 58.38
222 58.20
223 58.33
224 58.20
225 58.12
226 58.18
227 58.23
228 58.19
229 58.27
230 58.21
231 58.15
232 58.38
233 58.24
234 58.23
235 58.24
236 58.39
237 58.38
238 58.34
239 58.14
240 58.18
241 58.26
242 58.25
243 58.21
244 58.19
245 58.20
246 58.50
247 58.22
248 58.43
249 58.25
250 58.31
251 58.32
252 58.31
253 58.36
254 58.43
255 58.32
256 58.27
257 58.32
258 58.13
259 58.20
260 58.24
261 58.36
262 58.34
263 58.26
264 58.40
265 58.25
266 58.22
267 58.13
268 58.24
269 58.23
270 58.34
271 58.16
272 58.34
273 58.29
274 58.29
275 58.39
276 58.36
277 58.39
278 58.42
279 58.53
280 58.22
281 58.45
282 58.22
283 58.17
284 58.31
285 58.33
286 58.31
287 58.44
288 58.35
289 58.32
290 58.45
291 58.24
292 58.26
293 58.34
294 58.38
295 58.43
296 58.32
297 58.32
298 58.44
299 58.35
300 58.30
301 58.17
302 58.40
303 58.29
304 58.44
305 58.39
306 58.43
307 58.36
308 58.22
309 58.43
310 58.38
311 58.51
312 58.42
313 58.40
314 58.49
315 58.28
316 58.38
317 58.38
318 58.46
319 58.38
320 58.45
321 58.48
322 58.42
323 58.36
324 58.35
325 58.23
326 58.22
327 58.40
328 58.52
329 58.38
330 58.47
331 58.46
332 58.47
333 58.48
334 58.52
335 58.32
336 58.36
337 58.48
338 58.41
339 58.46
340 58.52
341 58.56
342 58.45
343 58.42
344 58.47
345 58.41
346 58.41
347 58.47
348 58.34
349 58.39
350 58.47
351 58.41
352 58.52
353 58.39
354 58.61
355 58.52
356 58.51
357 58.61
358 58.51
359 58.45
360 58.51
361 58.56
362 58.50
363 58.40
364 58.46
365 58.49
366 58.56
367 58.51
368 58.44
369 58.58
370 58.55
371 58.49
372 58.53
373 58.58
374 58.59
375 58.45
376 58.46
377 58.45
378 58.55
379 58.62
380 58.59
381 58.42
382 58.57
383 58.43
384 58.52
385 58.53
386 58.47
387 58.59
388 58.41
389 58.51
390 58.41
391 58.38
392 58.51
393 58.49
394 58.50
395 58.64
396 58.63
397 58.61
398 58.64
399 58.60
400 58.54
401 58.59
402 58.63
403 58.62
404 58.63
405 58.59
406 58.67
407 58.52
408 58.61
409 58.62
410 58.58
411 58.70
412 58.72
413 58.67
414 58.62
415 58.64
416 58.60
417 58.66
418 58.69
419 58.68
420 58.66
421 58.60
422 58.75
423 58.63
424 58.57
425 58.55
426 58.61
427 58.57
428 58.67
429 58.57
430 58.79
431 58.62
432 58.53
433 58.54
434 58.58
435 58.66
436 58.57
437 58.55
438 58.72
439 58.67
440 58.81
441 58.57
442 58.76
443 58.69
444 58.66
445 58.69
446 58.72
447 58.63
448 58.86
449 58.59
450 58.70
451 58.58
452 58.67
453 58.67
454 58.61
455 58.79
456 58.70
457 58.75
458 58.72
459 58.64
460 58.62
461 58.75
462 58.57
463 58.57
464 58.59
465 58.84
466 58.70
467 58.62
468 58.70
469 58.71
470 58.78
471 58.64
472 58.67
473 58.76
474 58.70
475 58.77
476 58.70
477 58.59
478 58.63
479 58.50
480 58.61
481 58.64
482 58.68
483 58.73
484 58.62
485 58.76
486 58.87
487 58.73
488 58.68
489 58.73
490 58.82
491 58.81
492 58.73
493 58.73
494 58.72
495 58.80
496 58.65
497 58.72
498 58.74
499 58.88
500 58.83
501 58.75
502 58.74
503 58.79
504 58.55
505 58.72
506 58.56
507 58.64
508 58.88
509 58.71
510 58.72
511 58.82
512 58.77
513 58.63
514 58.94
515 58.75
516 58.74
517 59.04
518 58.71
519 58.82
520 58.80
521 58.89
522 58.69
523 58.89
524 58.88
525 58.84
526 58.79
527 58.77
528 58.82
529 58.76
530 58.79
531 58.84
532 58.91
533 58.87
534 58.92
535 58.77
536 58.79
537 58.79
538 58.79
539 58.71
540 58.90
541 58.82
542 58.91
543 58.82
544 58.68
545 58.80
546 58.84
547 58.70
548 58.85
549 58.86
550 58.86
551 58.78
552 58.99
553 58.74
554 58.79
555 58.90
556 58.95
557 58.90
558 58.87
559 58.82
560 58.83
561 58.85
562 58.72
563 58.95
564 58.87
565 58.76
566 58.88
567 58.79
568 58.89
569 58.78
570 58.98
571 58.89
572 58.91
573 58.78
574 58.86
575 58.88
576 58.92
577 58.74
578 58.68
579 58.93
580 58.98
581 58.98
582 58.93
583 58.73
584 58.95
585 58.93
586 58.80
587 58.84
588 58.91
589 58.97
590 58.84
591 58.97
592 58.87
593 58.97
594 58.82
595 58.90
596 58.88
597 58.98
598 58.91
599 58.72
600 58.81
601 59.01
602 58.93
603 58.94
604 58.92
605 59.04
606 58.95
607 58.85
608 58.89
609 58.82
610 58.88
611 58.95
612 58.93
613 58.89
614 58.98
615 58.79
616 58.86
617 58.83
618 58.79
619 58.77
620 58.97
621 58.91
622 58.87
623 58.95
624 58.83
625 58.90
626 58.93
627 58.90
628 58.99
629 58.98
630 59.08
631 59.06
632 58.94
633 58.90
634 58.86
635 58.98
636 58.79
637 58.91
638 59.06
639 58.95
640 59.09
641 58.89
642 58.91
643 58.85
644 58.93
645 58.90
646 58.97
647 59.05
648 58.98
649 59.05
650 58.89
651 59.26
652 58.96
653 58.91
654 58.86
655 59.03
656 58.91
657 59.01
658 58.94
659 58.84
660 58.99
661 58.91
662 58.91
663 59.00
664 58.95
665 59.07
666 59.02
667 58.87
668 58.98
669 58.96
670 58.97
671 58.89
672 59.06
673 59.03
674 58.95
675 59.04
676 58.93
677 59.04
678 58.93
679 58.89
680 59.00
681 58.91
682 59.04
683 59.04
684 58.96
685 59.05
686 59.03
687 58.97
688 58.95
689 58.97
690 59.01
691 59.03
692 58.93
693 58.97
694 59.00
695 59.00
696 59.04
697 58.91
698 58.93
699 58.92
700 59.06
701 58.91
702 58.92
703 59.11
704 59.05
705 59.05
706 58.96
707 58.95
708 59.04
709 58.98
710 58.86
711 58.87
712 59.04
713 59.07
714 59.08
715 58.92
716 58.92
717 58.99
718 58.97
719 58.87
720 58.91
721 59.00
722 59.16
723 59.02
724 58.98
725 59.03
726 59.11
727 58.84
728 58.98
729 58.88
730 59.04
731 59.05
732 59.14
733 58.94
734 58.92
735 59.07
736 59.01
737 58.85
738 58.99
739 59.18
740 59.05
741 59.09
742 59.06
743 59.02
744 59.05
745 59.00
746 58.95
747 58.87
748 59.07
749 59.07
750 58.86
751 59.09
752 58.93
753 59.02
754 59.09
755 58.82
756 59.07
757 59.02
758 59.02
759 58.95
760 59.11
761 59.04
762 59.00
763 58.98
764 58.95
765 58.84
766 59.00
767 58.92
768 59.01
769 58.92
770 59.07
771 59.07
772 59.05
773 58.99
774 59.02
775 59.03
776 58.86
777 58.95
778 58.97
779 59.07
780 59.08
781 59.05
782 59.02
783 59.07
784 59.02
785 58.95
786 58.97
787 58.98
788 59.21
789 59.09
790 59.06
791 58.92
792 59.06
793 59.02
794 58.92
795 58.93
796 59.28
797 59.03
798 59.09
799 59.17
800 59.08
801 59.21
802 59.02
803 59.01
804 59.09
805 59.03
806 59.18
807 59.03
808 59.13
809 59.06
810 59.04
811 58.96
812 58.87
813 59.04
814 59.09
815 59.00
816 59.09
817 59.16
818 59.19
819 59.07
820 58.93
821 58.96
822 58.93
823 59.11
824 59.08
825 58.98
826 59.04
827 59.13
828 59.06
829 59.06
830 59.01
831 59.11
832 59.02
833 59.13
834 59.19
835 59.01
836 58.96
837 59.00
838 58.95
839 58.95
840 59.01
841 58.82
842 59.11
843 59.11
844 59.12
845 59.15
846 59.07
847 58.99
848 59.23
849 58.96
850 59.02
851 59.10
852 59.15
853 59.12
854 59.09
855 59.04
856 58.98
857 59.00
858 58.98
859 58.97
860 59.15
861 59.08
862 59.13
863 59.05
864 59.13
865 58.92
866 59.02
867 59.00
868 58.91
869 59.02
870 59.16
871 59.04
872 59.11
873 59.17
874 59.07
875 59.10
876 58.92
877 59.07
878 59.01
879 59.02
880 59.21
881 58.98
882 59.13
883 59.11
884 58.99
885 58.99
886 59.12
887 59.19
888 59.07
889 59.00
890 58.98
891 58.89
892 59.13
893 58.93
894 58.96
895 59.12
896 59.07
897 58.93
898 59.08
899 59.01
900 58.98
901 59.08
902 59.11
903 59.06
904 58.96
905 58.97
906 58.91
907 58.96
908 59.10
909 59.12
910 59.05
911 59.06
912 59.02
913 58.88
914 59.14
915 58.95
916 59.00
917 59.02
918 59.10
919 59.07
920 59.02
921 59.04
922 58.93
923 59.00
924 59.04
925 59.01
926 59.07
927 59.16
928 59.11
929 59.06
930 59.00
931 58.97
932 59.10
933 59.09
934 58.94
935 58.89
936 59.23
937 59.10
938 59.10
939 58.99
940 59.00
941 59.07
942 58.97
943 59.09
944 58.93
945 59.19
946 58.99
947 59.13
948 59.18
949 58.99
950 58.99
951 59.00
952 58.98
953 59.14
954 59.12
955 59.20
956 58.90
957 59.21
958 58.97
959 59.00
960 58.98
961 59.01
962 59.05
963 59.00
964 58.94
965 59.10
966 59.00
967 58.99
968 59.08
969 58.97
970 59.00
971 59.15
972 59.05
973 59.01
974 58.89
975 59.06
976 58.95
977 59.05
978 59.06
979 59.00
980 59.02
981 59.04
982 59.02
983 59.03
984 58.94
985 59.07
986 59.06
987 59.18
988 59.07
989 58.98
990 59.19
991 58.91
992 58.94
993 58.94
994 58.98
995 59.08
996 59.05
997 59.00
998 59.02
999 58.97
1000 58.96
1001 59.01
1002 59.07
1003 59.00
1004 59.14
1005 59.04
1006 59.08
1007 59.09
1008 59.10
1009 58.93
1010 58.93
1011 58.97
1012 59.16
1013 59.13
1014 59.11
1015 59.19
1016 59.14
1017 59.07
1018 59.04
1019 58.94
1020 59.04
1021 59.09
1022 59.05
1023 59.06
1024 59.20
1025 59.10
1026 59.00
1027 59.00
1028 59.00
1029 58.96
1030 59.04
1031 58.96
1032 59.02
1033 59.15
1034 59.16
1035 58.98
1036 59.01
1037 59.01
1038 59.02
1039 58.91
1040 59.02
1041 58.98
1042 59.13
1043 59.14
1044 58.91
1045 59.13
1046 59.05
1047 59.11
1048 58.93
1049 59.02
1050 59.07
1051 59.10
1052 59.04
1053 59.00
1054 58.98
1055 59.02
1056 58.88
1057 58.93
1058 59.00
1059 59.21
1060 59.01
1061 59.16
1062 58.90
1063 58.95
1064 58.97
1065 59.09
1066 58.91
1067 58.90
1068 59.21
1069 59.04
1070 59.13
1071 58.94
1072 59.19
1073 59.03
1074 58.98
1075 59.04
1076 59.03
1077 59.05
1078 59.08
1079 59.07
1080 59.09
1081 59.07
1082 59.07
1083 58.92
1084 59.02
1085 59.07
1086 59.05
1087 59.06
1088 59.20
1089 58.96
1090 59.07
1091 59.01
1092 58.91
1093 58.88
1094 59.18
1095 59.18
1096 59.07
1097 59.05
1098 58.93
1099 59.24
1100 58.91
1101 59.11
1102 59.00
1103 59.14
1104 59.16
1105 59.02
1106 59.11
1107 59.13
1108 58.94
1109 59.00
1110 59.07
1111 59.10
1112 59.12
1113 58.91
1114 59.02
1115 59.16
1116 59.11
1117 58.89
1118 59.11
1119 59.03
1120 59.03
1121 59.05
1122 59.12
1123 59.11
1124 59.07
1125 59.00
1126 58.98
1127 59.14
1128 58.97
1129 59.09
1130 58.99
1131 59.11
1132 58.95
1133 58.99
1134 59.07
1135 58.94
1136 59.13
1137 59.11
1138 59.05
1139 59.09
1140 58.97
1141 58.95
1142 58.93
1143 59.07
1144 59.11
1145 59.23
1146 58.95
1147 59.11
1148 59.09
1149 58.95
1150 59.00
1151 59.13
1152 59.03
1153 59.02
1154 59.15
1155 59.07
1156 59.05
1157 58.89
1158 59.04
1159 59.03
1160 59.11
1161 59.07
1162 58.93
1163 59.01
1164 59.04
1165 59.09
1166 59.00
1167 58.97
1168 58.93
1169 59.03
1170 59.11
1171 58.98
1172 59.21
1173 58.95
1174 58.94
1175 59.00
1176 59.10
1177 59.05
1178 59.07
1179 59.07
1180 59.07
1181 59.02
1182 58.97
1183 59.07
1184 59.02
1185 59.14
1186 59.03
1187 59.07
1188 59.11
1189 59.08
1190 58.94
1191 58.97
1192 59.09
1193 59.18
1194 58.99
1195 59.09
1196 59.00
1197 58.95
1198 59.04
1199 59.01
1200 59.02
1201 58.98
1202 59.12
1203 58.92
1204 59.05
1205 58.82
1206 59.05
1207 59.05
1208 59.05
1209 59.03
1210 59.11
1211 58.98
1212 59.05
1213 59.00
1214 58.98
1215 58.98
1216 59.14
1217 59.13
1218 59.08
1219 58.99
1220 59.09
1221 59.00
1222 58.98
1223 58.96
1224 59.03
1225 59.11
1226 59.07
1227 59.05
1228 58.85
1229 59.13
1230 59.07
1231 59.05
1232 59.03
1233 58.96
1234 59.09
1235 59.07
1236 59.14
1237 59.02
1238 59.13
1239 59.20
1240 58.93
1241 58.94
1242 58.91
1243 59.04
1244 59.01
1245 58.92
1246 58.96
1247 59.22
1248 59.07
1249 58.91
1250 58.89
1251 59.07
1252 58.98
1253 58.98
1254 59.07
1255 59.16
1256 59.14
1257 58.93
1258 59.07
1259 58.90
1260 58.97
1261 59.07
1262 59.04
1263 59.11
1264 59.18
1265 59.07
1266 59.06
1267 58.99
1268 58.99
1269 59.16
1270 59.05
1271 59.07
1272 59.11
1273 59.19
1274 59.13
1275 59.05
1276 58.97
1277 59.04
1278 58.98
1279 58.97
1280 59.02
1281 59.20
1282 59.12
1283 59.07
1284 58.97
1285 58.91
1286 58.96
1287 58.93
1288 58.89
1289 59.02
1290 58.97
1291 59.06
1292 58.97
1293 58.95
1294 58.96
1295 59.05
1296 58.98
1297 59.02
1298 59.13
1299 59.11
1300 59.02
1301 59.00
1302 58.93
1303 59.13
1304 58.91
1305 59.02
1306 59.10
1307 59.18
1308 59.07
1309 59.02
1310 59.07
1311 59.16
1312 59.00
1313 59.09
1314 58.89
1315 59.11
1316 58.97
1317 59.04
1318 59.23
1319 59.20
1320 59.21
1321 59.09
1322 59.02
1323 58.99
1324 59.01
1325 59.02
1326 59.12
1327 59.07
1328 59.16
1329 58.98
1330 59.02
1331 59.01
1332 58.94
1333 59.06
1334 59.03
1335 59.12
1336 59.02
1337 59.07
1338 59.10
1339 59.16
1340 59.09
1341 58.98
1342 59.18
1343 59.00
1344 58.93
1345 59.16
1346 59.15
1347 59.11
1348 59.08
1349 59.01
1350 58.96
1351 59.17
1352 59.03
1353 58.96
1354 58.97
1355 59.14
1356 59.12
1357 58.99
1358 59.09
1359 59.08
1360 59.09
1361 59.04
1362 59.08
1363 59.12
1364 59.16
1365 58.97
1366 59.07
1367 58.95
1368 59.02
1369 59.09
1370 59.08
1371 59.05
1372 59.14
1373 59.12
1374 59.10
1375 58.98
1376 59.10
1377 58.98
1378 58.96
1379 59.11
1380 59.22
1381 59.01
1382 59.09
1383 58.96
1384 59.15
1385 59.01
1386 59.07
1387 58.87
1388 59.20
1389 58.95
1390 58.91
1391 59.03
1392 59.05
1393 58.92
1394 58.94
1395 59.03
1396 59.16
1397 59.12
1398 58.97
1399 59.04
1400 59.03
1401 59.04
1402 58.97
1403 59.10
1404 59.12
1405 59.10
1406 58.99
1407 59.01
1408 59.03
1409 59.04
1410 59.11
1411 59.00
1412 59.02
1413 59.18
1414 59.06
1415 58.94
1416 58.90
1417 59.03
1418 58.98
1419 58.98
1420 58.97
1421 59.21
1422 59.00
1423 58.97
1424 59.02
1425 59.02
1426 58.97
1427 58.99
1428 58.96
1429 59.04
1430 59.11
1431 59.11
1432 59.12
1433 58.96
1434 59.11
1435 59.01
1436 59.05
1437 58.95
1438 59.12
1439 59.02
1440 59.11
1441 58.95
1442 59.09
1443 58.97
1444 58.98
1445 59.06
1446 59.03
1447 59.07
1448 59.07
1449 59.08
1450 58.81
1451 58.93
1452 58.91
1453 59.04
1454 59.05
1455 59.18
1456 59.07
1457 58.92
1458 58.94
1459 59.08
1460 58.95
1461 58.98
1462 59.13
1463 59.08
1464 59.05
1465 59.06
1466 59.00
1467 59.11
1468 59.04
1469 59.07
1470 59.11
1471 59.06
1472 59.13
1473 59.04
1474 59.11
1475 58.93
1476 59.14
1477 59.03
1478 59.14
1479 59.13
1480 59.16
1481 59.03
1482 59.05
1483 58.98
1484 59.19
1485 59.07
1486 59.12
1487 59.13
1488 59.09
1489 59.16
1490 59.10
1491 59.02
1492 59.14
1493 59.01
1494 59.01
1495 59.05
1496 59.07
1497 59.00
1498 59.05
1499 59.14
1500 59.05
1501 59.04
1502 58.97
1503 59.20
1504 59.16
1505 59.01
1506 58.96
1507 59.04
1508 59.06
1509 58.98
1510 59.04
1511 59.06
1512 59.05
1513 59.11
1514 58.99
1515 59.04
1516 59.20
1517 59.07
1518 59.15
1519 59.15
1520 59.13
1521 59.04
1522 59.02
1523 59.14
1524 59.16
1525 59.16
1526 59.05
1527 59.06
1528 59.09
1529 58.99
1530 59.04
1531 58.99
1532 59.10
1533 59.15
1534 59.16
1535 59.19
1536 59.07
1537 59.12
1538 59.05
1539 58.95
1540 59.11
1541 59.12
1542 59.06
1543 59.04
1544 59.16
1545 59.22
1546 59.09
1547 58.97
1548 59.10
1549 59.05
1550 58.92
1551 59.07
1552 59.07
1553 59.07
1554 59.02
1555 58.80
1556 59.00
1557 59.00
1558 59.07
1559 59.08
1560 59.00
1561 59.20
1562 59.12
1563 59.09
1564 58.97
1565 59.00
1566 58.97
1567 59.09
1568 58.98
1569 59.15
1570 59.20
1571 59.10
1572 59.00
1573 58.99
1574 58.94
1575 59.07
1576 59.06
1577 59.14
1578 59.08
1579 59.25
1580 58.99
1581 59.05
1582 58.94
1583 58.87
1584 58.96
1585 59.02
1586 59.09
1587 59.18
1588 59.17
1589 59.10
1590 59.10
1591 59.00
1592 58.95
1593 59.08
1594 59.01
1595 59.07
1596 59.11
1597 59.00
1598 58.99
1599 59.08
1600 58.89
1601 59.03
1602 59.07
1603 59.07
1604 59.15
1605 58.99
1606 59.13
1607 59.05
1608 59.00
1609 59.04
1610 59.13
1611 59.22
1612 59.15
1613 59.08
1614 58.97
1615 58.98
1616 58.97
1617 58.95
1618 59.17
1619 59.09
1620 59.21
1621 59.06
1622 58.96
1623 59.14
1624 59.01
1625 59.09
1626 59.07
1627 59.20
1628 59.22
1629 59.09
1630 59.07
1631 59.12
1632 59.09
1633 59.05
1634 59.14
1635 59.07
1636 59.10
1637 59.11
1638 59.05
1639 59.14
1640 59.14
1641 59.16
1642 58.94
1643 59.10
1644 59.11
1645 59.26
1646 59.11
1647 59.00
1648 58.89
1649 59.09
1650 58.98
1651 59.04
1652 59.08
1653 59.20
1654 59.26
1655 59.10
1656 59.13
1657 59.12
1658 59.12
1659 59.03
1660 59.03
1661 59.04
1662 59.13
1663 59.15
1664 59.00
1665 59.12
1666 59.12
1667 59.09
1668 59.03
1669 59.14
1670 59.09
1671 59.18
1672 59.21
1673 59.11
1674 59.11
1675 59.01
1676 59.04
1677 59.00
1678 59.14
1679 59.16
1680 59.17
1681 59.12
1682 59.12
1683 59.13
1684 59.03
1685 59.09
1686 59.12
1687 59.04
1688 59.20
1689 59.13
1690 59.12
1691 59.00
1692 59.01
1693 59.09
1694 59.16
1695 59.13
1696 59.07
1697 59.12
1698 59.18
1699 59.11
1700 59.07
1701 59.11
1702 59.16
1703 59.18
1704 59.07
1705 59.05
1706 59.14
1707 59.00
1708 59.14
1709 58.99
1710 59.05
1711 59.13
1712 59.07
1713 59.19
1714 58.98
1715 58.97
1716 58.97
1717 59.02
1718 59.18
1719 59.17
1720 59.10
1721 59.11
1722 58.98
1723 59.09
1724 59.05
1725 59.03
1726 59.08
1727 59.17
1728 59.16
1729 59.09
1730 59.09
1731 59.15
1732 59.14
1733 58.93
1734 59.10
1735 59.15
1736 59.22
1737 59.13
1738 59.03
1739 59.01
1740 59.18
1741 59.04
1742 59.13
1743 59.07
1744 59.21
1745 59.14
1746 59.13
1747 59.13
1748 59.18
1749 59.16
1750 58.97
1751 59.02
1752 59.13
1753 59.18
1754 59.29
1755 59.12
1756 59.14
1757 59.08
1758 59.12
1759 58.93
1760 59.02
1761 59.07
1762 59.11
1763 59.20
1764 59.18
1765 59.29
1766 59.00
1767 59.05
1768 59.14
1769 59.18
1770 59.12
1771 59.19
1772 59.07
1773 59.21
1774 59.15
1775 59.00
1776 59.00
1777 59.16
1778 59.14
1779 59.14
1780 59.23
1781 59.10
1782 59.06
1783 59.11
1784 59.02
1785 59.10
1786 59.15
1787 59.06
1788 59.23
1789 59.10
1790 59.25
1791 59.19
1792 59.27
1793 59.17
1794 58.93
1795 59.05
1796 59.11
1797 59.18
1798 59.13
1799 59.07
1800 59.18
1801 59.20
1802 59.14
1803 59.07
1804 59.11
1805 59.17
1806 59.01
1807 59.23
1808 59.07
1809 59.28
1810 58.91
1811 59.02
1812 59.02
1813 59.09
1814 59.08
1815 59.25
1816 59.25
1817 59.13
1818 59.16
1819 59.13
1820 59.16
1821 59.18
1822 59.01
1823 59.14
1824 59.12
1825 59.30
1826 59.13
1827 59.08
1828 59.14
1829 59.26
1830 59.18
1831 59.09
1832 59.13
1833 59.19
1834 59.09
1835 59.18
1836 59.23
1837 59.09
1838 59.13
1839 59.20
1840 59.18
1841 59.11
1842 59.13
1843 59.12
1844 59.18
1845 59.18
1846 59.17
1847 59.18
1848 59.04
1849 59.04
1850 59.21
1851 59.22
1852 59.24
1853 59.22
1854 59.23
1855 59.05
1856 59.13
1857 59.14
1858 59.34
1859 59.13
1860 58.95
1861 59.14
1862 59.13
1863 59.18
1864 59.12
1865 59.09
1866 59.12
1867 59.14
1868 59.09
1869 59.16
1870 59.16
1871 59.11
1872 59.08
1873 59.16
1874 59.23
1875 59.09
1876 59.02
1877 59.19
1878 59.14
1879 59.20
1880 59.27
1881 59.16
1882 59.12
1883 59.02
1884 58.97
1885 59.32
1886 59.22
1887 59.20
1888 59.17
1889 59.36
1890 59.12
1891 59.04
1892 59.15
1893 59.23
1894 59.09
1895 59.04
1896 59.16
1897 59.09
1898 59.09
1899 59.21
1900 59.23
1901 59.09
1902 59.19
1903 59.20
1904 59.25
1905 59.09
1906 59.06
1907 59.07
1908 59.09
1909 59.31
1910 59.23
1911 59.18
1912 59.08
1913 59.19
1914 59.15
1915 59.18
1916 59.14
1917 59.22
1918 59.22
1919 59.06
1920 59.19
1921 59.14
1922 59.09
1923 59.31
1924 59.19
1925 59.20
1926 59.27
1927 59.00
1928 59.11
1929 59.07
1930 59.06
1931 59.14
1932 59.14
1933 59.29
1934 59.06
1935 59.07
1936 59.12
1937 59.17
1938 59.15
1939 59.21
1940 59.18
1941 59.26
1942 59.14
1943 59.11
1944 59.10
1945 59.17
1946 59.21
1947 59.16
1948 59.27
1949 59.26
1950 59.13
1951 59.18
1952 59.12
1953 59.18
1954 59.07
1955 59.14
1956 59.28
1957 59.16
1958 59.01
1959 59.20
1960 59.20
1961 59.23
1962 59.22
1963 59.13
1964 59.28
1965 59.20
1966 59.17
1967 59.09
1968 59.07
1969 59.24
1970 59.09
1971 59.27
1972 59.16
1973 59.23
1974 59.14
1975 59.20
1976 59.10
1977 59.24
1978 59.22
1979 59.18
1980 59.25
1981 59.21
1982 59.16
1983 59.22
1984 59.40
1985 59.31
1986 59.17
1987 59.20
1988 59.23
1989 59.18
1990 59.22
1991 59.16
1992 59.23
1993 59.26
1994 59.18
1995 59.15
1996 59.31
1997 59.15
1998 59.05
1999 59.17
2000 59.34
2001 59.16
2002 59.17
2003 59.27
2004 59.23
2005 59.08
2006 59.14
2007 59.13
2008 59.23
2009 59.22
2010 59.17
2011 59.24
2012 59.21
2013 59.10
2014 59.16
2015 59.10
2016 59.25
2017 59.27
2018 59.15
2019 59.29
2020 59.20
2021 59.09
2022 59.19
2023 59.20
2024 59.15
2025 59.20
2026 59.24
2027 59.14
2028 59.23
2029 59.11
2030 59.10
2031 59.22
2032 59.13
2033 59.26
2034 59.30
2035 59.20
2036 59.21
2037 59.25
2038 59.21
2039 59.15
2040 59.20
2041 59.27
2042 59.25
2043 59.16
2044 59.25
2045 59.15
2046 59.23
2047 59.09
2048 59.15
2049 59.25
2050 59.10
2051 59.22
2052 59.21
2053 59.18
2054 59.26
2055 59.22
2056 59.13
2057 59.13
2058 59.16
2059 59.28
2060 59.40
2061 59.29
2062 59.19
2063 59.22
2064 59.09
2065 59.20
2066 59.19
2067 59.24
2068 59.22
2069 59.21
2070 59.25
2071 59.27
2072 59.03
2073 59.22
2074 59.25
2075 59.16
2076 59.23
2077 59.37
2078 59.25
2079 59.32
2080 59.15
2081 59.23
2082 59.34
2083 59.17
2084 59.20
2085 59.36
2086 59.29
2087 59.09
2088 59.23
2089 59.22
2090 59.21
2091 59.16
2092 59.34
2093 59.19
2094 59.03
2095 59.11
2096 59.18
2097 59.26
2098 59.21
2099 59.20
2100 59.13
2101 59.14
2102 59.19
2103 59.12
2104 59.26
2105 59.17
2106 59.34
2107 59.33
2108 59.20
2109 59.03
2110 59.19
2111 59.20
2112 59.18
2113 59.28
2114 59.19
2115 59.19
2116 59.30
2117 59.21
2118 59.25
2119 59.05
2120 59.18
2121 59.04
2122 59.14
2123 59.31
2124 59.31
2125 59.20
2126 59.23
2127 59.27
2128 59.15
2129 59.16
2130 59.20
2131 59.23
2132 59.40
2133 59.12
2134 59.15
2135 59.24
2136 59.20
2137 59.14
2138 59.20
2139 59.29
2140 59.29
2141 59.39
2142 59.16
2143 59.30
2144 59.18
2145 59.19
2146 59.27
2147 59.19
2148 59.21
2149 59.29
2150 59.09
2151 59.15
2152 59.26
2153 59.20
2154 59.13
2155 59.20
2156 59.39
2157 59.34
2158 59.14
2159 59.29
2160 59.24
2161 59.08
2162 59.29
2163 59.26
2164 59.17
2165 59.27
2166 59.31
2167 59.16
2168 59.22
2169 59.16
2170 59.08
2171 59.25
2172 59.29
2173 59.26
2174 59.17
2175 59.26
2176 59.23
2177 59.20
2178 59.18
2179 59.35
2180 59.32
2181 59.25
2182 59.13
2183 59.26
2184 59.16
2185 59.07
2186 59.19
2187 59.29
2188 59.16
2189 59.21
2190 59.10
2191 59.29
2192 59.15
2193 59.30
2194 59.18
2195 59.21
2196 59.27
2197 59.31
2198 59.23
2199 59.26
2200 59.20
2201 59.16
2202 59.25
2203 59.16
2204 59.25
2205 59.09
2206 59.22
2207 59.07
2208 59.30
2209 59.18
2210 59.39
2211 59.42
2212 59.36
2213 59.29
2214 59.11
2215 59.19
2216 59.31
2217 59.16
2218 59.24
2219 59.25
2220 59.45
2221 59.19
2222 59.14
2223 59.20
2224 59.26
2225 59.27
2226 59.27
2227 59.18
2228 59.29
2229 59.36
2230 59.18
2231 59.22
2232 59.27
2233 59.16
2234 59.16
2235 59.14
2236 59.37
2237 59.23
2238 59.31
2239 59.29
2240 59.16
2241 59.24
2242 59.29
2243 59.15
2244 59.25
2245 59.28
2246 59.27
2247 59.21
2248 59.29
2249 59.13
2250 59.34
2251 59.22
2252 59.22
2253 59.44
2254 59.36
2255 59.25
2256 59.33
2257 59.36
2258 59.33
2259 59.32
2260 59.35
2261 59.20
2262 59.22
2263 59.32
2264 59.35
2265 59.31
2266 59.26
2267 59.36
2268 59.29
2269 59.25
2270 59.23
2271 59.19
2272 59.28
2273 59.40
2274 59.35
2275 59.25
2276 59.38
2277 59.18
2278 59.32
2279 59.20
2280 59.19
2281 59.22
2282 59.29
2283 59.27
2284 59.27
2285 59.37
2286 59.43
2287 59.24
2288 59.17
2289 59.39
2290 59.29
2291 59.16
2292 59.23
2293 59.42
2294 59.34
2295 59.24
2296 59.14
2297 59.12
2298 59.27
2299 59.33
2300 59.14
2301 59.32
2302 59.18
2303 59.24
2304 59.31
2305 59.22
2306 59.22
2307 59.16
2308 59.14
2309 59.14
2310 59.23
2311 59.27
2312 59.42
2313 59.28
2314 59.19
2315 59.33
2316 59.38
2317 59.27
2318 59.24
2319 59.22
2320 59.24
2321 59.25
2322 59.27
2323 59.27
2324 59.31
2325 59.38
2326 59.36
2327 59.30
2328 59.22
2329 59.22
2330 59.19
2331 59.32
2332 59.25
2333 59.31
2334 59.45
2335 59.24
2336 59.27
2337 59.17
2338 59.27
2339 59.23
2340 59.34
2341 59.38
2342 59.29
2343 59.45
2344 59.27
2345 59.32
2346 59.34
2347 59.29
2348 59.26
2349 59.19
2350 59.19
2351 59.42
2352 59.24
2353 59.44
2354 59.23
2355 59.23
2356 59.20
2357 59.19
2358 59.20
2359 59.25
2360 59.47
2361 59.33
2362 59.36
2363 59.29
2364 59.32
2365 59.47
2366 59.27
2367 59.25
2368 59.32
2369 59.22
2370 59.26
2371 59.35
2372 59.14
2373 59.22
2374 59.35
2375 59.37
2376 59.21
2377 59.20
2378 59.29
2379 59.29
2380 59.27
2381 59.23
2382 59.26
2383 59.05
2384 59.18
2385 59.34
2386 59.32
2387 59.27
2388 59.45
2389 59.22
2390 59.36
2391 59.25
2392 59.20
2393 59.13
2394 59.36
2395 59.29
2396 59.36
2397 59.29
2398 59.31
2399 59.41
2400 59.29
2401 59.22
2402 59.37
2403 59.32
2404 59.36
2405 59.36
2406 59.33
2407 59.32
2408 59.39
2409 59.25
2410 59.13
2411 59.31
2412 59.20
2413 59.41
2414 59.32
2415 59.13
2416 59.36
2417 59.37
2418 59.24
2419 59.15
2420 59.37
2421 59.35
2422 59.33
2423 59.20
2424 59.36
2425 59.25
2426 59.45
2427 59.24
2428 59.31
2429 59.32
2430 59.20
2431 59.29
2432 59.24
2433 59.36
2434 59.46
2435 59.31
2436 59.37
2437 59.36
2438 59.38
2439 59.34
2440 59.28
2441 59.10
2442 59.27
2443 59.46
2444 59.40
2445 59.31
2446 59.29
2447 59.24
2448 59.31
2449 59.32
2450 59.18
2451 59.42
2452 59.27
2453 59.36
2454 59.33
2455 59.40
2456 59.36
2457 59.38
2458 59.15
2459 59.23
2460 59.31
2461 59.35
2462 59.43
2463 59.25
2464 59.40
2465 59.32
2466 59.20
2467 59.22
2468 59.29
2469 59.46
2470 59.33
2471 59.45
2472 59.45
2473 59.42
2474 59.28
2475 59.21
2476 59.21
2477 59.36
2478 59.16
2479 59.41
2480 59.34
2481 59.41
2482 59.41
2483 59.24
2484 59.16
2485 59.30
2486 59.30
2487 59.34
2488 59.36
2489 59.33
2490 59.31
2491 59.36
2492 59.19
2493 59.31
2494 59.27
2495 59.22
2496 59.28
2497 59.36
2498 59.37
2499 59.37
2500 59.39
2501 59.37
2502 59.17
2503 59.32
2504 59.24
2505 59.20
2506 59.40
2507 59.26
2508 59.41
2509 59.36
2510 59.25
2511 59.37
2512 59.33
2513 59.35
2514 59.18
2515 59.30
2516 59.36
2517 59.44
2518 59.37
2519 59.18
2520 59.30
2521 59.27
2522 59.33
2523 59.34
2524 59.38
2525 59.45
2526 59.42
2527 59.22
2528 59.24
2529 59.35
2530 59.17
2531 59.31
2532 59.34
2533 59.27
2534 59.19
2535 59.41
2536 59.31
2537 59.28
2538 59.27
2539 59.36
2540 59.35
2541 59.46
2542 59.34
2543 59.36
2544 59.37
2545 59.31
2546 59.13
2547 59.34
2548 59.36
2549 59.32
2550 59.28
2551 59.36
2552 59.37
2553 59.44
2554 59.20
2555 59.44
2556 59.43
2557 59.30
2558 59.22
2559 59.31
2560 59.29
2561 59.35
2562 59.44
2563 59.39
2564 59.30
2565 59.36
2566 59.25
2567 59.30
2568 59.31
2569 59.36
2570 59.38
2571 59.41
2572 59.27
2573 59.41
2574 59.45
2575 59.22
2576 59.31
2577 59.33
2578 59.39
2579 59.37
2580 59.31
2581 59.36
2582 59.32
2583 59.12
2584 59.39
2585 59.38
2586 59.32
2587 59.33
2588 59.27
2589 59.38
2590 59.38
2591 59.38
2592 59.25
2593 59.32
2594 59.38
2595 59.41
2596 59.44
2597 59.43
2598 59.29
2599 59.34
2600 59.32
2601 59.28
2602 59.38
2603 59.49
2604 59.43
2605 59.29
2606 59.47
2607 59.18
2608 59.41
2609 59.40
2610 59.28
2611 59.38
2612 59.30
2613 59.34
2614 59.40
2615 59.32
2616 59.28
2617 59.32
2618 59.31
2619 59.39
2620 59.48
2621 59.54
2622 59.29
2623 59.32
2624 59.26
2625 59.30
2626 59.56
2627 59.36
2628 59.33
2629 59.25
2630 59.54
2631 59.36
2632 59.38
2633 59.29
2634 59.42
2635 59.34
2636 59.39
2637 59.25
2638 59.32
2639 59.38
2640 59.32
2641 59.43
2642 59.37
2643 59.39
2644 59.27
2645 59.25
2646 59.33
2647 59.32
2648 59.40
2649 59.39
2650 59.50
2651 59.41
2652 59.35
2653 59.27
2654 59.44
2655 59.19
2656 59.37
2657 59.29
2658 59.37
2659 59.41
2660 59.33
2661 59.25
2662 59.42
2663 59.34
2664 59.36
2665 59.26
2666 59.36
2667 59.34
2668 59.49
2669 59.41
2670 59.40
2671 59.42
2672 59.49
2673 59.25
2674 59.40
2675 59.45
2676 59.35
2677 59.38
2678 59.42
2679 59.24
2680 59.36
2681 59.43
2682 59.31
2683 59.32
2684 59.27
2685 59.36
2686 59.39
2687 59.25
2688 59.25
2689 59.33
2690 59.52
2691 59.40
2692 59.39
2693 59.21
2694 59.32
2695 59.24
2696 59.45
2697 59.46
2698 59.48
2699 59.37
2700 59.26
2701 59.33
2702 59.29
2703 59.41
2704 59.38
2705 59.30
2706 59.40
2707 59.34
2708 59.35
2709 59.36
2710 59.33
2711 59.35
2712 59.46
2713 59.39
2714 59.45
2715 59.39
2716 59.42
2717 59.28
2718 59.36
2719 59.39
2720 59.25
2721 59.35
2722 59.33
2723 59.32
2724 59.48
2725 59.46
2726 59.34
2727 59.35
2728 59.46
2729 59.25
2730 59.32
2731 59.28
2732 59.48
2733 59.36
2734 59.35
2735 59.41
2736 59.37
2737 59.42
2738 59.34
2739 59.39
2740 59.42
2741 59.38
2742 59.33
2743 59.27
2744 59.41
2745 59.38
2746 59.25
2747 59.38
2748 59.34
2749 59.42
2750 59.43
2751 59.36
2752 59.38
2753 59.39
2754 59.32
2755 59.19
2756 59.42
2757 59.32
2758 59.49
2759 59.50
2760 59.29
2761 59.43
2762 59.40
2763 59.35
2764 59.38
2765 59.36
2766 59.39
2767 59.52
2768 59.22
2769 59.51
2770 59.50
2771 59.27
2772 59.31
2773 59.35
2774 59.24
2775 59.50
2776 59.27
2777 59.41
2778 59.45
2779 59.39
2780 59.20
2781 59.23
2782 59.42
2783 59.44
2784 59.41
2785 59.32
2786 59.45
2787 59.27
2788 59.40
2789 59.29
2790 59.43
2791 59.37
2792 59.48
2793 59.27
2794 59.50
2795 59.43
2796 59.28
2797 59.38
2798 59.47
2799 59.44
2800 59.51
2801 59.43
2802 59.49
2803 59.46
2804 59.39
2805 59.29
2806 59.38
2807 59.44
2808 59.41
2809 59.49
2810 59.40
2811 59.50
2812 59.46
2813 59.45
2814 59.43
2815 59.44
2816 59.43
2817 59.28
2818 59.45
2819 59.38
2820 59.39
2821 59.55
2822 59.33
2823 59.26
2824 59.31
2825 59.38
2826 59.47
2827 59.40
2828 59.37
2829 59.48
2830 59.43
2831 59.38
2832 59.41
2833 59.22
2834 59.26
2835 59.39
2836 59.37
2837 59.31
2838 59.43
2839 59.51
2840 59.36
2841 59.32
2842 59.31
2843 59.42
2844 59.31
2845 59.37
2846 59.43
2847 59.36
2848 59.30
2849 59.42
2850 59.47
2851 59.32
2852 59.40
2853 59.33
2854 59.52
2855 59.36
2856 59.48
2857 59.55
2858 59.41
2859 59.32
2860 59.50
2861 59.35
2862 59.41
2863 59.50
2864 59.45
2865 59.41
2866 59.47
2867 59.45
2868 59.42
2869 59.35
2870 59.36
2871 59.32
2872 59.41
2873 59.54
2874 59.54
2875 59.52
2876 59.45
2877 59.43
2878 59.36
2879 59.23
2880 59.42
2881 59.43
2882 59.41
2883 59.38
2884 59.37
2885 59.47
2886 59.41
2887 59.42
2888 59.40
2889 59.33
2890 59.32
2891 59.52
2892 59.32
2893 59.36
2894 59.37
2895 59.41
2896 59.46
2897 59.35
2898 59.36
2899 59.36
2900 59.34
2901 59.48
2902 59.40
2903 59.38
2904 59.56
2905 59.48
2906 59.37
2907 59.33
2908 59.38
2909 59.27
2910 59.23
2911 59.50
2912 59.41
2913 59.50
2914 59.41
2915 59.36
2916 59.45
2917 59.38
2918 59.40
2919 59.42
2920 59.41
2921 59.54
2922 59.50
2923 59.46
2924 59.31
2925 59.42
2926 59.41
2927 59.43
2928 59.32
2929 59.36
2930 59.56
2931 59.57
2932 59.36
2933 59.37
2934 59.41
2935 59.28
2936 59.48
2937 59.43
2938 59.48
2939 59.57
2940 59.49
2941 59.34
2942 59.49
2943 59.31
2944 59.34
2945 59.32
2946 59.39
2947 59.51
2948 59.47
2949 59.37
2950 59.53
2951 59.50
2952 59.41
2953 59.34
2954 59.46
2955 59.44
2956 59.34
2957 59.40
2958 59.32
2959 59.65
2960 59.31
2961 59.33
2962 59.19
2963 59.38
2964 59.41
2965 59.42
2966 59.47
2967 59.50
2968 59.37
2969 59.43
2970 59.37
2971 59.66
2972 59.59
2973 59.39
2974 59.52
2975 59.46
2976 59.50
2977 59.33
2978 59.40
2979 59.43
2980 59.61
2981 59.52
2982 59.41
2983 59.40
2984 59.47
2985 59.43
2986 59.42
2987 59.48
2988 59.50
2989 59.62
2990 59.44
2991 59.55
2992 59.54
2993 59.60
2994 59.32
2995 59.35
2996 59.43
2997 59.47
2998 59.46
2999 59.42
3000 59.41
3001 59.49
3002 59.50
3003 59.31
3004 59.46
3005 59.40
3006 59.53
3007 59.39
3008 59.68
3009 59.50
3010 59.39
3011 59.31
3012 59.37
3013 59.40
3014 59.40
3015 59.48
3016 59.45
3017 59.52
3018 59.48
3019 59.32
3020 59.29
3021 59.47
3022 59.62
3023 59.50
3024 59.43
3025 59.41
3026 59.51
3027 59.27
3028 59.50
3029 59.45
3030 59.48
3031 59.51
3032 59.46
3033 59.56
3034 59.48
3035 59.41
3036 59.43
3037 59.40
3038 59.50
3039 59.45
3040 59.41
3041 59.52
3042 59.40
3043 59.38
3044 59.47
3045 59.42
3046 59.48
3047 59.54
3048 59.28
3049 59.41
3050 59.32
3051 59.34
3052 59.32
3053 59.48
3054 59.54
3055 59.49
3056 59.29
3057 59.54
3058 59.70
3059 59.34
3060 59.50
3061 59.45
3062 59.56
3063 59.47
3064 59.43
3065 59.57
3066 59.36
3067 59.46
3068 59.50
3069 59.53
3070 59.56
3071 59.47
3072 59.41
3073 59.47
3074 59.41
3075 59.31
3076 59.48
3077 59.46
3078 59.45
3079 59.46
3080 59.36
3081 59.41
3082 59.34
3083 59.38
3084 59.32
3085 59.39
3086 59.54
3087 59.37
3088 59.34
3089 59.38
3090 59.39
3091 59.43
3092 59.46
3093 59.51
3094 59.44
3095 59.44
3096 59.38
3097 59.36
3098 59.45
3099 59.38
3100 59.47
3101 59.31
3102 59.39
3103 59.47
3104 59.45
3105 59.49
3106 59.48
3107 59.43
3108 59.25
3109 59.39
3110 59.47
3111 59.35
3112 59.58
3113 59.34
3114 59.40
3115 59.35
3116 59.38
3117 59.31
3118 59.36
3119 59.56
3120 59.46
3121 59.45
3122 59.32
3123 59.45
3124 59.39
3125 59.27
3126 59.36
3127 59.33
3128 59.49
3129 59.47
3130 59.40
3131 59.48
3132 59.31
3133 59.30
3134 59.42
3135 59.43
3136 59.49
3137 59.40
3138 59.47
3139 59.47
3140 59.40
3141 59.34
3142 59.43
3143 59.46
3144 59.45
3145 59.52
3146 59.61
3147 59.40
3148 59.49
3149 59.30
3150 59.42
3151 59.38
3152 59.50
3153 59.58
3154 59.52
3155 59.37
3156 59.40
3157 59.45
3158 59.42
3159 59.23
3160 59.56
3161 59.45
3162 59.33
3163 59.37
3164 59.49
3165 59.50
3166 59.50
3167 59.36
3168 59.32
3169 59.40
3170 59.41
3171 59.49
3172 59.54
3173 59.45
3174 59.51
3175 59.42
3176 59.36
3177 59.49
3178 59.58
3179 59.34
3180 59.45
3181 59.66
3182 59.41
3183 59.42
3184 59.43
3185 59.55
3186 59.41
3187 59.34
3188 59.46
3189 59.48
3190 59.39
3191 59.33
3192 59.44
3193 59.40
3194 59.42
3195 59.57
3196 59.45
3197 59.45
3198 59.48
3199 59.57
3200 59.46
3201 59.44
3202 59.44
3203 59.33
3204 59.38
3205 59.63
3206 59.42
3207 59.42
3208 59.31
3209 59.58
3210 59.48
3211 59.51
3212 59.63
3213 59.47
3214 59.59
3215 59.50
3216 59.49
3217 59.41
3218 59.37
3219 59.46
3220 59.51
3221 59.47
3222 59.54
3223 59.58
3224 59.50
3225 59.57
3226 59.35
3227 59.38
3228 59.49
3229 59.45
3230 59.44
3231 59.56
3232 59.49
3233 59.59
3234 59.49
3235 59.45
3236 59.46
3237 59.36
3238 59.34
3239 59.35
3240 59.43
3241 59.50
3242 59.61
3243 59.52
3244 59.42
3245 59.43
3246 59.45
3247 59.41
3248 59.46
3249 59.49
3250 59.52
3251 59.49
3252 59.44
3253 59.41
3254 59.40
3255 59.57
3256 59.43
3257 59.35
3258 59.45
3259 59.58
3260 59.44
3261 59.50
3262 59.35
3263 59.50
3264 59.42
3265 59.46
3266 59.47
3267 59.58
3268 59.36
3269 59.58
3270 59.52
3271 59.59
3272 59.51
3273 59.52
3274 59.41
3275 59.41
3276 59.45
3277 59.61
3278 59.47
3279 59.46
3280 59.54
3281 59.56
3282 59.38
3283 59.58
3284 59.58
3285 59.55
3286 59.52
3287 59.52
3288 59.59
3289 59.50
3290 59.47
3291 59.44
3292 59.38
3293 59.59
3294 59.65
3295 59.43
3296 59.56
3297 59.55
3298 59.29
3299 59.40
3300 59.56
3301 59.65
3302 59.40
3303 59.47
3304 59.55
3305 59.49
3306 59.42
3307 59.32
3308 59.39
3309 59.58
3310 59.45
3311 59.48
3312 59.65
3313 59.53
3314 59.38
3315 59.49
3316 59.55
3317 59.45
3318 59.52
3319 59.61
3320 59.40
3321 59.55
3322 59.59
3323 59.45
3324 59.40
3325 59.36
3326 59.57
3327 59.49
3328 59.38
3329 59.50
3330 59.49
3331 59.36
3332 59.47
3333 59.50
3334 59.60
3335 59.56
3336 59.51
3337 59.59
3338 59.47
3339 59.36
3340 59.49
3341 59.64
3342 59.61
3343 59.50
3344 59.57
3345 59.54
3346 59.52
3347 59.42
3348 59.41
3349 59.51
3350 59.54
3351 59.58
3352 59.42
3353 59.38
3354 59.46
3355 59.49
3356 59.46
3357 59.59
3358 59.46
3359 59.51
3360 59.52
3361 59.54
3362 59.35
3363 59.48
3364 59.56
3365 59.54
3366 59.54
3367 59.37
3368 59.43
3369 59.45
3370 59.50
3371 59.40
3372 59.47
3373 59.47
3374 59.52
3375 59.46
3376 59.32
3377 59.51
3378 59.47
3379 59.40
3380 59.46
3381 59.51
3382 59.59
3383 59.45
3384 59.50
3385 59.50
3386 59.45
3387 59.55
3388 59.55
3389 59.58
3390 59.54
3391 59.51
3392 59.39
3393 59.59
3394 59.60
3395 59.49
3396 59.41
3397 59.65
3398 59.45
3399 59.53
3400 59.44
3401 59.43
3402 59.52
3403 59.36
3404 59.50
3405 59.56
3406 59.47
3407 59.54
3408 59.40
3409 59.43
3410 59.58
3411 59.49
3412 59.49
3413 59.49
3414 59.56
3415 59.58
3416 59.50
3417 59.42
3418 59.40
3419 59.47
3420 59.31
3421 59.50
3422 59.51
3423 59.55
3424 59.43
3425 59.53
3426 59.47
3427 59.44
3428 59.51
3429 59.51
3430 59.52
3431 59.64
3432 59.41
3433 59.47
3434 59.41
3435 59.62
3436 59.50
3437 59.53
3438 59.50
3439 59.67
3440 59.60
3441 59.59
3442 59.52
3443 59.49
3444 59.48
3445 59.49
3446 59.50
3447 59.56
3448 59.45
3449 59.46
3450 59.50
3451 59.38
3452 59.54
3453 59.44
3454 59.56
3455 59.59
3456 59.57
3457 59.54
3458 59.52
3459 59.57
3460 59.49
3461 59.46
3462 59.55
3463 59.51
3464 59.52
3465 59.52
3466 59.41
3467 59.59
3468 59.59
3469 59.54
3470 59.55
3471 59.44
3472 59.52
3473 59.42
3474 59.46
3475 59.64
3476 59.59
3477 59.39
3478 59.61
3479 59.58
3480 59.41
3481 59.33
3482 59.47
3483 59.56
3484 59.65
3485 59.45
3486 59.63
3487 59.36
3488 59.43
3489 59.46
3490 59.61
3491 59.47
3492 59.62
3493 59.52
3494 59.48
3495 59.50
3496 59.47
3497 59.47
3498 59.50
3499 59.59
3500 59.72
3501 59.41
3502 59.60
3503 59.52
3504 59.45
3505 59.56
3506 59.45
3507 59.56
3508 59.59
3509 59.53
3510 59.63
3511 59.55
3512 59.65
3513 59.61
3514 59.54
3515 59.59
3516 59.60
3517 59.54
3518 59.52
3519 59.58
3520 59.67
3521 59.39
3522 59.52
3523 59.61
3524 59.55
3525 59.65
3526 59.50
3527 59.61
3528 59.61
3529 59.54
3530 59.56
3531 59.42
3532 59.49
3533 59.56
3534 59.46
3535 59.58
3536 59.60
3537 59.63
3538 59.45
3539 59.44
3540 59.47
3541 59.76
3542 59.69
3543 59.51
3544 59.56
3545 59.47
3546 59.44
3547 59.59
3548 59.59
3549 59.50
3550 59.45
3551 59.57
3552 59.59
3553 59.47
3554 59.40
3555 59.55
3556 59.68
3557 59.54
3558 59.53
3559 59.64
3560 59.53
3561 59.46
3562 59.49
3563 59.51
3564 59.55
3565 59.74
3566 59.40
3567 59.57
3568 59.54
3569 59.53
3570 59.51
3571 59.54
3572 59.47
3573 59.54
3574 59.47
3575 59.38
3576 59.52
3577 59.52
3578 59.50
3579 59.44
3580 59.60
3581 59.47
3582 59.56
3583 59.58
3584 59.50
3585 59.49
3586 59.65
3587 59.56
3588 59.54
3589 59.44
3590 59.59
3591 59.62
3592 59.45
3593 59.64
3594 59.63
3595 59.58
3596 59.37
3597 59.45
3598 59.63
3599 59.58
3600 59.58
3601 59.46
3602 59.58
3603 59.44
3604 59.41
3605 59.59
3606 59.47
3607 59.62
3608 59.58
3609 59.69
3610 59.67
3611 59.40
3612 59.50
3613 59.45
3614 59.57
3615 59.66
3616 59.54
3617 59.51
3618 59.66
3619 59.46
3620 59.44
3621 59.49
3622 59.72
3623 59.59
3624 59.66
3625 59.60
3626 59.67
3627 59.39
3628 59.54
3629 59.70
3630 59.56
3631 59.56
3632 59.53
3633 59.55
3634 59.72
3635 59.48
3636 59.47
3637 59.48
3638 59.54
3639 59.67
3640 59.54
3641 59.62
3642 59.66
3643 59.63
3644 59.50
3645 59.39
3646 59.45
3647 59.48
3648 59.64
3649 59.65
3650 59.52
3651 59.61
3652 59.51
3653 59.44
3654 59.56
3655 59.58
3656 59.52
3657 59.54
3658 59.52
3659 59.64
3660 59.45
3661 59.39
3662 59.52
3663 59.51
3664 59.62
3665 59.58
3666 59.58
3667 59.61
3668 59.54
3669 59.33
3670 59.50
3671 59.75
3672 59.55
3673 59.45
3674 59.50
3675 59.49
3676 59.44
3677 59.47
3678 59.58
3679 59.56
3680 59.45
3681 59.54
3682 59.50
3683 59.50
3684 59.53
3685 59.57
3686 59.71
3687 59.68
3688 59.50
3689 59.58
3690 59.63
3691 59.42
3692 59.60
3693 59.71
3694 59.49
3695 59.55
3696 59.35
3697 59.50
3698 59.56
3699 59.52
3700 59.56
3701 59.64
3702 59.57
3703 59.44
3704 59.55
3705 59.59
3706 59.67
3707 59.50
3708 59.41
3709 59.65
3710 59.72
3711 59.42
3712 59.47
3713 59.54
3714 59.66
3715 59.67
3716 59.57
3717 59.48
3718 59.54
3719 59.45
3720 59.52
3721 59.60
3722 59.56
3723 59.55
3724 59.67
3725 59.56
3726 59.36
3727 59.45
3728 59.58
3729 59.61
3730 59.58
3731 59.54
3732 59.67
3733 59.54
3734 59.50
3735 59.50
3736 59.56
3737 59.64
3738 59.67
3739 59.64
3740 59.62
3741 59.61
3742 59.45
3743 59.54
3744 59.65
3745 59.63
3746 59.50
3747 59.61
3748 59.58
3749 59.52
3750 59.56
3751 59.61
3752 59.71
3753 59.59
3754 59.54
3755 59.52
3756 59.61
3757 59.51
3758 59.52
3759 59.74
3760 59.68
3761 59.66
3762 59.58
3763 59.46
3764 59.56
3765 59.57
3766 59.51
3767 59.54
3768 59.52
3769 59.62
3770 59.49
3771 59.50
3772 59.52
3773 59.50
3774 59.51
3775 59.65
3776 59.67
3777 59.59
3778 59.52
3779 59.59
3780 59.58
3781 59.50
3782 59.59
3783 59.54
3784 59.52
3785 59.52
3786 59.51
3787 59.58
3788 59.61
3789 59.54
3790 59.68
3791 59.64
3792 59.60
3793 59.48
3794 59.52
3795 59.52
3796 59.69
3797 59.58
3798 59.64
3799 59.55
3800 59.63
3801 59.45
3802 59.50
3803 59.48
3804 59.54
3805 59.63
3806 59.61
3807 59.50
3808 59.74
3809 59.63
3810 59.56
3811 59.63
3812 59.60
3813 59.83
3814 59.65
3815 59.70
3816 59.66
3817 59.48
3818 59.47
3819 59.53
3820 59.58
3821 59.54
3822 59.50
3823 59.69
3824 59.49
3825 59.47
3826 59.49
3827 59.70
3828 59.57
3829 59.56
3830 59.47
3831 59.57
3832 59.41
3833 59.60
3834 59.61
3835 59.59
3836 59.45
3837 59.46
3838 59.41
3839 59.59
3840 59.53
3841 59.61
3842 59.54
3843 59.50
3844 59.59
3845 59.57
3846 59.56
3847 59.58
3848 59.49
3849 59.52
3850 59.74
3851 59.56
3852 59.62
3853 59.51
3854 59.58
3855 59.63
3856 59.64
3857 59.65
3858 59.48
3859 59.54
3860 59.42
3861 59.56
3862 59.53
3863 59.59
3864 59.63
3865 59.70
3866 59.49
3867 59.58
3868 59.50
3869 59.56
3870 59.66
3871 59.53
3872 59.54
3873 59.56
3874 59.58
3875 59.54
3876 59.51
3877 59.60
3878 59.69
3879 59.49
3880 59.60
3881 59.63
3882 59.50
3883 59.59
3884 59.76
3885 59.56
3886 59.52
3887 59.67
3888 59.53
3889 59.53
3890 59.49
3891 59.71
3892 59.61
3893 59.63
3894 59.52
3895 59.61
3896 59.59
3897 59.54
3898 59.62
3899 59.68
3900 59.64
3901 59.60
3902 59.55
3903 59.65
3904 59.77
3905 59.67
3906 59.67
3907 59.65
3908 59.59
3909 59.41
3910 59.54
3911 59.70
3912 59.58
3913 59.63
3914 59.63
3915 59.56
3916 59.52
3917 59.64
3918 59.56
3919 59.65
3920 59.58
3921 59.59
3922 59.53
3923 59.50
3924 59.58
3925 59.58
3926 59.61
3927 59.65
3928 59.67
3929 59.51
3930 59.60
3931 59.54
3932 59.52
3933 59.59
3934 59.54
3935 59.63
3936 59.63
3937 59.54
3938 59.62
3939 59.57
3940 59.70
3941 59.70
3942 59.63
3943 59.60
3944 59.52
3945 59.58
3946 59.55
3947 59.61
3948 59.55
3949 59.70
3950 59.63
3951 59.61
3952 59.63
3953 59.76
3954 59.57
3955 59.70
3956 59.54
3957 59.59
3958 59.50
3959 59.52
3960 59.49
3961 59.65
3962 59.55
3963 59.75
3964 59.54
3965 59.60
3966 59.44
3967 59.73
3968 59.62
3969 59.66
3970 59.72
3971 59.84
3972 59.60
3973 59.53
3974 59.54
3975 59.49
3976 59.48
3977 59.63
3978 59.56
3979 59.66
3980 59.52
3981 59.53
3982 59.55
3983 59.61
3984 59.62
3985 59.72
3986 59.56
3987 59.64
3988 59.40
3989 59.56
3990 59.56
3991 59.75
3992 59.61
3993 59.44
3994 59.61
3995 59.59
3996 59.59
3997 59.63
3998 59.53
3999 59.57
4000 59.63
4001 59.53
4002 59.53
4003 59.52
4004 59.62
4005 59.51
4006 59.64
4007 59.63
4008 59.64
4009 59.56
4010 59.62
4011 59.70
4012 59.48
4013 59.67
4014 59.66
4015 59.59
4016 59.46
4017 59.54
4018 59.53
4019 59.85
4020 59.66
4021 59.68
4022 59.61
4023 59.56
4024 59.61
4025 59.61
4026 59.56
4027 59.58
4028 59.63
4029 59.66
4030 59.64
4031 59.54
4032 59.59
4033 59.67
4034 59.70
4035 59.59
4036 59.56
4037 59.63
4038 59.49
4039 59.72
4040 59.64
4041 59.65
4042 59.71
4043 59.50
4044 59.58
4045 59.54
4046 59.45
4047 59.71
4048 59.52
4049 59.84
4050 59.59
4051 59.62
4052 59.59
4053 59.45
4054 59.46
4055 59.67
4056 59.64
4057 59.63
4058 59.52
4059 59.59
4060 59.67
4061 59.70
4062 59.52
4063 59.63
4064 59.71
4065 59.51
4066 59.67
4067 59.56
4068 59.70
4069 59.54
4070 59.77
4071 59.65
4072 59.56
4073 59.66
4074 59.51
4075 59.59
4076 59.63
4077 59.59
4078 59.70
4079 59.61
4080 59.46
4081 59.45
4082 59.64
4083 59.63
4084 59.56
4085 59.49
4086 59.51
4087 59.53
4088 59.63
4089 59.68
4090 59.56
4091 59.67
4092 59.42
4093 59.50
4094 59.49
4095 59.58
4096 59.69
4097 59.64
4098 59.64
4099 59.60
4100 59.60
4101 59.60
4102 59.79
4103 59.52
4104 59.47
4105 59.67
4106 59.57
4107 59.55
4108 59.48
4109 59.61
4110 59.65
4111 59.57
4112 59.53
4113 59.66
4114 59.74
4115 59.61
4116 59.47
4117 59.54
4118 59.57
4119 59.51
4120 59.44
4121 59.53
4122 59.69
4123 59.73
4124 59.70
4125 59.58
4126 59.65
4127 59.58
4128 59.71
4129 59.50
4130 59.60
4131 59.53
4132 59.75
4133 59.68
4134 59.76
4135 59.61
4136 59.68
4137 59.66
4138 59.57
4139 59.61
4140 59.65
4141 59.51
4142 59.54
4143 59.68
4144 59.54
4145 59.58
4146 59.61
4147 59.68
4148 59.61
4149 59.52
4150 59.56
4151 59.55
4152 59.68
4153 59.59
4154 59.69
4155 59.56
4156 59.65
4157 59.68
4158 59.65
4159 59.56
4160 59.72
4161 59.66
4162 59.47
4163 59.58
4164 59.42
4165 59.58
4166 59.67
4167 59.52
4168 59.71
4169 59.64
4170 59.70
4171 59.60
4172 59.68
4173 59.63
4174 59.51
4175 59.52
4176 59.54
4177 59.63
4178 59.47
4179 59.66
4180 59.62
4181 59.66
4182 59.56
4183 59.52
4184 59.53
4185 59.65
4186 59.70
4187 59.54
4188 59.64
4189 59.68
4190 59.60
4191 59.67
4192 59.70
4193 59.63
4194 59.63
4195 59.72
4196 59.63
4197 59.38
4198 59.58
4199 59.49
4200 59.56
4201 59.65
4202 59.58
4203 59.53
4204 59.71
4205 59.65
4206 59.69
4207 59.61
4208 59.59
4209 59.59
4210 59.59
4211 59.58
4212 59.62
4213 59.51
4214 59.66
4215 59.78
4216 59.67
4217 59.62
4218 59.59
4219 59.83
4220 59.59
4221 59.61
4222 59.65
4223 59.49
4224 59.67
4225 59.66
4226 59.55
4227 59.56
4228 59.57
4229 59.64
4230 59.64
4231 59.72
4232 59.58
4233 59.58
4234 59.59
4235 59.58
4236 59.53
4237 59.63
4238 59.56
4239 59.54
4240 59.73
4241 59.68
4242 59.68
4243 59.76
4244 59.71
4245 59.69
4246 59.70
4247 59.45
4248 59.59
4249 59.54
4250 59.63
4251 59.54
4252 59.56
4253 59.65
4254 59.56
4255 59.66
4256 59.61
4257 59.55
4258 59.58
4259 59.61
4260 59.49
4261 59.58
4262 59.56
4263 59.70
4264 59.72
4265 59.71
4266 59.70
4267 59.72
4268 59.65
4269 59.74
4270 59.53
4271 59.59
4272 59.61
4273 59.63
4274 59.66
4275 59.63
4276 59.65
4277 59.67
4278 59.63
4279 59.62
4280 59.56
4281 59.53
4282 59.56
4283 59.57
4284 59.64
4285 59.65
4286 59.57
4287 59.68
4288 59.64
4289 59.67
4290 59.68
4291 59.53
4292 59.63
4293 59.82
4294 59.55
4295 59.57
4296 59.59
4297 59.66
4298 59.72
4299 59.61
4300 59.67
4301 59.61
4302 59.65
4303 59.63
4304 59.57
4305 59.54
4306 59.64
4307 59.41
4308 59.63
4309 59.65
4310 59.67
4311 59.67
4312 59.49
4313 59.54
4314 59.61
4315 59.56
4316 59.69
4317 59.54
4318 59.53
4319 59.61
4320 59.72
4321 59.54
4322 59.53
4323 59.51
4324 59.55
4325 59.68
4326 59.63
4327 59.64
4328 59.77
4329 59.62
4330 59.80
4331 59.61
4332 59.56
4333 59.73
4334 59.52
4335 59.58
4336 59.49
4337 59.58
4338 59.72
4339 59.70
4340 59.61
4341 59.63
4342 59.75
4343 59.72
4344 59.56
4345 59.59
4346 59.63
4347 59.64
4348 59.55
4349 59.73
4350 59.70
4351 59.68
4352 59.74
4353 59.60
4354 59.65
4355 59.59
4356 59.53
4357 59.68
4358 59.56
4359 59.60
4360 59.69
4361 59.72
4362 59.74
4363 59.65
4364 59.52
4365 59.66
4366 59.67
4367 59.59
4368 59.55
4369 59.56
4370 59.65
4371 59.61
4372 59.57
4373 59.56
4374 59.44
4375 59.57
4376 59.67
4377 59.52
4378 59.59
4379 59.52
4380 59.79
4381 59.58
4382 59.74
4383 59.67
4384 59.62
4385 59.75
4386 59.54
4387 59.56
4388 59.58
4389 59.70
4390 59.67
4391 59.71
4392 59.63
4393 59.85
4394 59.55
4395 59.61
4396 59.59
4397 59.69
4398 59.78
4399 59.59
4400 59.57
4401 59.61
4402 59.73
4403 59.66
4404 59.52
4405 59.62
4406 59.60
4407 59.70
4408 59.60
4409 59.56
4410 59.65
4411 59.74
4412 59.68
4413 59.52
4414 59.59
4415 59.58
4416 59.56
4417 59.58
4418 59.63
4419 59.75
4420 59.85
4421 59.59
4422 59.51
4423 59.58
4424 59.67
4425 59.55
4426 59.52
4427 59.62
4428 59.66
4429 59.65
4430 59.79
4431 59.67
4432 59.72
4433 59.64
4434 59.56
4435 59.58
4436 59.58
4437 59.70
4438 59.67
4439 59.67
4440 59.61
4441 59.62
4442 59.65
4443 59.54
4444 59.63
4445 59.62
4446 59.69
4447 59.69
4448 59.65
4449 59.73
4450 59.63
4451 59.69
4452 59.61
4453 59.59
4454 59.55
4455 59.57
4456 59.66
4457 59.55
4458 59.68
4459 59.59
4460 59.60
4461 59.59
4462 59.56
4463 59.65
4464 59.70
4465 59.69
4466 59.75
4467 59.58
4468 59.68
4469 59.63
4470 59.65
4471 59.71
4472 59.60
4473 59.45
4474 59.66
4475 59.52
4476 59.75
4477 59.65
4478 59.64
4479 59.56
4480 59.52
4481 59.65
4482 59.61
4483 59.68
4484 59.58
4485 59.73
4486 59.76
4487 59.59
4488 59.54
4489 59.63
4490 59.59
4491 59.64
4492 59.68
4493 59.73
4494 59.71
4495 59.53
4496 59.62
4497 59.53
4498 59.70
4499 59.62
4500 59.63
4501 59.56
4502 59.66
4503 59.57
4504 59.50
4505 59.60
4506 59.65
4507 59.68
4508 59.72
4509 59.75
4510 59.67
4511 59.54
4512 59.58
4513 59.75
4514 59.63
4515 59.59
4516 59.57
4517 59.67
4518 59.76
4519 59.67
4520 59.64
4521 59.71
4522 59.63
4523 59.63
4524 59.59
4525 59.69
4526 59.70
4527 59.60
4528 59.41
4529 59.62
4530 59.63
4531 59.53
4532 59.72
4533 59.69
4534 59.62
4535 59.61
4536 59.55
4537 59.60
4538 59.66
4539 59.62
4540 59.59
4541 59.86
4542 59.73
4543 59.78
4544 59.64
4545 59.51
4546 59.59
4547 59.59
4548 59.73
4549 59.61
4550 59.58
4551 59.75
4552 59.75
4553 59.68
4554 59.56
4555 59.61
4556 59.62
4557 59.71
4558 59.65
4559 59.69
4560 59.72
4561 59.59
4562 59.54
4563 59.57
4564 59.55
4565 59.58
4566 59.60
4567 59.77
4568 59.72
4569 59.78
4570 59.65
4571 59.52
4572 59.76
4573 59.74
4574 59.57
4575 59.59
4576 59.61
4577 59.79
4578 59.55
4579 59.69
4580 59.72
4581 59.58
4582 59.73
4583 59.67
4584 59.79
4585 59.65
4586 59.65
4587 59.42
4588 59.79
4589 59.57
4590 59.60
4591 59.63
4592 59.67
4593 59.84
4594 59.76
4595 59.69
4596 59.59
4597 59.61
4598 59.61
4599 59.63
4600 59.63
4601 59.70
4602 59.70
4603 59.66
4604 59.51
4605 59.70
4606 59.62
4607 59.70
4608 59.70
4609 59.69
4610 59.70
4611 59.85
4612 59.70
4613 59.72
4614 59.67
4615 59.72
4616 59.59
4617 59.61
4618 59.69
4619 59.68
4620 59.77
4621 59.58
4622 59.69
4623 59.64
4624 59.70
4625 59.65
4626 59.66
4627 59.71
4628 59.62
4629 59.66
4630 59.76
4631 59.65
4632 59.48
4633 59.65
4634 59.76
4635 59.71
4636 59.74
4637 59.63
4638 59.67
4639 59.65
4640 59.63
4641 59.66
4642 59.55
4643 59.72
4644 59.91
4645 59.63
4646 59.68
4647 59.58
4648 59.68
4649 59.68
4650 59.72
4651 59.60
4652 59.62
4653 59.66
4654 59.58
4655 59.64
4656 59.64
4657 59.44
4658 59.60
4659 59.72
4660 59.68
4661 59.63
4662 59.64
4663 59.49
4664 59.63
4665 59.67
4666 59.77
4667 59.72
4668 59.57
4669 59.59
4670 59.72
4671 59.61
4672 59.58
4673 59.73
4674 59.77
4675 59.63
4676 59.73
4677 59.60
4678 59.74
4679 59.55
4680 59.61
4681 59.67
4682 59.59
4683 59.63
4684 59.63
4685 59.75
4686 59.67
4687 59.64
4688 59.72
4689 59.59
4690 59.61
4691 59.68
4692 59.54
4693 59.76
4694 59.61
4695 59.68
4696 59.50
4697 59.64
4698 59.71
4699 59.64
4700 59.72
4701 59.58
4702 59.75
4703 59.61
4704 59.58
4705 59.57
4706 59.63
4707 59.78
4708 59.59
4709 59.62
4710 59.53
4711 59.58
4712 59.47
4713 59.74
4714 59.69
4715 59.68
4716 59.72
4717 59.77
4718 59.70
4719 59.58
4720 59.66
4721 59.67
4722 59.67
4723 59.55
4724 59.78
4725 59.68
4726 59.66
4727 59.59
4728 59.74
4729 59.65
4730 59.50
4731 59.67
4732 59.63
4733 59.67
4734 59.68
4735 59.61
4736 59.59
4737 59.63
4738 59.63
4739 59.64
4740 59.70
4741 59.71
4742 59.72
4743 59.72
4744 59.66
4745 59.72
4746 59.59
4747 59.63
4748 59.67
4749 59.72
4750 59.69
4751 59.55
4752 59.68
4753 59.72
4754 59.74
4755 59.62
4756 59.64
4757 59.66
4758 59.81
4759 59.76
4760 59.60
4761 59.64
4762 59.63
4763 59.66
4764 59.71
4765 59.68
4766 59.63
4767 59.63
4768 59.71
4769 59.72
4770 59.63
4771 59.67
4772 59.75
4773 59.77
4774 59.59
4775 59.56
4776 59.77
4777 59.57
4778 59.57
4779 59.83
4780 59.70
4781 59.59
4782 59.54
4783 59.66
4784 59.61
4785 59.72
4786 59.54
4787 59.54
4788 59.74
4789 59.62
4790 59.70
4791 59.72
4792 59.62
4793 59.66
4794 59.56
4795 59.64
4796 59.62
4797 59.69
4798 59.60
4799 59.71
4800 59.60
4801 59.68
4802 59.69
4803 59.68
4804 59.62
4805 59.66
4806 59.71
4807 59.80
4808 59.58
4809 59.60
4810 59.75
4811 59.65
4812 59.58
4813 59.70
4814 59.84
4815 59.68
4816 59.69
4817 59.61
4818 59.68
4819 59.60
4820 59.55
4821 59.64
4822 59.76
4823 59.69
4824 59.63
4825 59.68
4826 59.71
4827 59.59
4828 59.73
4829 59.56
4830 59.61
4831 59.66
4832 59.68
4833 59.65
4834 59.57
4835 59.67
4836 59.74
4837 59.61
4838 59.71
4839 59.84
4840 59.73
4841 59.73
4842 59.61
4843 59.68
4844 59.71
4845 59.46
4846 59.73
4847 59.59
4848 59.66
4849 59.74
4850 59.62
4851 59.55
4852 59.71
4853 59.60
4854 59.53
4855 59.58
4856 59.67
4857 59.65
4858 59.70
4859 59.69
4860 59.86
4861 59.70
4862 59.75
4863 59.60
4864 59.70
4865 59.81
4866 59.82
4867 59.58
4868 59.76
4869 59.77
4870 59.61
4871 59.58
4872 59.66
4873 59.69
4874 59.70
4875 59.88
4876 59.56
4877 59.77
4878 59.65
4879 59.62
4880 59.69
4881 59.71
4882 59.63
4883 59.72
4884 59.78
4885 59.67
4886 59.63
4887 59.58
4888 59.65
4889 59.74
4890 59.71
4891 59.70
4892 59.86
4893 59.71
4894 59.68
4895 59.73
4896 59.70
4897 59.58
4898 59.76
4899 59.64
4900 59.61
4901 59.73
4902 59.61
4903 59.68
4904 59.77
4905 59.73
4906 59.70
4907 59.74
4908 59.74
4909 59.64
4910 59.73
4911 59.74
4912 59.72
4913 59.59
4914 59.65
4915 59.68
4916 59.80
4917 59.73
4918 59.70
4919 59.69
4920 59.79
4921 59.55
4922 59.73
4923 59.56
4924 59.69
4925 59.69
4926 59.66
4927 59.74
4928 59.72
4929 59.69
4930 59.59
4931 59.65
4932 59.72
4933 59.69
4934 59.67
4935 59.79
4936 59.68
4937 59.83
4938 59.79
4939 59.60
4940 59.74
4941 59.71
4942 59.48
4943 59.58
4944 59.65
4945 59.67
4946 59.77
4947 59.53
4948 59.57
4949 59.72
4950 59.70
4951 59.71
4952 59.69
4953 59.76
4954 59.81
4955 59.68
4956 59.63
4957 59.72
4958 59.67
4959 59.59
4960 59.70
4961 59.68
4962 59.65
4963 59.65
4964 59.62
4965 59.60
4966 59.77
4967 59.59
4968 59.68
4969 59.76
4970 59.68
4971 59.80
4972 59.68
4973 59.73
4974 59.76
4975 59.81
4976 59.75
4977 59.76
4978 59.77
4979 59.70
4980 59.66
4981 59.64
4982 59.74
4983 59.65
4984 59.69
4985 59.71
4986 59.72
4987 59.81
4988 59.64
4989 59.63
4990 59.70
4991 59.58
4992 59.75
4993 59.59
4994 59.84
4995 59.74
4996 59.48
4997 59.67
4998 59.72
4999 59.74
5000 59.73
5001 59.65
5002 59.74
5003 59.76
5004 59.72
5005 59.70
5006 59.67
5007 59.65
5008 59.74
5009 59.62
5010 59.64
5011 59.78
5012 59.79
5013 59.61
5014 59.67
5015 59.67
5016 59.70
5017 59.58
5018 59.67
5019 59.73
5020 59.69
5021 59.70
5022 59.71
5023 59.56
5024 59.68
5025 59.68
5026 59.59
5027 59.69
5028 59.76
5029 59.65
5030 59.71
5031 59.80
5032 59.67
5033 59.65
5034 59.61
5035 59.68
5036 59.74
5037 59.74
5038 59.72
5039 59.69
5040 59.70
5041 59.80
5042 59.58
5043 59.64
5044 59.66
5045 59.73
5046 59.72
5047 59.75
5048 59.85
5049 59.61
5050 59.74
5051 59.70
5052 59.78
5053 59.77
5054 59.61
5055 59.70
5056 59.79
5057 59.69
5058 59.71
5059 59.73
5060 59.53
5061 59.72
5062 59.72
5063 59.73
5064 59.67
5065 59.85
5066 59.73
5067 59.83
5068 59.72
5069 59.55
5070 59.59
5071 59.65
5072 59.78
5073 59.79
5074 59.76
5075 59.83
5076 59.68
5077 59.57
5078 59.63
5079 59.81
5080 59.78
5081 59.81
5082 59.63
5083 59.72
5084 59.67
5085 59.72
5086 59.68
5087 59.69
5088 59.73
5089 59.83
5090 59.74
5091 59.79
5092 59.75
5093 59.80
5094 59.66
5095 59.65
5096 59.54
5097 59.70
5098 59.80
5099 59.68
5100 59.74
5101 59.69
5102 59.62
5103 59.88
5104 59.63
5105 59.77
5106 59.59
5107 59.68
5108 59.72
5109 59.77
5110 59.81
5111 59.77
5112 59.63
5113 59.80
5114 59.55
5115 59.71
5116 59.67
5117 59.63
5118 59.58
5119 59.74
5120 59.76
5121 59.84
5122 59.73
5123 59.65
5124 59.73
5125 59.72
5126 59.66
5127 59.67
5128 59.61
5129 59.59
5130 59.64
5131 59.65
5132 59.77
5133 59.89
5134 59.70
5135 59.78
5136 59.73
5137 59.73
5138 59.65
5139 59.59
5140 59.62
5141 59.63
5142 59.81
5143 59.67
5144 59.73
5145 59.75
5146 59.63
5147 59.54
5148 59.57
5149 59.53
5150 59.73
5151 59.66
5152 59.64
5153 59.78
5154 59.72
5155 59.69
5156 59.59
5157 59.63
5158 59.56
5159 59.68
5160 59.75
5161 59.86
5162 59.87
5163 59.76
5164 59.68
5165 59.86
5166 59.70
5167 59.63
5168 59.60
5169 59.76
5170 59.77
5171 59.77
5172 59.56
5173 59.83
5174 59.69
5175 59.68
5176 59.58
5177 59.65
5178 59.77
5179 59.81
5180 59.62
5181 59.78
5182 59.65
5183 59.64
5184 59.57
5185 59.76
5186 59.71
5187 59.76
5188 59.73
5189 59.76
5190 59.81
5191 59.58
5192 59.67
5193 59.68
5194 59.67
5195 59.72
5196 59.82
5197 59.68
5198 59.78
5199 59.71
5200 59.68
5201 59.60
5202 59.65
5203 59.68
5204 59.72
5205 59.79
5206 59.70
5207 59.67
5208 59.68
5209 59.77
5210 59.63
5211 59.67
5212 59.70
5213 59.80
5214 59.65
5215 59.77
5216 59.86
5217 59.82
5218 59.65
5219 59.58
5220 59.76
5221 59.75
5222 59.79
5223 59.87
5224 59.75
5225 59.69
5226 59.85
5227 59.69
5228 59.63
5229 59.77
5230 59.74
5231 59.54
5232 59.66
5233 59.83
5234 59.89
5235 59.72
5236 59.76
5237 59.65
5238 59.72
5239 59.68
5240 59.65
5241 59.63
5242 59.67
5243 59.82
5244 59.66
5245 59.61
5246 59.67
5247 59.68
5248 59.68
5249 59.60
5250 59.61
5251 59.70
5252 59.66
5253 59.69
5254 59.59
5255 59.77
5256 59.69
5257 59.68
5258 59.68
5259 59.66
5260 59.77
5261 59.74
5262 59.79
5263 59.76
5264 59.71
5265 59.65
5266 59.60
5267 59.64
5268 59.66
5269 59.85
5270 59.87
5271 59.74
5272 59.90
5273 59.81
5274 59.67
5275 59.71
5276 59.67
5277 59.70
5278 59.74
5279 59.65
5280 59.76
5281 59.72
5282 59.68
5283 59.59
5284 59.64
5285 59.67
5286 59.72
5287 59.76
5288 59.77
5289 59.78
5290 59.69
5291 59.66
5292 59.58
5293 59.70
5294 59.72
5295 59.78
5296 59.70
5297 59.73
5298 59.73
5299 59.60
5300 59.65
5301 59.70
5302 59.70
5303 59.75
5304 59.68
5305 59.67
5306 59.87
5307 59.78
5308 59.58
5309 59.74
5310 59.76
5311 59.77
5312 59.83
5313 59.71
5314 59.78
5315 59.65
5316 59.77
5317 59.69
5318 59.61
5319 59.61
5320 59.70
5321 59.82
5322 59.79
5323 59.63
5324 59.79
5325 59.78
5326 59.71
5327 59.54
5328 59.68
5329 59.62
5330 59.74
5331 59.77
5332 59.71
5333 59.64
5334 59.66
5335 59.75
5336 59.59
5337 59.72
5338 59.70
5339 59.71
5340 59.76
5341 59.66
5342 59.78
5343 59.62
5344 59.64
5345 59.70
5346 59.72
5347 59.76
5348 59.75
5349 59.84
5350 59.87
5351 59.79
5352 59.68
5353 59.74
5354 59.73
5355 59.73
5356 59.74
5357 59.68
5358 59.76
5359 59.68
5360 59.60
5361 59.66
5362 59.71
5363 59.68
5364 59.64
5365 59.77
5366 59.77
5367 59.72
5368 59.77
5369 59.58
5370 59.78
5371 59.68
5372 59.84
5373 59.80
5374 59.82
5375 59.88
5376 59.80
5377 59.70
5378 59.65
5379 59.84
5380 59.65
5381 59.59
5382 59.67
5383 59.72
5384 59.74
5385 59.74
5386 59.70
5387 59.74
5388 59.80
5389 59.64
5390 59.68
5391 59.78
5392 59.75
5393 59.80
5394 59.64
5395 59.71
5396 59.83
5397 59.73
5398 59.73
5399 59.67
5400 59.67
5401 59.67
5402 59.68
5403 59.67
5404 59.67
5405 59.78
5406 59.69
5407 59.69
5408 59.63
5409 59.68
5410 59.76
5411 59.78
5412 59.79
5413 59.72
5414 59.73
5415 59.75
5416 59.70
5417 59.75
5418 59.70
5419 59.74
5420 59.61
5421 59.74
5422 59.79
5423 59.70
5424 59.82
5425 59.58
5426 59.66
5427 59.77
5428 59.75
5429 59.76
5430 59.88
5431 59.77
5432 59.72
5433 59.79
5434 59.71
5435 59.77
5436 59.72
5437 59.67
5438 59.74
5439 59.79
5440 59.94
5441 59.70
5442 59.62
5443 59.80
5444 59.70
5445 59.68
5446 59.64
5447 59.84
5448 59.67
5449 59.82
5450 59.79
5451 59.62
5452 59.79
5453 59.68
5454 59.72
5455 59.75
5456 59.64
5457 59.87
5458 59.75
5459 59.70
5460 59.70
5461 59.80
5462 59.75
5463 59.58
5464 59.77
5465 59.73
5466 59.72
5467 59.84
5468 59.71
5469 59.76
5470 59.69
5471 59.78
5472 59.74
5473 59.83
5474 59.81
5475 59.79
5476 59.72
5477 59.74
5478 59.69
5479 59.79
5480 59.84
5481 59.71
5482 59.58
5483 59.77
5484 59.64
5485 59.74
5486 59.66
5487 59.72
5488 59.84
5489 59.72
5490 59.89
5491 59.65
5492 59.70
5493 59.75
5494 59.78
5495 59.73
5496 59.74
5497 59.72
5498 59.77
5499 59.79
5500 59.74
5501 59.72
5502 59.76
5503 59.64
5504 59.71
5505 59.68
5506 59.67
5507 59.74
5508 59.70
5509 59.75
5510 59.82
5511 59.68
5512 59.69
5513 59.72
5514 59.74
5515 59.72
5516 59.58
5517 59.58
5518 59.55
5519 59.64
5520 59.67
5521 59.65
5522 59.85
5523 59.76
5524 59.77
5525 59.62
5526 59.61
5527 59.81
5528 59.64
5529 59.62
5530 59.70
5531 59.70
5532 59.74
5533 59.80
5534 59.76
5535 59.75
5536 59.81
5537 59.70
5538 59.74
5539 59.62
5540 59.72
5541 59.71
5542 59.82
5543 59.79
5544 59.83
5545 59.77
5546 59.70
5547 59.81
5548 59.73
5549 59.83
5550 59.82
5551 59.82
5552 59.79
5553 59.74
5554 59.78
5555 59.72
5556 59.58
5557 59.70
5558 59.89
5559 59.86
5560 59.78
5561 59.71
5562 59.71
5563 59.85
5564 59.76
5565 59.54
5566 59.77
5567 59.72
5568 59.72
5569 59.79
5570 59.78
5571 59.81
5572 59.67
5573 59.71
5574 59.73
5575 59.84
5576 59.76
5577 59.88
5578 59.71
5579 59.90
5580 59.76
5581 59.60
5582 59.74
5583 59.67
5584 59.72
5585 59.65
5586 59.71
5587 59.93
5588 59.73
5589 59.61
5590 59.61
5591 59.77
5592 59.74
5593 59.63
5594 59.70
5595 59.64
5596 59.82
5597 59.85
5598 59.59
5599 59.60
5600 59.72
5601 59.72
5602 59.68
5603 59.62
5604 59.68
5605 59.74
5606 59.74
5607 59.81
5608 59.70
5609 59.73
5610 59.79
5611 59.74
5612 59.78
5613 59.64
5614 59.90
5615 59.78
5616 59.73
5617 59.91
5618 59.77
5619 59.74
5620 59.52
5621 59.77
5622 59.79
5623 59.79
5624 59.88
5625 59.79
5626 59.84
5627 59.78
5628 59.75
5629 59.71
5630 59.75
5631 59.79
5632 59.90
5633 59.69
5634 59.79
5635 59.77
5636 59.80
5637 59.68
5638 59.61
5639 59.78
5640 59.65
5641 59.93
5642 59.81
5643 59.75
5644 59.87
5645 59.71
5646 59.65
5647 59.74
5648 59.84
5649 59.75
5650 59.76
5651 59.81
5652 59.82
5653 59.80
5654 59.88
5655 59.81
5656 59.65
5657 59.75
5658 59.89
5659 59.74
5660 59.78
5661 59.79
5662 59.77
5663 59.77
5664 59.72
5665 59.85
5666 59.76
5667 59.76
5668 59.77
5669 59.70
5670 59.81
5671 59.87
5672 59.72
5673 59.80
5674 59.75
5675 59.64
5676 59.73
5677 59.67
5678 59.77
5679 59.81
5680 59.79
5681 59.66
5682 59.61
5683 59.70
5684 59.65
5685 59.69
5686 59.66
5687 59.72
5688 59.94
5689 59.68
5690 59.66
5691 59.78
5692 59.65
5693 59.69
5694 59.70
5695 59.70
5696 59.82
5697 59.79
5698 59.64
5699 59.76
5700 59.67
5701 59.74
5702 59.71
5703 59.80
5704 59.73
5705 59.90
5706 59.76
5707 59.69
5708 59.70
5709 59.78
5710 59.56
5711 59.67
5712 59.67
5713 59.87
5714 59.68
5715 59.70
5716 59.79
5717 59.63
5718 59.76
5719 59.81
5720 59.76
5721 59.85
5722 59.73
5723 59.73
5724 59.76
5725 59.79
5726 59.69
5727 59.74
5728 59.74
5729 59.65
5730 59.94
5731 59.77
5732 59.77
5733 59.80
5734 59.87
5735 59.68
5736 59.73
5737 59.62
5738 59.72
5739 59.82
5740 59.79
5741 59.73
5742 59.81
5743 59.83
5744 59.79
5745 59.70
5746 59.73
5747 59.71
5748 59.77
5749 59.73
5750 59.81
5751 59.77
5752 59.73
5753 59.55
5754 59.66
5755 59.70
5756 59.75
5757 59.74
5758 59.86
5759 59.85
5760 59.77
5761 59.74
5762 59.71
5763 59.88
5764 59.78
5765 59.79
5766 59.88
5767 59.72
5768 59.76
5769 59.76
5770 59.80
5771 59.77
5772 59.87
5773 59.83
5774 59.74
5775 59.87
5776 59.69
5777 59.69
5778 59.62
5779 59.81
5780 59.69
5781 59.80
5782 59.72
5783 59.76
5784 59.79
5785 59.77
5786 59.68
5787 59.72
5788 59.76
5789 59.69
5790 59.73
5791 59.67
5792 59.86
5793 59.66
5794 59.82
5795 59.73
5796 59.74
5797 59.76
5798 59.77
5799 59.81
5800 59.70
5801 59.74
5802 59.86
5803 59.79
5804 59.63
5805 59.67
5806 59.92
5807 59.70
5808 59.83
5809 59.83
5810 59.78
5811 59.78
5812 59.86
5813 59.73
5814 59.70
5815 59.79
5816 59.82
5817 59.79
5818 59.67
5819 59.87
5820 59.91
5821 59.79
5822 59.71
5823 59.67
5824 59.83
5825 59.77
5826 59.59
5827 59.54
5828 59.79
5829 59.79
5830 59.76
5831 59.77
5832 59.70
5833 59.68
5834 59.69
5835 59.65
5836 59.65
5837 59.81
5838 59.81
5839 59.88
5840 59.89
5841 59.86
5842 59.67
5843 59.61
5844 59.73
5845 59.82
5846 59.74
5847 59.84
5848 59.80
5849 59.81
5850 59.81
5851 59.67
5852 59.68
5853 59.81
5854 59.75
5855 59.85
5856 59.79
5857 59.89
5858 59.96
5859 59.79
5860 59.74
5861 59.75
5862 59.86
5863 59.97
5864 59.79
5865 59.92
5866 59.79
5867 59.75
5868 59.78
5869 59.75
5870 59.86
5871 59.80
5872 59.72
5873 59.82
5874 59.74
5875 59.71
5876 59.65
5877 59.73
5878 59.79
5879 59.80
5880 59.72
5881 59.79
5882 59.92
5883 59.80
5884 59.66
5885 59.76
5886 59.68
5887 59.72
5888 59.76
5889 59.63
5890 59.86
5891 59.84
5892 59.81
5893 59.86
5894 59.86
5895 59.80
5896 59.69
5897 59.90
5898 59.88
5899 59.69
5900 59.79
5901 59.65
5902 59.66
5903 59.74
5904 59.72
5905 59.63
5906 59.71
5907 59.79
5908 59.83
5909 59.62
5910 59.72
5911 59.76
5912 59.83
5913 59.83
5914 59.72
5915 59.60
5916 59.78
5917 59.78
5918 59.74
5919 59.74
5920 59.63
5921 59.64
5922 59.91
5923 59.76
5924 59.69
5925 59.75
5926 59.70
5927 59.89
5928 59.97
5929 59.75
5930 59.76
5931 59.80
5932 59.81
5933 59.78
5934 59.67
5935 59.72
5936 59.90
5937 59.76
5938 59.89
5939 59.85
5940 59.81
5941 59.79
5942 59.76
5943 59.91
5944 59.79
5945 59.76
5946 59.81
5947 59.77
5948 59.88
5949 59.82
5950 59.63
5951 59.72
5952 59.70
5953 59.68
5954 59.84
5955 59.63
5956 59.80
5957 59.74
5958 59.69
5959 59.66
5960 59.77
5961 59.85
5962 59.87
5963 59.74
5964 59.75
5965 59.70
5966 59.86
5967 59.67
5968 59.74
5969 59.73
5970 59.74
5971 59.74
5972 59.74
5973 59.76
5974 59.96
5975 59.73
5976 59.67
5977 59.63
5978 59.71
5979 59.88
5980 59.57
5981 59.70
5982 59.95
5983 59.92
5984 59.73
5985 59.71
5986 59.69
5987 59.69
5988 59.67
5989 59.72
5990 59.73
5991 59.86
5992 59.81
5993 59.84
5994 59.81
5995 59.77
5996 59.75
5997 59.72
5998 59.74
5999 59.79
6000 59.77
6001 59.74
6002 59.68
6003 59.51
6004 59.71
6005 59.76
6006 59.67
6007 59.84
6008 59.80
6009 59.85
6010 59.85
6011 59.76
6012 59.85
6013 59.84
6014 59.72
6015 59.69
6016 59.85
6017 59.79
6018 59.90
6019 59.87
6020 59.68
6021 59.84
6022 59.96
6023 59.60
6024 59.76
6025 59.72
6026 59.81
6027 59.86
6028 59.91
6029 59.72
6030 59.81
6031 59.85
6032 59.74
6033 59.77
6034 59.81
6035 59.69
6036 59.79
6037 59.69
6038 59.77
6039 59.75
6040 59.79
6041 59.77
6042 59.81
6043 59.78
6044 59.75
6045 59.74
6046 59.68
6047 59.77
6048 59.86
6049 59.74
6050 59.77
6051 59.87
6052 59.70
6053 59.71
6054 59.79
6055 59.75
6056 59.74
6057 59.85
6058 59.87
6059 59.80
6060 59.75
6061 59.81
6062 59.78
6063 59.74
6064 59.59
6065 59.68
6066 59.66
6067 59.74
6068 59.78
6069 59.79
6070 59.85
6071 59.81
6072 59.72
6073 59.88
6074 59.77
6075 59.68
6076 59.74
6077 59.80
6078 59.87
6079 59.87
6080 59.75
6081 59.79
6082 59.77
6083 59.66
6084 59.64
6085 59.72
6086 59.85
6087 59.82
6088 59.79
6089 59.87
6090 59.79
6091 59.80
6092 59.76
6093 59.69
6094 59.85
6095 59.65
6096 59.76
6097 59.95
6098 59.82
6099 59.88
6100 59.70
6101 59.67
6102 59.83
6103 59.71
6104 59.77
6105 59.76
6106 59.70
6107 59.77
6108 59.91
6109 59.71
6110 59.73
6111 59.83
6112 59.79
6113 59.74
6114 59.61
6115 59.85
6116 59.77
6117 59.80
6118 59.81
6119 59.72
6120 59.67
6121 59.81
6122 59.76
6123 59.78
6124 59.74
6125 59.78
6126 59.70
6127 59.72
6128 59.85
6129 59.84
6130 59.68
6131 59.56
6132 59.77
6133 59.77
6134 59.77
6135 59.83
6136 59.72
6137 59.92
6138 59.71
6139 59.66
6140 59.67
6141 59.67
6142 59.79
6143 59.79
6144 59.77
6145 59.81
6146 59.80
6147 59.87
6148 59.76
6149 59.73
6150 59.80
6151 59.85
6152 59.74
6153 59.75
6154 59.78
6155 59.87
6156 59.88
6157 59.74
6158 59.70
6159 59.81
6160 59.79
6161 59.71
6162 59.86
6163 59.89
6164 59.81
6165 59.87
6166 59.79
6167 59.63
6168 59.84
6169 59.68
6170 59.83
6171 59.79
6172 59.73
6173 59.87
6174 59.79
6175 59.74
6176 59.43
6177 59.28
6178 59.19
6179 58.98
6180 54.10
