0 20.0
60 26.213067673117852
120 30.882046949806018
180 34.39067885807625
240 37.02733606690074
300 39.0087240889556
360 40.49769219630119
420 41.61661791908468
480 41.61661791908468
540 39.66411384502392
600 37.94103504738149
660 36.420423345552855
720 35.078488228655196
780 33.89423464452352
840 32.849134524652605
900 31.926836905975733
960 31.11291211423225
1020 30.39462600658181
1080 29.76074074141075
1140 29.20133895830328
1200 28.707668617410633
1260 28.272006070674994
1320 27.887535222608676
1380 27.548240890056075
1440 27.2488146925139
1500 26.984572000630244
1560 26.751378643512304
1620 26.54558622815242
1680 26.363975059021918
1740 26.203703764789484
1800 26.062264844056134
1860 25.937445434604047
1920 25.82729269238014
1980 25.730083238556347
2040 25.644296196654906
2100 25.56858939789499
2160 25.50177838248477
2220 25.442817868326717
