0 20.0
1 26.213067673117852
2 30.882046949806018
3 34.39067885807625
4 37.02733606690074
5 39.0087240889556
6 40.49769219630119
7 41.61661791908468
8 42.45746519239433
9 43.0893428252308
10 43.56418451830957
11 43.921017268463686
12 44.18916897763011
13 44.39067889816801
14 44.54210902778165
15 44.65590533167374
16 44.741420670084544
17 44.80568350510991
18 44.85397556642012
19 44.89026595393054
20 44.91753735610152
21 44.93803119558334
22 44.95343185060186
23 44.96500509314676
24 44.973702122126504
25 44.980237741922004
26 44.98514911179449
27 44.98883989473156
28 44.99161343430244
29 44.9936976863114
30 44.99526395436918
31 44.99644096924947
32 44.99732546920562
33 44.99799015083839
34 44.99848964399254
35 44.99886500175594
36 44.99914707459191
37 44.99935904592313
38 44.99951833756533
39 44.999638041617416
40 44.99972799649445
41 44.99979559554194
42 44.99984639469117
43 44.99988456909831
44 44.99991325629846
45 44.99993481407798
46 44.99995101425977
47 44.999963188328536
48 44.99997233686477
49 44.99997921178202
50 44.99998437812623
51 44.99998826051658
52 44.99999117804478
53 44.999993370500974
54 44.99999501808202
55 44.99999625620176
56 44.99999718662063
57 44.999997885809286
58 44.99999841123368
59 44.99999880607819
60 44.999999102794874
61 44.999999325770716
62 44.999999493332005
63 44.99999961925051
64 44.999999713875404
65 44.99999978498386
66 44.99999983842025
67 44.99999987857649
68 44.99999990875299
69 44.99999993142994
70 44.99999994847116
71 44.99999996127725
72 44.99999997090073
73 44.99999997813256
74 44.999999983567115
75 44.99999998765106
76 44.99999999072005
77 44.99999999302633
78 44.99999999475944
79 44.999999996061845
80 44.99999999704056
81 44.99999999777605
82 44.999999998328754
83 44.999999998744094
84 44.999999999056215
85 44.999999999290765
86 44.99999999946703
87 44.99999999959948
88 44.99999999969902
89 44.99999999977382
90 44.99999999983003
91 44.99999999987227
92 44.99999999990401
93 44.99999999992787
94 44.99999999994579
95 44.999999999959265
96 44.99999999996939
97 44.999999999977
98 44.99999999998271
99 44.99999999998701
100 44.99999999999024
101 44.99999999999267
102 44.999999999994486
103 44.99999999999586
104 44.99999999999689
105 44.99999999999766
106 44.999999999998245
107 44.99999999999868
108 44.99999999999868
109 42.64993805169074
110 40.576015661427064
111 38.74578557581854
112 37.130613194251865
113 35.7052285703791
114 34.44733105481967
115 33.337240393569616
116 32.35758882342836
117 31.493049347166565
118 30.730095937203423
119 30.056791916094596
120 29.462603202968303
121 28.93823350408362
122 28.475478869008672
123 28.067099336898366
124 27.706705664732077
125 27.388659365334235
126 27.107984491237147
127 26.860289784213148
128 26.641699972477866
129 26.448795140684933
130 26.27855722413407
131 26.128322790075472
132 25.995741367357212
133 25.87873867246809
134 25.775484156634388
135 25.684362366233277
136 25.60394766844633
137 25.532981946727073
