0 20.0
60 26.213067673117852
120 30.882046949806018
180 34.39067885807625
240 37.02733606690074
300 39.0087240889556
360 40.49769219630119
420 41.61661791908468
480 42.45746519239433
540 43.0893428252308
600 43.56418451830957
660 43.921017268463686
720 44.18916897763011
780 44.39067889816801
840 44.54210902778165
900 44.65590533167374
960 44.741420670084544
1020 44.80568350510991
1080 44.85397556642012
1140 44.89026595393054
1200 44.91753735610152
1260 44.93803119558334
1320 44.95343185060186
1380 44.96500509314676
1440 44.973702122126504
1500 44.980237741922004
1560 44.98514911179449
1620 44.98514911179449
1680 42.63683218884992
1740 40.56444977806434
1800 38.73557871957527
1860 37.12160567523206
1920 35.69727946274415
1980 34.44031599195351
2040 33.3310496223188
2100 32.352125486974906
2160 31.488227969668614
2220 30.72584108649529
2280 30.053037023523707
2340 29.459289521904957
2400 28.935309190809065
2460 28.472898171601692
2520 28.064821879430195
2580 27.704695815570645
2640 27.386885679674613
2700 27.10641921913637
2760 26.85890843643251
2820 26.64048093734006
2880 26.44771934595168
2940 26.277607838614152
3000 26.12748496029479
3060 25.995001985170866
3120 25.878086169978815
3180 25.774908325208674
3240 25.68385419678367
3300 25.603499210481065
3360 25.53258618396179
