0 20.0
60 26.213067673117852
120 30.882046949806018
180 34.39067885807625
240 37.02733606690074
300 39.0087240889556
360 40.49769219630119
420 41.61661791908468
480 42.45746519239433
540 43.0893428252308
600 43.56418451830957
660 43.921017268463686
720 44.18916897763011
780 44.39067889816801
840 44.54210902778165
900 44.65590533167374
960 44.65590533167374
1020 42.34627557269812
1080 40.308034464284916
1140 38.50929299938967
1200 36.92190922806914
1260 35.521047966665726
1320 34.28479224252646
1380 33.19380039517108
1440 32.23100346913491
1500 31.381338164090025
1560 30.63151116415431
1620 29.96979115923675
1680 29.38582530451874
1740 28.870477246514927
1800 28.415684181573575
1860 28.01433071044588
1920 27.66013751533411
1980 27.347563117731436
2040 27.071717180019828
2100 26.82828399439879
2160 26.613454962101926
2220 26.423869006514693
2280 26.25655998793542
2340 26.108910297264746
2400 25.978609902580303
2460 25.86362020786573
2520 25.76214215845097
2580 25.67258809416212
2640 25.593556909813348
2700 25.523812134417962
