0 20.0
1 26.213067673117852
2 30.882046949806018
3 34.39067885807625
4 37.02733606690074
5 39.0087240889556
6 40.49769219630119
7 41.61661791908468
8 42.45746519239433
9 43.0893428252308
10 43.0893428252308
11 40.96378901305706
12 39.08799435753685
13 37.43261138415552
14 35.97174103755523
15 34.68252748160279
16 33.54480051170468
17 32.540759984782646
18 31.654697329704547
19 30.87274978110224
20 30.182683491477086
21 29.573702128304845
22 29.0362779615736
23 28.562002799059165
24 28.143456437167373
25 27.774090569209815
26 27.4481263348168
27 27.160463907611604
28 26.90660270661305
29 26.682570983045423
30 26.484863680916305
31 26.310387599168997
32 26.156412997451906
33 26.020530888359875
34 25.900615347969495
35 25.794790255003228
36 25.70139993824477
37 25.618983272974035
38 25.54625082115126
39 25.482064657700278
